static/data/gfs.t00z.pgrb2.1p00.f18.json
{"header": {"discipline":0,"disciplineName":"Meteorological products","gribEdition":2,"gribLength":80498,"center":7,"centerName":"US National Weather Service - NCEP(WMC)","subcenter":0,"refTime":"2019-06-20T00:00:00.000Z","significanceOfRT":1,"significanceOfRTName":"Start of forecast","productStatus":0,"productStatusName":"Operational products","productType":1,"productTypeName":"Forecast products","productDefinitionTemplate":0,"productDefinitionTemplateName":"Analysis/forecast at horizontal level/layer at a point in time","parameterCategory":2,"parameterCategoryName":"Momentum","parameterNumber":2,"parameterNumberName":"U-component_of_wind","parameterUnit":"m.s-1","genProcessType":2,"genProcessTypeName":"Forecast","forecastTime":27,"surface1Type":100,"surface1TypeName":"Isobaric surface","surface1Value":100000.0,"surface2Type":255,"surface2TypeName":"Missing","surface2Value":0.0,"gridDefinitionTemplate":0,"gridDefinitionTemplateName":"Latitude_Longitude","numberPoints":65160,"shape":6,"shapeName":"Earth spherical with radius of 6,371,229.0 m","gridUnits":"degrees","resolution":48,"winds":"true","scanMode":0,"nx":360,"ny":181,"basicAngle":0,"lo1":0.0,"la1":90.0,"lo2":359.0,"la2":-90.0,"dx":1.0,"dy":1.0}, "data":
[rows 104 to 129 of 181, columns 232 to 289 of 360]
-9.832549,-10.042549,-9.442549,-10.262548,-9.242549,-9.012548,-9.242549,-8.942549,-7.9625487,-8.062549,-8.622549,-7.882549,-8.032549,-8.902549,-6.3325486,-5.742549,-6.652549,-6.7725487,-6.742549,-6.282549,-5.702549,-6.432549,-6.362549,-6.152549,-6.7125487,-6.7725487,-6.722549,-6.2525487,-6.342549,-6.2725487,-6.112549,-6.2725487,-5.7125487,-6.612549,-5.652549,-6.182549,-5.6925488,-4.9825487,-4.992549,-4.3525486,-4.632549,-4.952549,-5.592549,-6.4425488,-6.182549,-6.402549,-7.432549,-7.342549,-6.782549,-5.7125487,-5.552549,-4.3525486,-0.11254883,-2.0925488,-0.6425488,-1.0325488,-0.42254883,-1.0025488
-9.772549,-10.192549,-10.652549,-10.962549,-11.572549,-10.012548,-9.212549,-8.702549,-8.232549,-7.3125486,-7.052549,-7.762549,-7.3325486,-7.382549,-8.2225485,-8.672549,-7.5025487,-6.622549,-6.932549,-6.3125486,-6.402549,-6.5425487,-5.322549,-5.782549,-5.992549,-6.2925487,-6.182549,-6.3125486,-5.9625487,-5.6925488,-5.372549,-5.7725487,-5.7325487,-6.0425487,-6.202549,-5.5425487,-5.782549,-5.092549,-5.242549,-4.2325487,-4.152549,-4.342549,-5.0225487,-5.322549,-6.1925488,-5.822549,-6.172549,-6.622549,-6.8125486,-6.0025487,-5.0825486,-5.612549,-5.2325487,-0.32254884,-1.9125488,-0.6425488,0.16745117,-1.9725488
-9.512548,-10.2225485,-10.522549,-10.542549,-10.402549,-8.6825485,-9.102549,-8.702549,-8.352549,-8.462549,-7.902549,-8.442549,-7.152549,-6.0425487,-5.4625487,-7.0025487,-7.7725487,-8.282549,-7.172549,-7.722549,-8.042549,-5.9425488,-5.152549,-5.422549,-7.112549,-6.7725487,-5.742549,-5.392549,-5.682549,-5.842549,-6.012549,-5.8525486,-5.132549,-5.2125487,-5.492549,-4.8525486,-5.372549,-5.842549,-4.842549,-4.4425488,-4.2125487,-4.512549,-4.382549,-5.112549,-5.472549,-5.612549,-5.5425487,-6.2325487,-6.472549,-6.202549,-5.652549,-5.422549,-5.8125486,-5.472549,-1.3625488,-1.0225488,-0.16254883,-2.522549
-10.412549,-10.2225485,-10.312549,-9.702549,-8.6825485,-9.312549,-9.342548,-8.382549,-7.3325486,-7.702549,-8.262548,-7.2725487,-6.8525486,-7.932549,-7.8125486,-6.2525487,-6.012549,-6.862549,-6.5425487,-6.672549,-7.032549,-7.7325487,-6.162549,-5.152549,-4.5225487,-4.572549,-4.282549,-3.5725489,-3.792549,-4.6025486,-4.992549,-5.3525486,-5.012549,-5.072549,-5.032549,-5.902549,-5.302549,-5.142549,-4.5425487,-4.5625486,-4.412549,-4.182549,-4.2925487,-4.8125486,-4.8125486,-5.2725487,-5.512549,-5.612549,-5.822549,-5.9825487,-6.392549,-5.132549,-4.682549,-5.702549,-4.702549,-2.8125489,-2.1825488,-0.6325488
-10.502549,-10.9325485,-10.152549,-9.652549,-10.892549,-9.672549,-8.6825485,-10.272549,-10.662549,-9.452549,-7.2325487,-5.632549,-6.172549,-5.8125486,-6.672549,-7.532549,-7.702549,-7.8525486,-7.492549,-7.162549,-6.162549,-5.632549,-5.222549,-5.3325486,-6.092549,-6.012549,-2.6625488,-0.32254884,-1.8525488,-2.6625488,-3.262549,-3.5725489,-4.0825486,-4.032549,-3.9125488,-4.922549,-5.802549,-6.092549,-5.132549,-4.9425488,-4.532549,-3.7325487,-3.8125489,-4.452549,-4.552549,-5.142549,-4.842549,-5.5225487,-5.7725487,-5.2525487,-5.5225487,-5.742549,-4.492549,-3.5725489,-3.8725488,-3.032549,-2.1625488,-1.4625489
-11.732549,-11.792549,-11.212549,-10.732549,-7.3325486,-8.532549,-8.872549,-9.612549,-8.452549,-5.6025486,-5.782549,-4.162549,-4.702549,-6.452549,-7.3325486,-6.0425487,-5.0625486,-5.7325487,-4.722549,-4.282549,-2.7325487,-1.8325489,-1.8825488,-2.4725487,-3.512549,-4.3325486,-4.6025486,-5.5025487,-2.002549,-1.0925488,-1.0725489,-0.8825488,-2.1225488,-2.8825488,-2.6825488,-3.3625488,-3.6525488,-4.6025486,-5.572549,-5.392549,-4.7725487,-3.6325488,-3.2325487,-4.2725487,-4.2725487,-4.512549,-4.872549,-4.992549,-4.872549,-4.882549,-4.592549,-4.652549,-4.722549,-3.792549,-3.4125488,-2.3125489,-1.5725489,-1.4225488
-9.632549,-10.202549,-10.482549,-9.302548,-9.922549,-10.332549,-9.6825485,-8.462549,-7.902549,-7.652549,-7.342549,-7.802549,-7.5225487,-6.0825486,-6.172549,-3.9525487,-4.5025487,-4.552549,-3.4825487,-1.7825488,-2.1925488,-0.24254882,-2.4525487,-1.7125489,-0.65254885,-1.6825489,-1.6425488,-2.532549,-4.1025486,-4.8325486,-5.422549,-0.08254883,1.2274512,0.59745115,-0.78254884,-1.7725488,-2.3625488,-2.2225487,-3.1525488,-4.412549,-4.8325486,-4.622549,-3.1425488,-3.1425488,-4.242549,-3.8125489,-3.752549,-4.3125486,-4.512549,-4.672549,-4.302549,-3.9225488,-4.0225487,-3.8825488,-2.7025487,-1.8025489,-0.96254885,-1.3025489
-9.312549,-10.372549,-10.142549,-9.242549,-8.7225485,-8.892549,-9.082549,-9.952549,-8.662549,-7.782549,-6.472549,-6.2725487,-5.142549,-4.552549,-3.8325489,-4.242549,-3.6425488,-3.6725488,-2.9425488,-1.4025488,-2.302549,-0.79254884,-0.37254882,0.027451172,0.57745117,1.1374512,0.48745117,0.8674512,-0.9325488,-2.2125487,-2.8625488,-3.7025487,-4.2925487,-2.3925488,3.6374512,-0.06254883,-0.37254882,-1.1625488,-1.8625488,-2.292549,-2.7225487,-3.8125489,-3.992549,-2.4225488,-2.6325488,-3.6325488,-3.6325488,-3.262549,-3.532549,-4.012549,-4.032549,-3.5925488,-3.3725488,-2.992549,-2.492549,-1.6725488,-1.8525488,-1.0925488
-11.922549,-11.302548,-10.402549,-8.6825485,-8.072549,-8.192549,-8.312549,-9.052548,-6.572549,-5.552549,-6.552549,-5.992549,-5.5625486,-3.7225487,-2.1225488,-1.1925489,-0.97254884,-1.9425489,0.37745118,0.65745115,0.91745114,1.3974512,1.2474512,2.947451,2.4274511,2.1174512,2.1274512,1.0074512,1.4174511,0.8574512,-1.1225488,-1.7925488,-1.9125488,-2.4725487,-3.4825487,-0.19254883,2.477451,0.83745116,-0.08254883,-0.48254883,-0.5125488,-1.7025489,-2.8225489,-3.4825487,-3.3125489,-2.4425488,-3.6925488,-3.4725487,-2.6025488,-3.4625487,-3.792549,-3.022549,-2.3125489,-1.9925488,-1.6425488,-1.7825488,-1.4025488,-0.5025488
-10.162549,-9.282549,-8.782549,-8.042549,-7.492549,-8.192549,-5.7525487,-6.392549,-5.992549,-6.932549,-5.0025487,-5.2125487,-3.8225489,-3.2225487,-1.3325489,-0.07254883,-0.52254885,1.4974512,2.997451,5.3974514,4.327451,3.3874512,4.827451,4.127451,4.6474514,3.3774512,3.0574512,3.197451,3.1874511,2.8274512,2.217451,0.8874512,0.53745115,0.72745115,-0.8225488,-1.8725488,-1.9625489,0.42745116,2.2774513,1.7674512,1.2174512,0.07745117,-1.5725489,-2.1125488,-2.7225487,-2.5725489,-3.1325488,-3.1025488,-2.9625487,-2.282549,-2.3325489,-2.8525488,-1.5425488,-0.84254885,-1.3625488,-1.4925488,-1.3825488,0.14745118
-9.812549,-9.042549,-8.342548,-8.422549,-6.372549,-7.402549,-6.8525486,-6.3325486,-4.3325486,-4.8325486,-5.7725487,-6.572549,-5.912549,-3.8925488,-1.5125488,-3.1825488,-0.6125488,-0.17254883,2.0574512,4.377451,6.3074512,6.4774513,5.697451,6.2074513,5.3074512,6.007451,4.4574513,4.1674514,4.7674513,2.3274512,2.737451,3.0774512,2.197451,3.007451,1.2174512,1.3674512,-1.7325488,-1.4325489,-1.8625488,2.3974512,2.8274512,1.7274512,1.0174512,0.17745118,-1.9825488,-2.1925488,-1.7425488,-2.6925488,-2.6925488,-2.282549,-2.0825489,-2.0825489,-1.5825489,-0.7425488,-0.6425488,-1.6025488,-0.8725488,0.4974512
-8.9325485,-9.622549,-9.552548,-7.7125487,-9.162549,-6.472549,-7.872549,-6.702549,-6.662549,-5.802549,-5.5025487,-4.152549,-4.0425487,-2.292549,-1.3725488,-0.8125488,0.9874512,1.9574512,3.1574512,2.8774512,1.2674512,1.7774512,4.7074513,7.2074513,7.7474513,5.317451,6.617451,6.347451,5.387451,5.427451,4.7074513,4.1674514,3.3774512,3.507451,3.0774512,1.5674511,1.2974511,-0.002548828,-0.66254884,-3.3625488,-3.2325487,2.1074512,2.6274512,1.6674511,1.1274512,-0.7025488,-1.0025488,-2.272549,-2.3525488,-2.272549,-2.1525488,-1.8025489,-1.5125488,-0.9525488,0.087451175,-0.96254885,-0.11254883,-0.21254882
-8.202549,-6.872549,-7.0425487,-7.632549,-6.7725487,-8.672549,-8.592548,-7.2525487,-4.422549,-3.6825488,-4.362549,-3.292549,-2.1125488,-0.48254883,0.10745117,0.76745117,1.8974512,3.257451,4.217451,4.257451,3.757451,5.1674514,5.2674513,4.527451,4.237451,4.337451,7.297451,5.9174514,7.637451,6.5574512,6.1474514,5.907451,4.737451,3.977451,3.497451,2.457451,2.0574512,1.2474512,1.7174512,0.36745116,-0.8825488,-0.8025488,4.877451,3.467451,2.707451,0.8674512,0.31745118,-1.0125488,-1.5325488,-1.8125489,-1.9325489,-1.6925489,-1.3125489,-0.9525488,-0.60254884,0.12745117,-0.34254882,-1.5425488
-8.712549,-8.592548,-8.172549,-7.472549,-6.902549,-6.2525487,-6.122549,-5.8525486,-5.282549,-4.1025486,-2.9725487,-3.3125489,-1.7425488,-0.40254882,0.41745117,1.9074512,2.9374511,3.6674511,4.817451,5.357451,4.6474514,5.1874514,5.0374513,5.107451,5.547451,6.567451,6.837451,7.6674514,8.287451,8.787451,8.507451,7.9174514,5.7074513,5.217451,5.607451,4.3074512,3.6374512,3.7674513,2.8074512,2.007451,2.0974512,1.2974511,-0.48254883,5.1674514,4.277451,3.477451,1.5674511,0.42745116,-0.59254885,-0.96254885,-1.6425488,-1.1425488,-1.4325489,-0.90254885,-1.2125489,-0.35254884,-0.28254882,0.087451175
-7.8125486,-9.192549,-7.512549,-6.0625486,-8.942549,-6.9425488,-6.802549,-4.2325487,-3.4425488,-3.4325488,-1.6125488,1.0974512,0.8674512,1.1974511,2.487451,2.6174512,3.3774512,5.027451,3.8374512,5.027451,7.027451,6.657451,6.907451,7.117451,9.0274515,7.8074512,8.117451,7.867451,7.857451,9.687451,8.547451,7.697451,6.757451,5.107451,5.4574513,5.607451,4.837451,5.3074512,4.297451,3.8174512,3.507451,3.207451,2.8674512,1.5674511,2.3174512,5.327451,3.6174512,1.9374511,0.83745116,-0.15254883,-0.9325488,-0.8625488,-0.72254884,-1.0525489,-0.6225488,-0.84254885,0.43745118,-1.2825488
-7.362549,-8.532549,-9.4725485,-8.332549,-6.4425488,-5.882549,-5.392549,-5.052549,-1.6325488,-3.2325487,-2.8125489,-2.292549,-2.6325488,0.43745118,1.6674511,3.1774511,2.947451,3.6874511,4.487451,3.947451,7.217451,8.887451,7.4574513,7.797451,10.437451,9.597451,8.327451,6.507451,5.327451,4.5174513,3.4274511,3.8374512,8.337451,7.1474514,6.2474513,6.877451,6.6674514,6.817451,6.7674513,6.107451,5.427451,4.447451,3.9174511,4.527451,2.9174511,5.617451,4.877451,3.237451,2.727451,1.8174511,0.48745117,-0.27254882,-0.27254882,-0.27254882,-0.34254882,-0.7025488,1.3074511,0.12745117
-9.232549,-9.602549,-7.262549,-6.622549,-6.1925488,-5.402549,-4.5425487,-2.3625488,-3.3125489,-2.3225489,-3.6125488,-2.292549,-0.11254883,1.8874512,2.237451,0.82745117,1.3774512,2.0974512,4.117451,5.6874514,6.317451,5.657451,6.1674514,7.117451,7.277451,6.737451,5.817451,7.257451,6.857451,6.137451,5.4974513,5.797451,6.337451,6.7874513,6.357451,8.607451,8.207451,7.797451,7.857451,7.257451,6.8974514,6.337451,5.6674514,5.1674514,5.0174513,3.957451,5.2274513,5.587451,4.637451,3.0674512,1.9974512,0.84745115,-0.022548828,0.39745116,-0.002548828,0.40745118,0.53745115,-0.46254882
-7.5625486,-5.8325486,-6.702549,-6.2925487,-5.182549,-4.822549,-2.9125488,-1.9825488,-2.3625488,-2.8225489,-1.3525488,-0.6825488,0.16745117,-0.54254884,0.7374512,0.48745117,0.21745117,2.7674513,3.0374513,3.987451,5.277451,3.957451,5.757451,7.067451,8.237452,6.7074513,7.407451,8.457451,6.587451,7.947451,8.497451,8.997451,8.3174515,7.797451,8.427451,9.097451,9.917451,10.087451,9.947452,9.437451,8.157452,7.817451,7.077451,6.817451,5.587451,6.067451,6.157451,7.877451,6.297451,3.8974512,3.1174512,2.4374511,0.47745118,0.77745116,0.44745117,1.0574511,0.65745115,1.1974511
-6.342549,-6.382549,-5.2925487,-5.652549,-5.382549,-2.9725487,-3.762549,-3.272549,-1.0525489,-1.8925488,-1.2925488,-1.1425488,-0.5025488,0.48745117,0.5474512,1.9674512,1.5574511,2.3474512,2.757451,4.2074513,4.067451,5.157451,6.7474513,7.097451,8.117451,8.447452,4.9974513,7.367451,7.9774513,7.7274513,8.047451,8.8174515,8.617451,8.357451,8.847451,9.077451,9.437451,9.587451,10.237452,10.237452,10.217451,9.2774515,8.267451,7.5174513,7.9374514,6.577451,7.757451,5.0174513,7.027451,4.847451,3.947451,3.3374512,1.8374512,1.3074511,1.1074512,0.41745117,2.717451,0.29745117
-5.9625487,-5.4425488,-5.172549,-4.0225487,-3.4225488,-2.8725488,-3.302549,-0.42254883,-2.3625488,-1.2925488,-0.45254883,0.38745117,0.6774512,0.23745117,-0.58254886,-0.07254883,0.13745117,1.9374511,2.007451,2.3074512,2.467451,3.957451,4.277451,7.0174513,5.967451,7.3074512,8.907452,6.927451,8.827451,8.477451,7.677451,8.097451,8.057451,8.387451,9.757451,9.237452,10.037451,10.017451,9.937451,9.727451,10.0674515,10.477451,10.297451,9.557451,8.3174515,8.877451,7.7074513,6.9574513,6.8074512,6.927451,4.107451,3.727451,3.3574512,1.3174511,1.6174512,0.017451173,-0.002548828,1.5774512
-5.0425487,-5.372549,-4.072549,-2.1025488,-2.0925488,-1.4525489,-0.07254883,0.34745118,-1.3525488,-0.60254884,-0.6225488,0.36745116,0.64745116,0.7574512,0.83745116,0.83745116,0.70745116,0.7474512,0.44745117,1.9974512,2.1874511,2.1074512,3.717451,6.347451,5.067451,1.4474511,1.8874512,3.747451,4.797451,5.967451,7.847451,8.127451,9.077451,9.367451,10.377451,10.537451,10.647451,11.507451,11.767451,11.127451,10.857451,9.847451,11.007451,11.937451,10.717451,9.737452,9.607451,7.9574513,6.947451,6.577451,4.7274513,4.1674514,4.0174513,1.8274512,2.247451,0.7374512,-1.8725488,-0.41254884
-3.9025488,-3.8325489,-2.3125489,-2.1225488,-0.6225488,-0.15254883,0.8874512,-3.242549,-0.7425488,-0.32254884,-0.48254883,0.39745116,0.5674512,1.0674511,1.0374511,0.8174512,1.7274512,1.8674512,2.6574512,2.2974513,1.1474512,2.1074512,3.2774513,3.8074512,4.117451,6.5574512,4.7274513,4.0174513,5.077451,7.447451,8.677451,9.127451,10.337451,10.207451,10.797451,11.507451,11.737452,12.227451,12.877451,13.487452,12.147451,11.767451,13.247451,13.907452,11.7774515,10.347451,11.407452,8.247451,7.4174514,6.197451,6.817451,4.377451,4.337451,2.0374513,1.7274512,1.2474512,-0.21254882,-0.28254882
-2.532549,-2.4825487,-0.84254885,-0.08254883,1.3774512,0.7474512,1.7474512,-1.0925488,-1.4125488,-0.122548826,0.21745117,1.1774511,0.71745116,1.0174512,1.6474512,1.3074511,1.6074512,2.0374513,2.5574512,2.247451,3.1074512,3.697451,2.967451,2.2874513,2.2974513,3.5374513,5.2474513,6.797451,6.357451,6.7274513,8.787451,10.787451,11.577451,11.187451,11.407452,12.827451,13.387451,14.007451,13.427451,12.447452,12.977451,13.977451,12.427451,12.217451,11.867451,11.797451,9.827451,8.297451,7.387451,6.1674514,6.757451,4.9374514,3.947451,1.3574512,0.89745116,0.96745116,0.53745115,-1.2825488
-1.9725488,0.27745116,0.90745115,1.5074512,2.5774512,3.5774512,2.0374513,-0.59254885,0.14745118,1.5574511,1.8574512,1.2274512,1.5074512,1.5274512,1.0274512,0.9874512,0.9474512,1.3774512,2.4374511,2.1374512,2.1174512,2.8774512,-0.34254882,-1.2625488,0.9974512,2.4274511,2.5674512,4.0174513,6.527451,7.597451,9.417451,10.157452,11.407452,10.947452,10.887451,11.587451,13.597451,13.637451,14.487452,14.147451,13.507451,13.247451,12.8174515,12.507451,11.857451,11.447452,10.597451,10.137451,7.127451,6.177451,6.847451,6.127451,3.697451,0.36745116,0.11745117,0.20745116,-0.18254882,3.6574512
0.70745116,3.5574512,2.9374511,4.3074512,4.337451,5.2074513,2.5174513,1.4974512,0.83745116,1.9774512,1.9774512,2.1174512,1.9174511,1.9674512,1.1674511,1.3074511,1.8474512,1.6574512,1.3074511,0.9874512,1.8274512,1.7574512,0.9874512,2.0974512,2.8874512,3.1074512,4.597451,5.297451,6.2274513,6.877451,7.7474513,9.447452,10.927451,12.2774515,12.637451,13.807451,14.987452,15.677451,16.077452,15.137451,13.697452,14.187451,13.667451,12.727451,11.867451,11.787451,10.447452,9.677451,8.237452,6.777451,5.717451,5.927451,3.7674513,0.45745116,-0.49254882,-0.6125488,-1.5925488,4.567451
1.6374512,5.577451,5.0374513,5.2474513,4.467451,5.7874513,5.527451,5.617451,3.9374511,2.5674512,3.237451,2.5274513,2.1074512,2.6174512,2.237451,2.217451,2.3174512,2.0974512,1.6274512,1.8674512,2.4374511,2.207451,2.707451,3.4174511,2.8674512,2.5874512,4.547451,5.587451,6.237451,7.6874514,8.577451,10.267451,11.417451,13.147451,14.447452,15.077451,15.717451,16.487452,16.44745,16.43745,15.577451,14.177451,14.247451,12.707451,11.427451,10.917451,10.177451,9.627451,9.647451,7.087451,6.337451,6.127451,4.6674514,2.207451,0.8174512,-1.7425488,-1.7125489,2.967451
