static/data/gfs.t00z.pgrb2.1p00.f16.json
{"header": {"discipline":0,"disciplineName":"Meteorological products","gribEdition":2,"gribLength":81395,"center":7,"centerName":"US National Weather Service - NCEP(WMC)","subcenter":0,"refTime":"2019-06-20T00:00:00.000Z","significanceOfRT":1,"significanceOfRTName":"Start of forecast","productStatus":0,"productStatusName":"Operational products","productType":1,"productTypeName":"Forecast products","productDefinitionTemplate":0,"productDefinitionTemplateName":"Analysis/forecast at horizontal level/layer at a point in time","parameterCategory":2,"parameterCategoryName":"Momentum","parameterNumber":3,"parameterNumberName":"V-component_of_wind","parameterUnit":"m.s-1","genProcessType":2,"genProcessTypeName":"Forecast","forecastTime":24,"surface1Type":100,"surface1TypeName":"Isobaric surface","surface1Value":100000.0,"surface2Type":255,"surface2TypeName":"Missing","surface2Value":0.0,"gridDefinitionTemplate":0,"gridDefinitionTemplateName":"Latitude_Longitude","numberPoints":65160,"shape":6,"shapeName":"Earth spherical with radius of 6,371,229.0 m","gridUnits":"degrees","resolution":48,"winds":"true","scanMode":0,"nx":360,"ny":181,"basicAngle":0,"lo1":0.0,"la1":90.0,"lo2":359.0,"la2":-90.0,"dx":1.0,"dy":1.0}, "data":
[rows 104 to 129 of 181, columns 236 to 294 of 360]
4.417949,4.6779494,4.4879494,5.727949,5.957949,5.6079493,4.7979493,5.117949,6.097949,5.3379493,0.8479492,0.10794922,-0.4620508,-0.5120508,-0.5920508,-0.0020507812,-0.62205076,-0.23205078,0.4979492,1.7979492,1.7779492,2.4179492,3.5279493,3.8479493,3.0879493,3.0479493,3.6179492,2.6279492,4.2179494,3.3279493,4.097949,3.2979493,4.1979494,4.647949,5.0479493,5.167949,5.667949,5.787949,6.577949,6.2579494,6.917949,7.137949,6.917949,7.1579494,7.207949,6.747949,6.4279494,6.7579494,0.02794922,0.38794923,-2.1820507,-1.5520508,-1.9920508,-0.7720508,0.69794923,0.81794924,1.1779492,2.2179492,2.3279493
2.1379492,2.6979492,3.5879493,4.437949,4.957949,5.7379494,6.267949,6.4079494,5.9679494,6.117949,6.0679493,5.5279493,0.16794921,0.9679492,1.0579492,1.0479492,1.2579492,0.7679492,0.7179492,0.6079492,0.4679492,0.25794923,1.0779492,2.4679492,3.2079492,3.507949,3.267949,2.1279492,2.4379492,2.8679492,3.8879492,4.457949,4.6579494,4.117949,4.377949,4.617949,5.347949,5.9279494,6.3179493,6.537949,6.377949,6.367949,6.787949,6.097949,6.2779493,5.887949,5.957949,6.6779494,5.5479493,1.4579492,-1.1820508,-2.0820508,-1.8520508,-1.2320508,1.4279492,-0.42205077,-0.09205078,1.7079492,1.8679492
5.7579494,5.387949,4.9679494,5.117949,4.4879494,5.617949,4.0879493,4.707949,4.687949,5.0079494,5.187949,5.6079493,5.5879493,5.0079494,3.9679492,3.9879491,2.6379492,1.0679492,1.2579492,2.0479493,2.517949,0.8279492,1.9079492,1.6379492,1.7879492,2.9079492,2.6979492,2.1679492,2.6479492,1.9079492,1.6279492,2.6079493,3.7279491,3.8379493,3.8879492,4.477949,4.6979494,4.9679494,5.4879494,6.097949,6.077949,6.387949,6.387949,6.377949,5.647949,4.997949,4.6579494,3.5479493,4.687949,5.0079494,2.017949,-1.6120508,0.02794922,-0.75205076,0.3779492,-3.2720509,0.22794922,0.33794922,0.7179492
3.8179493,4.2579494,5.287949,3.4279492,4.127949,5.287949,7.017949,5.327949,4.9079494,5.557949,5.0279493,3.6479492,4.3579493,4.7579494,5.167949,6.227949,5.477949,5.8579493,3.9179492,0.5879492,1.8479493,2.0379493,1.6279492,1.3679492,1.4079492,1.3279492,2.1879492,2.4379492,1.2979492,2.2179492,1.0779492,1.7879492,2.4879491,2.8979492,3.8979492,3.9879491,4.387949,4.637949,5.017949,5.617949,5.897949,5.957949,6.347949,6.1079493,5.8379493,5.5879493,4.877949,3.6079493,3.1279492,2.8979492,2.0779493,1.3379493,0.6079492,-1.5620508,-2.2520509,-3.5920508,-0.35205078,-1.5320507,-0.16205078
3.767949,3.9079492,2.0679493,3.0979493,4.727949,4.307949,4.9479494,6.667949,6.097949,3.6879492,4.347949,4.977949,5.6079493,4.8579493,4.617949,4.5279493,4.307949,5.4879494,6.9079494,6.127949,5.557949,4.8579493,0.81794924,0.7179492,-0.7120508,-0.2820508,0.5479492,1.3279492,2.0279493,1.4079492,0.14794922,2.257949,3.4279492,1.4479492,2.9679492,3.9479492,3.4179492,3.5579493,4.787949,5.327949,5.8179493,5.477949,5.647949,5.8579493,5.637949,5.147949,4.8579493,3.9279492,2.3879492,2.0679493,1.2479492,1.9979492,0.9279492,-0.15205078,1.5579492,-0.8920508,-0.20205078,-0.55205077,1.2779492
3.6179492,4.6979494,4.5279493,3.5679493,5.017949,5.057949,5.017949,3.9779491,5.767949,6.457949,5.627949,4.437949,5.077949,5.367949,4.9679494,5.1579494,4.747949,4.4479494,5.377949,4.637949,5.307949,6.057949,6.557949,5.9679494,-2.5120509,-0.9720508,-1.3420508,-0.69205076,0.42794922,1.4979492,1.7079492,1.4879493,0.8479492,1.7679492,1.7079492,3.017949,3.5979493,3.8879492,4.057949,4.977949,5.247949,5.5279493,5.827949,5.6579494,5.9079494,5.1579494,4.917949,4.6579494,3.1679492,2.007949,2.0579493,2.2779493,1.9379492,1.6979492,-0.26205078,-0.09205078,3.4979491,0.06794922,-0.8620508
4.5279493,5.867949,4.077949,3.9579492,5.0479493,5.2179494,2.5979493,4.1979494,4.117949,5.037949,6.227949,5.4279494,1.8279492,3.2779493,3.8479493,4.097949,2.7779493,3.8579493,3.6879492,2.3679492,3.3879492,4.147949,4.4079494,4.4279494,5.307949,6.037949,1.3679492,-1.8020508,-1.1820508,-0.99205077,-0.14205079,1.1079493,0.69794923,0.81794924,1.9579492,1.7279493,3.6179492,4.4079494,3.3179493,4.3179493,4.897949,5.4279494,5.117949,5.627949,5.827949,5.7179494,5.3379493,5.127949,4.5079494,2.6879492,2.4879491,1.9179492,1.8479493,1.2579492,-0.32205078,0.8879492,-0.18205078,1.6279492,-0.3420508
4.267949,4.867949,6.497949,5.627949,5.367949,6.307949,6.367949,6.2779493,6.127949,6.6779494,6.3379493,8.187949,1.6679492,2.757949,3.1379492,3.6279492,1.6179492,1.8079492,2.8279493,2.8479493,2.4779491,2.4779491,1.5779492,2.3979492,3.1279492,3.3579493,4.477949,5.397949,5.037949,-4.312051,-1.8820508,-1.1820508,-1.0820508,0.21794921,1.1779492,0.6779492,1.8679492,1.7379493,3.9779491,3.6779492,4.377949,5.3579493,5.647949,5.5679493,5.767949,5.9479494,5.6979494,5.887949,4.807949,4.1979494,2.3679492,1.7479492,1.6179492,0.4979492,-0.2520508,1.7979492,-2.6320508,-1.6420507,-0.8420508
4.2579494,3.8879492,5.167949,5.347949,6.187949,6.387949,6.517949,6.3179493,6.9479494,6.517949,7.117949,7.187949,6.827949,2.7279491,2.757949,2.7879493,2.517949,2.1179492,0.45794922,2.1879492,0.9579492,0.45794922,2.2279491,1.9579492,1.9379492,2.267949,1.9079492,1.9079492,3.3279493,4.5479493,4.387949,-2.1520507,-1.8820508,-0.7120508,-0.27205077,-0.3420508,0.69794923,2.1579492,1.7379493,3.4279492,4.077949,4.827949,5.827949,5.7579494,5.6079493,5.877949,6.2179494,6.1579494,5.5679493,4.3379493,2.4979491,1.3479493,1.1279492,1.0879493,0.3779492,-0.30205077,0.93794924,-0.6120508,-1.9620508
4.7979493,4.127949,4.767949,6.637949,5.3579493,6.2179494,4.7979493,6.1779494,5.8579493,6.6979494,5.6079493,6.627949,4.917949,5.207949,4.977949,1.7679492,0.30794922,0.22794922,2.8479493,0.56794924,1.9679493,-0.3120508,0.62794924,0.47794923,0.39794922,0.48794922,0.26794922,1.7579492,1.4779493,1.5879493,2.7179492,4.2379494,3.2179492,0.7079492,-0.7920508,-2.3620508,-0.6720508,-0.2820508,-0.17205077,1.5279492,3.4879491,4.497949,5.1079493,5.3379493,5.1779494,5.307949,5.617949,5.747949,5.167949,4.2779493,2.8679492,1.6679492,0.6379492,-0.33205077,0.25794923,0.33794922,-1.2020508,-1.7120508,1.2979492
1.9779493,3.8379493,3.9079492,4.637949,5.2179494,5.287949,6.5079494,5.9279494,5.097949,5.9479494,5.937949,4.557949,5.3579493,4.2779493,7.227949,2.517949,1.0579492,0.23794922,0.56794924,1.9479492,-0.5320508,0.61794925,-0.19205078,0.09794922,0.02794922,-0.75205076,-0.4720508,-0.50205076,0.94794923,0.41794923,0.8579492,0.74794924,2.7379491,2.7079492,4.827949,-2.2620509,-3.1520507,-2.3920507,-0.2820508,0.16794921,1.7079492,4.1779494,5.097949,5.4679494,5.9079494,6.077949,5.6779494,5.4079494,5.9479494,4.5879493,2.4079492,0.68794924,-0.2520508,-2.1320508,0.7779492,0.8279492,0.38794923,-0.6120508,-1.4920508
5.167949,2.5579493,3.0479493,3.5679493,4.137949,4.0479493,6.5679493,7.347949,7.417949,7.457949,7.1979494,8.527949,7.707949,7.6579494,8.277949,7.9279494,1.7279493,0.87794924,0.7279492,1.6679492,-1.3120508,-0.6720508,-1.0520508,-0.75205076,-1.3420508,0.81794924,-0.6420508,-0.87205076,-0.8520508,0.68794924,-0.6620508,-0.13205078,0.22794922,0.9179492,2.3279493,3.8179493,0.8579492,-3.3820508,-2.1020508,-0.32205078,0.7179492,2.267949,3.8879492,5.2979493,5.707949,6.0079494,6.137949,6.4879494,4.877949,5.387949,2.1279492,-1.1120508,-1.2420508,-1.8420508,-4.402051,2.8579493,-0.38205078,-2.9220507,0.23794922
3.3579493,5.6779494,3.2079492,3.7279491,5.537949,6.2579494,6.887949,7.147949,7.057949,6.997949,7.6579494,8.767949,8.74795,8.047949,7.387949,6.497949,7.5079494,6.037949,6.807949,5.6079493,3.6779492,0.29794922,0.12794922,-1.6320508,-0.9620508,-0.17205077,-1.4420508,-2.8720508,-2.4520507,-1.8820508,-1.1220508,-0.8920508,-0.39205077,0.9879492,0.38794923,2.1579492,4.017949,4.8379493,-4.5120506,-3.0520508,-1.7520508,0.7279492,2.3079493,4.0679493,5.0479493,5.5879493,6.0479493,6.1079493,5.727949,4.9279494,3.2279491,-2.0220509,-3.0420508,-3.3120508,0.13794921,-3.2920508,0.15794922,-2.4220507,-0.6620508
4.877949,5.787949,5.637949,5.6779494,5.5079494,6.077949,7.437949,7.977949,8.387949,8.567949,8.647949,8.467949,7.9279494,7.887949,7.437949,6.127949,5.877949,5.557949,4.2779493,4.307949,4.667949,4.0279493,1.4779493,-0.45205078,-1.3420508,-1.4420508,-1.1720508,-2.5720508,-2.2620509,-2.6120508,-2.732051,-2.2620509,-0.81205076,-0.24205078,0.14794922,1.0179492,0.8479492,3.1379492,3.6779492,-5.2020507,-3.6820507,-1.6320508,1.0379492,2.3579493,4.097949,5.097949,5.867949,5.787949,6.0879493,4.557949,4.477949,-1.0020508,-3.8720508,-4.152051,-1.0120507,-0.5920508,-2.3020508,-5.542051,0.07794922
4.4479494,5.267949,6.1779494,7.207949,7.2379494,7.037949,7.227949,7.7979493,8.357949,8.637949,8.967949,9.427949,9.347949,9.307949,6.727949,5.9079494,6.137949,4.7379494,4.387949,4.147949,4.627949,4.0479493,2.4479492,1.6579492,1.7679492,-4.0720506,-2.7020507,-2.7220507,-2.7220507,-2.1620507,-1.6620507,-3.0820508,-2.5420508,-2.2120507,-0.5220508,-0.122050785,0.3479492,0.35794923,1.5979493,2.6079493,-4.332051,-3.8420508,-1.8720508,0.45794922,2.1079493,4.2179494,5.207949,5.517949,5.4479494,5.667949,4.097949,0.08794922,-4.362051,-1.8820508,0.32794923,-7.652051,-1.1520507,-0.13205078,-0.93205076
6.1979494,6.727949,7.077949,6.9679494,6.3179493,6.5679493,7.5079494,7.8579493,7.7379494,8.487949,9.547949,9.95795,9.477949,8.6179495,7.267949,6.457949,3.6379492,4.367949,5.4479494,4.4879494,3.1579492,2.9779491,2.9879491,3.5879493,1.1279492,1.4579492,2.507949,-1.5220507,-3.9420507,-2.5720508,-2.5220509,-2.3020508,-2.6220508,-2.732051,-1.8820508,-1.6720508,-0.6120508,0.09794922,0.08794922,0.94794923,3.2279491,-6.3220506,-4.632051,-2.2020507,0.17794922,2.1979492,3.9479492,4.847949,5.4279494,5.0079494,4.557949,0.7079492,-4.6820507,-1.7620507,1.6079493,-4.902051,-3.1120508,-1.2520508,0.25794923
5.5879493,6.137949,6.1979494,6.4079494,7.6579494,9.257949,10.45795,10.437949,9.57795,10.297949,10.337949,9.597949,9.397949,8.087949,9.57795,9.927949,4.667949,2.7479491,5.917949,5.4279494,4.6579494,2.257949,2.4779491,1.9579492,1.3079492,0.5979492,1.1579492,0.45794922,-0.6720508,-1.6120508,-2.7120507,-3.5620508,-3.6120508,-3.6220508,-2.5920508,-2.3220508,-2.3520508,-1.6920508,-0.23205078,-0.26205078,0.18794923,-0.022050781,-5.4520507,-4.382051,-2.3220508,-0.69205076,1.4179492,3.7079492,4.307949,5.167949,4.4279494,1.9979492,-4.5920506,-0.36205077,-0.09205078,-5.022051,1.6379492,1.3579493,-5.832051
5.1779494,5.7179494,4.477949,7.597949,9.097949,9.487949,9.727949,10.567949,10.95795,10.697949,10.877949,10.947949,10.317949,9.74795,9.347949,8.307949,6.147949,3.8179493,5.617949,4.5479493,3.6879492,2.9279492,2.6879492,1.1479492,0.5279492,0.5379492,-0.45205078,-0.6620508,0.19794922,-1.3720508,-1.4620508,-2.4520507,-2.7920508,-3.7720509,-3.8020508,-4.0120506,-3.3520508,-2.8420508,-2.1020508,-1.1620507,-1.6520507,-1.3920507,-2.5320508,-6.2820506,-4.2820506,-2.8020508,-1.0620508,1.1779492,3.2979493,3.9979491,4.5279493,2.6579492,-6.082051,-0.3420508,4.2179494,0.22794922,-0.7320508,-7.062051,-7.2820506
5.2579494,4.9079494,6.5279493,7.307949,8.057949,9.697949,10.137949,10.647949,11.3679495,12.897949,10.777949,11.3679495,11.807949,10.967949,10.717949,10.507949,8.337949,4.0279493,5.017949,5.727949,5.537949,3.8079493,1.1179492,1.5079492,2.3879492,1.9979492,0.6679492,-0.41205078,-0.5420508,-0.9020508,-1.8420508,-2.1120508,-2.6020508,-3.2720509,-3.8120508,-4.7620506,-5.2620506,-4.652051,-3.2820508,-2.7820508,-2.742051,-3.232051,-2.7820508,-4.1420507,-5.982051,-5.1420507,-3.3720508,-1.4220508,1.0479492,2.6979492,4.137949,3.0479493,-2.8320508,0.06794922,-2.5520508,-2.0720508,-0.08205078,-6.612051,-6.732051
5.137949,5.0479493,8.03795,8.507949,9.777949,9.91795,9.257949,10.53795,11.91795,11.337949,11.437949,11.647949,11.267949,11.197949,10.387949,10.03795,9.227949,7.147949,4.437949,7.077949,3.9479492,2.7179492,1.6979492,0.75794923,2.0379493,1.1979492,1.1679492,0.44794923,0.6079492,-1.2520508,-2.3220508,-3.1920507,-2.3420508,-3.0920508,-2.4520507,-3.7520509,-4.5320506,-6.0720506,-5.8420506,-3.5220509,-4.7020507,-4.8020506,-4.8220506,-4.192051,-5.962051,-6.5720506,-5.542051,-3.1920507,-1.1220508,0.6079492,2.3479493,3.517949,-1.5420508,0.07794922,-0.062050782,-2.5620508,-1.9220508,-9.952051,-5.2420506
4.997949,7.417949,7.977949,9.41795,8.28795,9.527949,9.507949,10.20795,10.437949,11.657949,11.217949,12.567949,12.45795,12.567949,10.727949,10.397949,10.91795,6.8179493,5.767949,6.9079494,7.037949,6.497949,3.2479491,5.117949,3.4979491,1.9679493,2.8879492,2.8979492,2.0779493,1.5679492,0.24794921,0.017949218,-1.5420508,-1.4820508,-3.5420508,-3.2220507,-3.6520507,-4.252051,-5.692051,-5.122051,-4.7620506,-6.9320507,-5.872051,-5.7420506,-4.172051,-7.502051,-8.032051,-5.632051,-3.3320508,-1.3920507,0.33794922,1.2879492,-0.08205078,-0.20205078,-1.4620508,-2.5620508,-4.752051,-6.312051,1.5879493
4.9679494,7.017949,8.307949,8.267949,8.277949,9.347949,10.017949,10.337949,9.907949,11.007949,12.197949,12.767949,12.82795,12.937949,11.32795,10.177949,11.347949,9.767949,7.377949,5.877949,4.4279494,4.187949,4.767949,5.2379494,5.187949,3.7879493,3.6779492,2.5279493,1.1279492,-0.5920508,-1.5420508,-1.2720507,-2.7020507,-3.8120508,-4.7620506,-5.622051,-5.772051,-5.752051,-5.5120506,-5.422051,-6.132051,-8.222051,-7.9320507,-6.6820507,-6.3920507,-4.8920507,-10.312051,-8.25205,-5.522051,-3.0420508,-1.7220508,-0.042050783,-0.74205077,-0.16205078,-5.022051,-0.5220508,-6.692051,-8.852051,-4.8020506
5.577949,6.617949,9.147949,6.2579494,8.227949,8.477949,10.177949,9.477949,10.477949,10.74795,11.95795,12.677949,12.777949,12.797949,13.49795,13.607949,11.16795,10.557949,10.217949,8.57795,6.2979493,2.8579493,2.9679492,4.9479494,5.5079494,4.1779494,3.1879492,2.4979491,0.6479492,0.05794922,-0.75205076,-1.0020508,-1.7820507,-1.8420508,-2.6920507,-3.8320508,-4.8420506,-6.292051,-7.292051,-7.192051,-7.422051,-6.5520506,-9.452051,-8.162051,-6.9120507,-6.8920507,-10.352051,-9.8820505,-7.5520506,-4.882051,-2.9120507,-2.6620507,-1.0920508,-2.3320508,0.5379492,-0.49205077,-6.1420507,-6.8020506,-5.582051
5.517949,6.367949,7.577949,6.637949,8.307949,8.57795,9.32795,9.8679495,10.74795,11.097949,11.647949,12.427949,12.657949,12.647949,12.427949,12.387949,12.49795,12.227949,11.467949,9.947949,9.717949,7.6079493,6.187949,7.377949,6.7179494,6.0479493,3.3479493,4.097949,3.1279492,2.4079492,2.4279492,1.1379492,0.21794921,-1.4920508,-2.9420507,-4.1420507,-5.6820507,-6.4920506,-7.5320506,-8.102051,-9.312051,-8.862051,-9.412051,-9.702051,-8.762051,-8.202051,-9.812051,-10.482051,-9.992051,-7.5320506,-4.4520507,-0.8920508,-3.0520508,-1.2520508,-0.18205078,0.69794923,1.4079492,-6.6620507,-6.922051
2.6479492,5.147949,6.1079493,7.7379494,7.417949,8.087949,8.587949,8.847949,9.977949,10.49795,11.057949,11.977949,12.837949,12.067949,11.45795,12.097949,12.527949,12.66795,9.257949,11.28795,10.797949,9.597949,8.45795,7.917949,6.9679494,6.267949,5.9879494,5.4879494,5.057949,3.9779491,2.6379492,1.2779492,0.15794922,-0.8320508,-2.5820508,-3.9720507,-5.882051,-7.2420506,-7.852051,-8.452051,-9.352051,-10.552051,-10.272051,-10.392051,-9.8820505,-9.112051,-9.112051,-11.992051,-12.21205,-9.652051,-7.002051,-0.03205078,-1.5220507,-0.44205078,0.4079492,0.5979492,0.7079492,-6.332051,-7.3420506
0.30794922,3.2979493,5.3179493,5.7979493,6.3579493,6.9079494,7.437949,8.28795,8.99795,9.66795,10.507949,11.227949,12.307949,12.407949,13.49795,12.74795,13.20795,12.277949,8.337949,11.027949,9.227949,9.317949,9.357949,9.067949,8.8679495,8.547949,7.457949,5.5679493,4.617949,4.397949,3.1179492,1.7679492,0.08794922,-0.7020508,-2.5820508,-3.7720509,-7.7420506,-8.67205,-9.33205,-9.112051,-10.012051,-11.072051,-11.362051,-10.612051,-10.402051,-9.79205,-9.842051,-11.552051,-13.202051,-11.42205,-9.50205,0.48794922,-0.50205076,-3.4620507,-1.2920508,-0.24205078,-0.14205079,-2.0320508,-6.7620506
