static/data/gfs.t00z.pgrb2.1p00.f4.json
{"header": {"discipline":0,"disciplineName":"Meteorological products","gribEdition":2,"gribLength":80459,"center":7,"centerName":"US National Weather Service - NCEP(WMC)","subcenter":0,"refTime":"2019-06-20T00:00:00.000Z","significanceOfRT":1,"significanceOfRTName":"Start of forecast","productStatus":0,"productStatusName":"Operational products","productType":1,"productTypeName":"Forecast products","productDefinitionTemplate":0,"productDefinitionTemplateName":"Analysis/forecast at horizontal level/layer at a point in time","parameterCategory":2,"parameterCategoryName":"Momentum","parameterNumber":3,"parameterNumberName":"V-component_of_wind","parameterUnit":"m.s-1","genProcessType":2,"genProcessTypeName":"Forecast","forecastTime":6,"surface1Type":100,"surface1TypeName":"Isobaric surface","surface1Value":100000.0,"surface2Type":255,"surface2TypeName":"Missing","surface2Value":0.0,"gridDefinitionTemplate":0,"gridDefinitionTemplateName":"Latitude_Longitude","numberPoints":65160,"shape":6,"shapeName":"Earth spherical with radius of 6,371,229.0 m","gridUnits":"degrees","resolution":48,"winds":"true","scanMode":0,"nx":360,"ny":181,"basicAngle":0,"lo1":0.0,"la1":90.0,"lo2":359.0,"la2":-90.0,"dx":1.0,"dy":1.0}, "data":
[rows 104 to 129 of 181, columns 295 to 353 of 360]
3.5984032,3.2584033,2.3884034,1.6984034,0.8284033,1.4984033,3.0084033,1.9584033,1.6984034,1.1984034,1.2784033,1.6884034,1.8084034,2.3084033,2.9584033,2.2684033,1.9984033,1.4084033,0.42840332,1.8784033,2.1084032,-0.19159669,1.4984033,1.5684034,-1.9015967,-0.16159669,5.208403,6.6384034,5.938403,5.7384033,6.3084035,3.6884034,-0.17159668,-0.33159667,0.52840334,0.52840334,0.35840333,1.3184034,1.3984033,1.6384033,0.78840333,0.9884033,1.0984033,1.3784033,1.4084033,1.4784033,2.3284032,2.5384033,2.0584033,2.6284034,3.1184034,2.9584033,2.8384032,3.4684033,3.7984033,4.8284035,5.1384034,5.5384035,5.3284035
2.7784033,2.4884033,2.2084033,2.1284034,1.7284033,1.9084033,0.12840332,0.44840333,-0.54159665,0.97840333,3.1884034,0.9484033,1.8884033,2.6484034,2.0884032,3.4984033,1.9584033,-0.07159668,1.6084033,1.4484034,2.1384034,1.4384034,-0.07159668,0.6184033,0.65840334,-0.30159667,3.5884032,4.6584034,4.0984035,2.7384033,2.9784033,3.0184033,2.1184034,0.078403324,-1.6915966,-1.6615967,-1.6815966,-0.4115967,0.13840333,-0.46159667,-0.33159667,0.48840332,-0.03159668,-0.01159668,0.48840332,0.8684033,2.0084033,2.6884034,2.1284034,1.9584033,2.5484033,2.2284033,2.5484033,2.9784033,3.0584033,3.6784034,4.6184034,5.3684034,5.5684032
2.3784034,2.3484032,2.7384033,3.3984034,2.8384032,3.2084033,2.1484034,2.1584034,1.1384033,1.6084033,-0.71159667,-0.49159667,1.1384033,2.7284033,2.1684034,1.7884033,1.7384033,0.84840333,0.9484033,0.03840332,0.8584033,1.7884033,1.9184033,-0.7415967,-0.45159668,-0.12159668,1.7684033,4.708403,3.9484034,4.398403,1.1384033,2.2084033,1.5784034,1.6084033,-0.6315967,-1.6715966,-1.7315967,-1.0815967,1.3284034,0.9884033,-1.2715967,0.34840333,2.9584033,-2.2215967,-0.8115967,0.48840332,0.47840333,1.3384033,1.3984033,1.2184033,1.0984033,1.6584033,1.5084033,1.5984033,2.8384032,3.1284034,3.9884033,4.6184034,5.2384033
-0.35159668,1.3184034,2.6184034,2.2784033,2.7084033,3.1584034,1.6884034,3.2984033,3.4484034,2.2484033,0.90840334,1.0184033,0.96840334,2.0584033,2.4784033,0.21840332,0.32840332,0.32840332,1.7484033,0.65840334,2.0384033,0.3084033,0.41840333,0.90840334,0.44840333,-0.8315967,1.2584033,3.3284032,3.1684034,4.358403,3.3784034,6.9984035,1.8784033,2.0684032,-0.18159668,-0.59159666,0.39840332,0.9184033,0.8084033,0.6984033,0.8784033,0.77840334,1.4684033,-0.3715967,-1.3015966,0.26840332,0.6984033,0.13840333,0.41840333,0.71840334,0.47840333,0.24840333,-0.16159669,0.24840333,0.6684033,2.2184033,3.5484033,4.128403,4.338403
0.20840332,0.8084033,2.5484033,3.2384033,2.4484034,2.4084034,1.8984033,4.5284033,5.0084033,2.5584033,1.1184033,0.16840333,0.53840333,0.02840332,0.45840332,1.4984033,0.84840333,0.90840334,1.2584033,2.2084033,1.8984033,-0.06159668,0.45840332,-1.0015967,0.3384033,-0.6215967,-0.38159668,0.12840332,3.9884033,4.5484033,4.8684034,5.0984035,6.148403,3.1784034,2.7284033,3.2384033,3.1884034,4.0684032,4.9984035,1.2484033,-0.96159667,-0.36159667,1.3384033,3.6684034,4.8084035,5.6384034,6.6784034,6.728403,2.5484033,2.1084032,0.02840332,-0.59159666,-0.90159667,-0.6215967,0.39840332,1.5384033,1.9184033,2.9284034,3.4484034
-0.36159667,0.04840332,1.6884034,2.1184034,2.6984034,2.3084033,1.7484033,3.4484034,4.2584033,2.9284034,1.9984033,1.1184033,-0.30159667,-0.0015966797,0.8684033,1.4484034,0.31840333,0.9384033,0.5484033,1.6484033,0.65840334,0.9484033,-0.2815967,-0.77159667,-0.72159666,-0.17159668,-0.46159667,-0.8715967,1.0484033,2.9884033,3.9884033,4.088403,2.9384034,3.6284034,2.3684034,2.9884033,3.8984034,4.378403,4.5484033,4.9684033,5.0684032,4.2384033,3.8984034,4.088403,5.0784035,6.148403,5.4284034,6.0384035,6.5684032,7.458403,5.6584034,7.3284035,-0.90159667,0.6784033,0.5584033,1.1584033,1.3284034,0.6784033,2.2384033
0.20840332,-0.03159668,1.1984034,1.3184034,1.3784033,1.9984033,2.2184033,3.2184033,1.9484034,3.9884033,1.5284033,2.3184032,1.0784034,-0.03159668,-0.05159668,1.6284033,0.9984033,-0.7015967,0.9984033,0.6784033,1.3984033,1.0684034,-0.52159667,-0.48159668,1.0184033,-2.8615966,-3.3815966,-2.1115966,-0.48159668,0.7484033,1.6584033,1.9884033,1.8284034,1.7884033,1.5784034,1.1084033,1.3684033,3.5584033,3.0884032,2.9784033,2.5784032,3.4684033,3.5384033,3.9684033,4.688403,4.9884033,5.2384033,5.418403,5.168403,4.338403,6.1184034,5.398403,5.728403,5.9684033,5.358403,7.9284034,-0.26159668,-0.18159668,-0.19159669
0.4084033,-0.59159666,0.8284033,1.7384033,1.9184033,0.9984033,2.1284034,2.9384034,1.2384033,2.3184032,2.6984034,2.4784033,2.5684032,1.4084033,1.0284033,0.14840332,0.8584033,0.84840333,0.83840334,0.06840332,0.18840332,0.15840332,-1.5715966,-1.4415966,-3.2715967,-6.5715966,-4.8615966,-4.391597,-1.9515967,-0.5515967,0.18840332,0.24840333,0.5684033,0.17840332,0.9884033,1.9684033,2.0084033,2.4884033,1.3784033,2.3384032,2.1484034,2.4084034,2.7684033,2.7184033,3.6184034,4.358403,3.9384034,3.8484032,4.3284035,4.2584033,3.6484034,4.228403,5.5584035,5.9484034,6.0484033,6.7484035,7.6184034,-0.97159666,-1.6015967
0.08840332,-0.8815967,1.2184033,0.24840333,0.9284033,0.6684033,0.77840334,3.3584032,1.3784033,1.1484033,1.6084033,1.1484033,1.7084033,2.0784032,1.4484034,1.0184033,1.6684033,0.78840333,-0.23159668,1.1884034,0.8784033,-0.8315967,0.25840333,-0.03159668,-7.791597,-7.7215967,-6.7015967,-5.1815968,-3.5915966,-2.2815967,-1.6015967,-0.85159665,-0.52159667,-0.38159668,-0.26159668,-0.40159667,-0.6815967,-0.85159665,-1.2515967,0.4984033,0.5484033,0.6184033,1.0084033,2.7284033,3.5784032,3.2384033,3.2884033,5.7784033,0.8884033,3.6184034,3.4784033,5.088403,5.458403,5.918403,6.7384033,6.9884033,6.9684033,7.648403,2.4284034
-0.8315967,-0.48159668,-0.0015966797,0.64840335,1.5784034,2.5884032,2.9284034,3.1784034,1.5784034,0.7984033,2.1784034,1.6084033,2.6684034,2.1284034,1.6684033,1.1184033,1.4984033,0.8684033,-0.2815967,-1.5415967,-0.27159667,-2.0015967,-3.6715968,-7.021597,-9.001596,-7.4615965,-6.7515965,-4.9615965,-4.3815966,-4.661597,-3.7415967,-2.2715967,-1.6215967,-1.3215966,-1.1615967,-1.2115967,-0.08159668,-1.5815967,-0.8615967,1.8084034,-0.72159666,1.7684033,1.5284033,2.9784033,4.9284034,5.978403,2.9384034,4.4284034,5.5984035,5.5284033,6.108403,6.1184034,6.3284035,4.8884034,5.4884033,5.898403,5.9084034,5.978403,7.3084035
0.09840332,-0.7515967,0.15840332,1.3284034,1.0684034,2.8684034,3.4184034,3.0184033,2.4984033,1.5984033,1.7884033,2.7784033,-0.33159667,0.8584033,0.15840332,1.0684034,1.2784033,-0.9215967,-2.1815968,-1.6915966,-4.061597,-4.9815965,-5.831597,-7.9715967,-8.281597,-8.021597,-7.7315965,-5.3415966,-5.2415967,-4.9215965,-5.1715965,-4.7415967,-3.5115967,-2.6915967,-2.1515968,-1.4315966,-2.5215967,-1.7415967,-1.4915967,2.1384034,3.1584034,0.9984033,1.7284033,2.3184032,3.4684033,3.7984033,5.588403,6.668403,6.8684034,4.9484034,5.0384035,5.3184032,6.3284035,6.0184035,6.608403,6.608403,7.8184032,3.8084033,4.228403
-0.84159666,-1.8815967,-0.84159666,0.5584033,1.0684034,3.0584033,4.0484033,5.9984035,4.2484035,1.9484034,2.5184033,1.3884033,1.8284034,0.4984033,-0.78159666,-0.49159667,0.6984033,1.5884033,0.18840332,-1.3515967,-4.2515965,-4.411597,-5.1815968,-6.771597,-7.7115965,-7.4615965,-8.601597,-6.9215965,-6.121597,-5.331597,-4.9615965,-5.7115965,-3.8815966,-4.2515965,-3.5915966,-0.7615967,0.11840332,-3.7215967,-1.2715967,-0.03159668,1.6184033,1.7184033,1.4684033,1.8084034,3.7984033,4.088403,5.418403,4.9884033,5.5284033,5.188403,6.4984035,6.338403,5.7484035,6.7584033,6.628403,5.4484034,5.668403,6.338403,5.0484033
-1.9715967,-3.5515966,-1.8015966,-0.6715967,0.8784033,1.8484033,3.2584033,4.978403,2.2384033,1.2684033,2.8684034,1.3084034,1.7984033,0.7684033,0.20840332,-0.4115967,-0.5115967,5.2184033,6.7684035,5.2784033,1.9184033,-1.9515967,-5.1115966,-6.8015966,-7.5715966,-8.241596,-10.041596,-7.9515967,-6.9815965,-6.3215966,-6.081597,-6.291597,-5.411597,-5.7515965,-4.0515966,-2.8115966,-1.6115967,0.10840332,-0.02159668,-0.6915967,0.5084033,0.09840332,0.4984033,1.2284033,2.5684032,2.5584033,4.0084033,4.0484033,4.2684035,5.918403,6.6784034,7.668403,8.448403,8.688403,8.928403,6.8484035,7.418403,5.0184035,5.2584033
-1.5215967,-3.8915968,-1.7915967,-1.4215966,-0.9915967,0.96840334,3.1984034,4.4984035,3.1984034,2.2784033,1.4184033,0.71840334,1.0184033,1.1084033,1.4684033,0.83840334,0.32840332,5.4884033,6.7584033,7.668403,9.028403,1.1384033,-3.4315968,-6.161597,-7.1315966,-7.1715965,-10.061597,-8.681597,-8.251596,-7.0915966,-7.4315968,-6.5115967,-5.5015965,-6.561597,-5.1815968,-3.7415967,-1.3515967,-1.0115967,0.34840333,0.6284033,1.8484033,2.4484034,3.6484034,2.0084033,3.4884033,4.0984035,2.8484032,4.608403,3.9084034,5.9084034,5.5784035,6.0384035,6.708403,6.9684033,8.048404,7.9884033,5.3284035,6.358403,7.6784034
-2.2015967,-3.8215966,-3.9415967,-3.8215966,-1.8415967,0.89840335,2.5584033,3.2884033,3.2184033,2.3184032,0.9984033,2.4684033,1.3784033,-0.4715967,-0.6315967,1.9884033,0.9284033,6.6384034,7.168403,8.458404,7.358403,6.4984035,-0.52159667,-4.8615966,-7.021597,-7.6715965,-10.161596,-10.4615965,-9.381597,-8.281597,-7.4715967,-7.0315967,-6.621597,-6.4815965,-7.351597,-5.4315968,-2.9215968,-0.4115967,-0.7615967,-0.8615967,1.0284033,2.4284034,2.4184034,2.4984033,2.4584033,4.3884034,4.5384035,3.9684033,3.5184033,5.0084033,4.8084035,5.5484033,6.2684035,7.3184032,7.2684035,6.3484035,6.668403,6.0584035,5.4984035
-4.641597,-2.6215966,-5.101597,-3.9915967,-1.8915967,0.2784033,2.1484034,2.8384032,2.5684032,2.3584032,1.4284034,0.6184033,-0.32159668,-0.8215967,-0.6915967,-0.96159667,2.1184034,6.8484035,8.058403,7.8684034,6.1584034,5.2384033,5.7684035,-2.5215967,-5.7415967,-8.871596,-11.071597,-11.341597,-11.771597,-9.651597,-8.301597,-8.101597,-8.121596,-7.1115966,-6.2515965,-7.1815968,-4.2115965,-2.6915967,-1.4315966,-0.5815967,1.0384033,1.6484033,0.58840334,0.83840334,1.7184033,3.4084034,3.6684034,5.8284035,3.4084034,4.7984033,4.2684035,5.918403,5.2584033,5.228403,5.4284034,5.228403,5.2584033,4.5384035,5.5284033
-4.0115967,-2.7315967,-5.4815965,-3.8115966,-1.4115967,-0.79159665,1.2984033,2.5984032,2.1984034,2.0084033,0.13840333,-0.04159668,-0.7015967,1.1984034,-0.65159667,1.9384034,5.858403,5.7184033,5.2484035,4.3184032,3.3784034,2.4284034,2.7084033,3.5884032,-4.911597,-7.9315968,-10.631597,-12.831596,-11.901597,-10.781597,-10.521597,-8.861597,-9.051597,-7.9015965,-5.7515965,-7.9715967,-5.4815965,-2.9015968,-2.2715967,-0.7615967,-0.6315967,0.39840332,3.5484033,2.0084033,3.4984033,5.2484035,4.1384034,4.478403,3.4984033,4.6384034,5.978403,5.5684032,5.5684032,5.8084035,5.2884035,5.3884034,4.7384033,5.3284035,3.4884033
-1.8915967,-2.0615966,-3.2315967,-2.7115967,-1.9215966,1.4984033,3.1284034,3.2084033,1.0684034,1.7984033,1.5384033,1.0184033,-0.2515967,0.03840332,5.418403,5.5384035,5.5784035,5.5784035,4.958403,3.6284034,1.6384033,1.3784033,0.3784033,1.0484033,2.0584033,-8.501596,-11.861597,-13.071597,-12.801597,-11.901597,-11.581596,-9.691597,-9.501596,-8.801597,-8.881597,-7.4715967,-6.061597,-5.0715966,-3.7315967,-2.2115967,-1.6615967,-0.2515967,1.5084033,4.358403,4.6384034,4.958403,5.588403,5.938403,6.2384033,7.3484035,8.368403,8.478403,9.228403,8.558403,6.958403,7.5284033,7.1184034,6.088403,4.168403
0.17840332,-2.4015968,-2.2815967,-1.5415967,0.89840335,3.5084033,5.898403,5.608403,1.6284033,1.6084033,0.9284033,-0.12159668,0.26840332,3.0984032,5.5584035,6.1384034,6.1784034,6.4484034,5.4484034,4.228403,1.8884033,-0.08159668,-0.8715967,-1.5715966,-0.18159668,-0.38159668,-14.2115965,-14.181597,-13.761597,-13.121596,-12.291596,-11.431597,-10.941597,-9.091597,-10.241596,-8.191597,-6.061597,-6.3815966,-5.1515965,-3.7415967,-2.1215966,-0.23159668,1.0384033,2.8584032,3.0984032,3.7984033,5.088403,5.858403,6.5084033,8.488403,9.588404,10.318403,10.678403,11.318403,11.468403,11.618403,10.508404,9.148403,8.378404
-4.6315966,-2.8215966,-1.9915967,-1.1915966,2.3784034,4.0184035,4.188403,3.9684033,3.1384034,2.3284032,1.8284034,4.2684035,4.1384034,5.0284033,4.6384034,5.3484035,5.7884035,5.4684033,4.8284035,2.9684033,1.7284033,-0.32159668,-2.5515966,-3.3515966,-2.8115966,-1.9115967,-11.891597,-16.321596,-15.321597,-14.601597,-13.9615965,-13.221597,-12.401597,-11.691597,-11.521597,-8.231597,-8.811597,-6.9515967,-5.5915966,-4.561597,-2.9115968,-0.7515967,0.78840333,1.6784034,2.6384034,2.6884034,5.128403,6.1184034,6.668403,7.5084033,9.358403,10.448403,10.988403,11.338404,12.388403,12.858403,13.028403,12.2884035,11.818403
-3.2215967,-2.9315968,-1.4215966,0.5084033,1.4384034,2.6584034,3.6684034,2.4884033,2.5584033,1.6884034,1.5484033,0.7384033,3.9484034,6.4684033,7.4684033,7.6984034,7.398403,5.6584034,3.6184034,1.9384034,0.96840334,-1.1515967,-3.1715968,-5.4015965,-5.291597,-4.101597,-3.8215966,-19.931597,-18.361597,-16.621597,-15.241596,-14.661596,-13.611597,-11.581596,-12.151597,-11.251596,-9.771597,-7.851597,-6.2515965,-4.6115966,-3.6715968,-1.9615967,-1.2615967,-0.09159668,2.1484034,2.9484034,3.9984033,5.2584033,6.5984035,8.138403,9.168404,9.568403,11.098403,12.028403,12.478403,11.768403,12.258404,11.808403,11.598403
-3.3115966,-1.5315967,-1.3115966,-0.01159668,0.90840334,3.1784034,3.8484032,3.4184034,5.3284035,5.208403,5.2784033,5.7684035,6.5484033,9.078403,10.2884035,10.298404,8.088404,5.5284033,2.7584033,1.3584033,-0.6915967,-1.6315967,-3.8715966,-5.6715965,-6.6515965,-5.9515967,-5.6115966,-6.6715965,-21.211597,-19.211597,-16.611597,-16.151596,-14.601597,-14.841597,-12.651597,-11.641597,-10.411596,-8.7115965,-6.7415967,-5.5915966,-4.3615966,-3.4915967,-3.4815967,-0.38159668,0.8084033,2.5784032,3.9184034,4.7984033,6.4884033,7.6584034,8.478403,9.468403,9.508404,9.808403,10.658403,11.428403,11.448403,11.648403,12.2884035
-4.101597,-2.4815967,-2.1015966,-0.91159666,1.8484033,3.0684032,3.6884034,3.2984033,3.8084033,6.2884035,6.6384034,7.2884035,9.108403,10.308403,14.0384035,12.698403,9.628404,7.5484033,4.4984035,2.6384034,-0.5115967,-2.7315967,-4.271597,-5.3615966,-7.561597,-8.251596,-6.4615965,-4.2015967,-20.451597,-19.871597,-19.471596,-16.951597,-15.991596,-16.331596,-14.511597,-13.441597,-11.311597,-9.251596,-7.8615966,-6.5115967,-6.641597,-6.041597,-3.7015967,-1.8415967,0.35840333,1.7784033,2.5984032,4.2584033,6.088403,7.1184034,8.548404,9.028403,9.678403,10.428403,10.298404,10.618403,11.218403,11.618403,10.918404
-4.7615967,-3.0615966,-2.0115967,-0.03159668,-0.14159667,2.0584033,2.8584032,5.2384033,3.4884033,8.208404,8.178403,7.8084035,8.428403,11.198403,14.248404,13.258404,10.898403,10.658403,4.0784035,2.2584033,1.2184033,-0.65159667,-4.621597,-6.561597,-7.9615965,-9.271597,-8.4615965,-6.911597,-8.431597,-19.791597,-20.131598,-18.191597,-17.541597,-16.701597,-15.861597,-14.531597,-13.641597,-10.911596,-9.191597,-8.871596,-9.421597,-6.101597,-4.9015965,-3.2515967,-1.2315967,-0.05159668,1.2084033,3.9384034,5.5584035,7.1184034,7.898403,9.618403,10.858403,11.078403,10.108403,11.218403,10.348403,13.118403,10.888403
-4.2015967,-4.1715965,-2.9615967,-0.13159668,-0.13159668,0.95840335,0.8884033,1.4684033,8.848403,8.568403,9.468403,9.848403,9.888403,10.438403,14.488403,15.208404,11.968403,9.228403,3.8584032,1.6684033,-0.26159668,-1.2315967,-2.7315967,-6.8415966,-9.281597,-10.441597,-10.291596,-9.181597,-5.8215966,-19.771597,-20.881598,-19.841597,-17.961597,-17.541597,-16.621597,-15.181597,-14.181597,-11.951596,-10.611597,-11.991596,-9.171597,-7.8215966,-6.2515965,-3.8215966,-2.5015967,-1.1315967,1.3084034,3.2384033,5.378403,7.0084033,8.578403,9.448403,9.968403,10.928403,10.548404,11.338404,11.808403,12.508404,12.228403
-3.0015967,-3.9815967,-5.101597,-4.581597,-1.9715967,2.6284034,5.108403,7.6784034,7.9484034,8.628404,9.448403,10.268403,10.648403,12.498404,14.758404,16.048403,12.438403,14.958404,4.7884035,0.9484033,-3.1615968,-5.0715966,-5.311597,-6.2315965,-10.791596,-10.551597,-12.381597,-11.991596,-7.7515965,-18.561596,-19.441597,-19.741596,-18.591597,-17.701597,-17.241596,-16.741596,-15.321597,-13.121596,-12.431597,-11.551597,-10.291596,-8.871596,-6.811597,-4.771597,-3.1615968,-1.0615966,0.9484033,3.2184033,4.9484034,6.0584035,6.9984035,8.918404,10.638403,11.308403,10.888403,10.778403,11.448403,11.098403,11.218403
