static/data/gfs.t00z.pgrb2.1p00.f20.json
{"header": {"discipline":0,"disciplineName":"Meteorological products","gribEdition":2,"gribLength":80647,"center":7,"centerName":"US National Weather Service - NCEP(WMC)","subcenter":0,"refTime":"2019-06-20T00:00:00.000Z","significanceOfRT":1,"significanceOfRTName":"Start of forecast","productStatus":0,"productStatusName":"Operational products","productType":1,"productTypeName":"Forecast products","productDefinitionTemplate":0,"productDefinitionTemplateName":"Analysis/forecast at horizontal level/layer at a point in time","parameterCategory":2,"parameterCategoryName":"Momentum","parameterNumber":2,"parameterNumberName":"U-component_of_wind","parameterUnit":"m.s-1","genProcessType":2,"genProcessTypeName":"Forecast","forecastTime":30,"surface1Type":100,"surface1TypeName":"Isobaric surface","surface1Value":100000.0,"surface2Type":255,"surface2TypeName":"Missing","surface2Value":0.0,"gridDefinitionTemplate":0,"gridDefinitionTemplateName":"Latitude_Longitude","numberPoints":65160,"shape":6,"shapeName":"Earth spherical with radius of 6,371,229.0 m","gridUnits":"degrees","resolution":48,"winds":"true","scanMode":0,"nx":360,"ny":181,"basicAngle":0,"lo1":0.0,"la1":90.0,"lo2":359.0,"la2":-90.0,"dx":1.0,"dy":1.0}, "data":
[rows 50 to 74 of 181, columns 57 to 113 of 360]
0.81555665,2.0855567,2.2455566,1.4655566,-0.28444335,-1.2344433,-2.1844435,-2.7444434,-2.0744433,-2.7444434,-2.3344433,-0.11444336,-0.44444335,0.61555666,0.62555665,0.36555663,0.23555665,-0.36444336,-1.0144434,-2.6844435,-0.7244434,0.51555663,-1.8344433,-1.9744433,0.02555664,-0.40444335,-3.3444433,-5.9544435,-8.504443,-8.714443,-10.174443,-7.734443,-10.504443,-9.734444,-9.574444,-7.8944435,-9.994443,-10.414443,-11.314444,-6.9744434,-0.40444335,3.0755568,6.225557,5.0955567,0.19555664,-2.4444435,-2.3444433,-1.3844434,-8.614444,-6.4344435,-0.82444334,-1.8444433,-6.4344435,-5.5544434,-4.9244432,-3.1044433,-1.0244434
-2.8544433,-0.86444336,-2.6544433,-0.63444334,-1.1244434,-0.32444337,-0.80444336,-2.0944433,-2.1744432,0.16555664,2.2855566,0.46555665,1.2055566,-0.87444335,1.6555567,0.88555664,1.8055567,1.0255567,-2.4644434,-2.6544433,-2.4844434,0.5255566,-3.4444435,-2.7444434,-2.7844434,-2.7344434,-5.3644433,-5.4244432,-4.9044433,-6.0144434,-7.9544435,-6.004443,-0.5944434,5.6155567,1.7455566,0.30555665,1.1455567,-2.2844434,4.205557,2.5555565,1.2555566,1.1055566,-1.8944434,0.12555665,-0.98444337,-4.2844434,-2.2644434,0.75555664,-0.6644434,-2.3744433,-1.4344434,2.6855567,-5.8944435,-6.5544434,-5.274443,-5.6444435,-0.28444335
-3.2644434,-0.26444337,4.3355565,0.98555666,-0.98444337,-2.3244433,-1.2544434,0.25555664,0.015556641,1.3855567,-4.7244434,2.5955567,0.73555666,1.6255566,0.60555667,1.0455567,1.0955566,2.1555567,0.80555665,-2.9144433,-1.2444434,0.16555664,-1.2744434,-1.0244434,-3.3744433,-3.9244432,-3.5644433,-3.2344434,-4.4044433,-2.3344433,0.54555666,2.4855566,5.3955564,-0.58444333,4.9155564,2.4455566,3.2955565,3.9355567,2.9055567,-0.19444336,7.1655564,8.315557,4.8855567,6.7355566,-0.31444335,-2.2844434,-1.7044433,-5.484443,-6.9944434,-5.8944435,-8.134443,-5.7244434,1.1955566,0.14555664,-3.2244434,-7.1644435,-7.3544436
-1.4044434,-1.2344433,-0.38444337,0.17555664,-0.93444335,-1.3844434,-3.4344435,-1.9844433,1.0355567,4.555557,6.0655565,1.1255566,2.5855567,-0.10444336,2.2555566,1.1555567,1.5755566,0.93555665,1.6455567,-1.1944433,0.21555664,-1.0544434,1.0555567,2.8655567,3.0255566,-2.8544433,-0.82444334,0.12555665,0.57555664,0.76555663,1.1455567,5.4455566,3.8755567,2.7355566,5.1855564,-1.8044434,1.3155566,1.7855567,1.8355566,5.015557,5.455557,4.9055567,5.5255566,-0.49444336,6.725557,0.47555664,-1.0744433,0.15555663,-4.1844435,-4.8844433,-6.6444435,-7.4144435,-6.964443,-3.7944434,-1.9544433,-3.6144433,-6.8844433
-5.8344436,-5.8844433,-4.3444433,-2.1544433,-2.1744432,-3.6844435,-4.3344436,-4.7844434,-1.3344433,1.3355566,1.4655566,-2.0944433,0.29555663,0.86555666,-0.48444337,1.7355566,0.63555664,-0.7144434,0.93555665,1.2755567,1.5955566,-0.51444334,1.1055566,-0.14444336,-0.94444335,-0.25444335,0.045556642,1.0155567,2.7055566,4.9455566,5.2955565,5.1455564,1.7755567,4.2555566,2.8055565,-0.76444334,0.9055566,-1.3844434,0.21555664,-0.30444336,-0.30444336,1.3455566,3.6955566,-0.61444336,0.49555665,-2.4844434,-0.23444337,0.5855566,-3.6744432,-3.8044434,-2.9044433,-5.734443,-0.64444333,-6.0544434,-10.584443,-8.814444,-5.5144434
-11.594443,-8.624443,-2.5344434,-4.0344434,-4.3244433,-6.1744432,-3.4144433,-1.7244433,-0.45444337,-1.3744434,-1.5044434,-0.48444337,-1.9744433,-0.25444335,-0.98444337,0.33555663,1.2755567,-0.87444335,-1.2744434,1.0355567,1.4055567,0.24555664,2.0355566,-0.21444336,-2.5944433,-2.8744433,-1.9744433,-1.3844434,-0.35444337,4.1755567,3.2955565,6.205557,6.1655564,5.1155567,5.8955564,2.8355567,1.3355566,2.0255566,4.6155567,2.7455566,-3.6944435,1.1755567,0.47555664,-1.6144433,1.3155566,0.45555663,0.28555664,-1.8144433,-3.2244434,-4.9944434,-1.4944434,-0.88444334,-2.7544434,-2.5544434,-4.6244435,-6.6244435,-5.1744432
-6.734443,-2.9344435,-7.0844436,-4.6144433,-4.524443,-4.6844435,-2.0944433,-0.93444335,-1.0044434,-1.3644433,-1.1044433,-0.86444336,-0.88444334,-0.44444335,-2.6744432,0.55555665,1.6155566,0.36555663,1.3055567,0.55555665,1.1355567,2.1755567,2.1355567,1.9155567,-1.0644433,-1.0744433,2.0755568,1.5355567,4.455557,4.1855564,5.7755566,7.4655566,8.775557,6.8355565,9.365557,5.2355566,4.0955567,4.9855566,3.2055566,2.6755567,1.2855567,3.0855567,1.2155566,5.8455567,1.1455567,0.22555664,-2.4444435,-1.3744434,-1.5444434,-0.55444336,-1.1044433,-0.47444335,0.85555667,0.045556642,-0.62444335,-0.7244434,-4.7244434
-4.484443,-0.38444337,-4.5944433,-2.1344433,-0.28444335,0.48555663,-0.12444336,0.12555665,-0.50444335,1.2455566,-2.1244433,-1.1244434,-1.8144433,-2.9744434,0.79555666,-1.2644434,1.8755566,4.285557,1.8355566,0.70555663,1.0155567,1.3655566,0.95555663,3.8255568,1.5355567,2.0355566,3.6755567,1.2455566,3.6055567,3.6155567,4.705557,6.035557,3.9855566,7.9255567,10.705557,1.6955566,4.5255566,4.805557,2.1355567,5.1155567,2.9955566,4.555557,7.5255566,8.195557,2.7555566,-0.49444336,-1.7844434,-1.5344434,-0.7244434,-0.99444336,0.82555664,-1.6844434,-0.9644434,-1.4544433,-1.3844434,-2.7744434,-5.3444433
-5.8844433,-1.8944434,-0.27444336,-4.1744432,0.19555664,3.6855567,2.9355567,-1.2344433,1.3755566,0.17555664,6.455557,1.3455566,-2.7144434,-2.3344433,-1.6444434,-0.27444336,-1.3144433,1.5055566,-0.6644434,1.4555566,1.7455566,1.4255567,2.9155567,3.2655566,4.7755566,2.7055566,1.3655566,1.0755566,0.99555665,3.1255567,6.495557,6.6855564,3.3055565,5.035557,4.035557,1.3355566,-0.37444335,-0.95444334,0.8955566,3.1855567,1.9355567,6.205557,5.5255566,6.0655565,1.7255566,-0.50444335,-2.0344434,-1.8444433,-2.2244434,0.23555665,-0.5244434,-0.7244434,-1.1044433,-0.31444335,-1.6744434,-0.17444336,-3.5644433
-0.34444335,-2.5644433,-6.9544435,-10.654444,-1.1144433,3.6155567,6.765557,7.6455564,10.985557,5.995557,4.955557,-1.2244433,1.6555567,-0.24444336,-0.86444336,1.0555567,-2.3044434,0.73555666,-0.37444335,0.31555665,3.1055567,0.99555665,2.5755568,3.0055566,0.70555663,4.515557,3.9655566,5.955557,7.3155565,5.5055566,3.4155567,4.9255567,4.785557,4.055557,3.9255567,4.805557,4.0455565,0.66555667,0.73555666,1.5555567,1.6855567,4.1555567,3.5355566,5.5755568,1.8755566,0.27555665,-2.2544434,-2.7544434,-1.9044434,1.8055567,1.5255567,-1.8944434,-4.0944433,-2.6444433,-0.92444336,0.46555665,-1.5844433
1.4955566,1.0755566,-5.6644435,-9.184443,0.24555664,3.1455567,5.955557,8.915557,8.125557,4.705557,0.02555664,0.70555663,0.5955566,-2.0344434,0.94555664,1.4455566,1.1355567,1.9955566,4.805557,0.75555664,1.3155566,1.3755566,2.8255568,0.44555664,2.1055567,0.9655566,4.0055566,0.79555666,2.4055567,4.0255566,2.8555567,2.5055566,0.68555665,0.80555665,0.45555663,0.67555666,-2.0844433,-1.0144434,-1.8444433,1.3255566,2.3255568,-0.73444337,0.7855566,2.8855567,2.5155566,-2.0444434,-0.05444336,0.66555667,-0.8444434,0.61555666,1.5855566,0.05555664,-1.7144433,-1.2644434,-0.9044434,-0.54444337,0.93555665
-1.7744434,3.3255568,2.4655566,2.5655565,-0.44444335,2.1255567,1.6455567,6.1755567,1.5155567,5.1255565,-1.4744433,-3.8344433,-3.3744433,1.6955566,2.3555567,4.1155567,4.7155566,2.8355567,5.2155566,2.5555565,1.7955567,1.3155566,1.2755567,1.6955566,-0.51444334,1.4255567,2.8355567,2.5955567,1.3555566,1.1955566,1.5055566,1.8355566,-0.8544434,1.9655566,1.7155566,0.51555663,-1.7544434,-1.6644434,1.6555567,2.4855566,2.2555566,0.48555663,-0.99444336,2.7055566,1.8055567,-1.5644433,-1.3344433,0.20555665,1.4355567,2.7055566,1.3455566,0.15555663,-1.5744433,-2.6344433,-1.6044433,0.94555664,1.6555567
-1.5744433,-0.5944434,2.9455566,2.4255567,3.3755567,0.20555665,3.8255568,3.3655567,3.6855567,3.1455567,-2.0144434,-2.5844433,-0.7244434,2.1755567,2.9955566,3.8455567,4.8755565,4.8455567,5.4255567,3.7555566,1.5555567,1.6455567,1.3155566,1.4255567,1.4455566,1.6955566,0.0055566407,0.11555664,1.5355567,1.5555567,2.0555565,2.6455567,1.3955567,0.7755566,-1.4044434,1.5755566,-1.2644434,-1.4244434,-1.2744434,-1.1044433,1.0055566,0.85555667,2.1055567,3.3555567,-0.48444337,-0.69444335,-0.95444334,-2.3044434,-0.18444335,0.39555663,-1.1844434,-0.0044433596,-1.3944434,-2.3744433,-0.75444335,-1.4744433,2.0755568
3.7155566,-1.8544433,-0.6044434,1.8055567,3.8255568,0.66555667,-1.7844434,3.5255566,2.2455566,0.98555666,-1.3644433,-0.49444336,0.98555666,2.2855566,3.2655566,2.9355567,3.6655567,5.055557,6.475557,4.9255567,2.9855566,1.8555566,1.3455566,0.94555664,1.0455567,-0.27444336,-0.35444337,-1.8344433,-2.3844433,-1.6244434,0.44555664,0.33555663,0.9755566,-0.32444337,-0.18444335,-0.24444336,0.22555664,1.7855567,0.98555666,-1.0544434,0.13555664,0.46555665,3.4855566,2.5855567,1.9955566,1.0055566,1.5355567,2.1455567,-0.28444335,0.39555663,2.1655567,1.7855567,1.1655567,2.7055566,1.5555567,4.0455565,2.7455566
-2.4844434,-1.8644433,-3.2144434,-3.2844434,-2.9044433,0.73555666,1.5055566,2.7955565,2.7955565,2.7255566,2.9955566,3.4255567,4.765557,4.0455565,3.5955567,3.3655567,3.5855567,5.1355567,5.3855567,5.2955565,3.7455566,3.2355566,1.6155566,0.19555664,0.88555664,-1.8444433,-2.5644433,-3.4244432,-3.6844435,-4.2444434,-4.5944433,-3.1144433,-0.32444337,2.0355566,2.5955567,0.9755566,-0.25444335,1.7955567,0.20555665,0.34555665,0.94555664,-0.24444336,2.3555567,2.5555565,1.5955566,1.3755566,2.5755568,3.2655566,-0.73444337,2.3655567,-0.30444336,0.05555664,0.49555665,1.0655566,6.035557,3.7055566,1.8155566
-5.1744432,-7.2044435,-7.6144433,-7.1744432,-3.8844433,-0.54444337,2.3255568,3.9855566,4.4855566,6.285557,7.6655564,7.305557,5.6655564,5.4055567,3.6555567,4.015557,4.0055566,-0.61444336,3.1855567,3.2055566,4.4655566,2.2155566,0.33555663,1.2655567,0.17555664,-1.7744434,-1.1044433,-4.044443,-2.1544433,2.6255567,-1.9944434,-1.6044433,-1.8244433,-1.9444433,-0.34444335,1.4955566,1.5055566,-0.43444335,0.48555663,0.42555663,0.76555663,1.8555566,2.0055566,2.5755568,3.8555567,3.4155567,6.3755565,7.0255566,1.6555567,-0.44444335,-0.5344434,-0.89444333,1.1055566,3.0655565,1.9355567,2.3355567,0.67555666
-0.22444336,-0.8444434,-4.4344435,-6.714443,-3.1044433,0.68555665,2.4055567,4.4355564,5.1355567,5.9055567,5.6655564,6.1655564,7.5755568,4.725557,5.6355567,3.4755566,3.9655566,4.205557,5.5455565,5.515557,4.8655567,2.7755566,-0.23444337,0.7755566,0.9755566,-0.11444336,0.44555664,-1.2844434,-0.35444337,0.07555664,-2.1844435,-3.0844433,-3.2144434,-1.9444433,-0.24444336,0.87555665,0.7855566,-1.2544434,-1.4644433,3.0855567,-0.93444335,1.8155566,2.5955567,2.5855567,1.8755566,1.7255566,4.725557,7.725557,4.3555565,-2.3244433,-0.8444434,1.0155567,0.21555664,-0.75444335,0.40555665,1.7955567,1.3755566
-4.8344436,-0.51444334,-0.8444434,-0.63444334,-0.29444337,1.2855567,2.8355567,4.285557,5.8255568,4.7955565,4.9655566,5.4655566,6.3255568,5.0655565,4.995557,2.7755566,3.7055566,5.3155565,6.9655566,5.725557,3.6555567,1.1755567,-0.68444335,1.4355567,2.0455565,1.4255567,0.57555664,0.46555665,0.34555665,0.46555665,-0.9644434,-1.8544433,-2.9644434,-2.2644434,-2.3444433,-1.1944433,0.25555664,-0.80444336,-0.6044434,0.82555664,1.8555566,2.2155566,0.85555667,2.5955567,3.0255566,0.79555666,0.93555665,1.6655567,-0.5244434,-0.05444336,1.8255566,0.37555665,0.98555666,0.76555663,1.0355567,1.0255567,3.5755568
-4.9244432,-3.1744432,-1.3244433,2.7255566,0.82555664,1.4555566,3.9455566,5.285557,6.4455566,5.3355565,4.8755565,5.7355566,4.5955567,4.7955565,4.4355564,2.6055567,5.4855566,6.305557,5.5455565,6.5955567,4.1955566,2.2055566,2.1955566,0.16555664,3.0555565,1.8255566,-0.79444337,1.4155567,0.30555665,0.5855566,-2.6044433,-0.40444335,-1.5544434,0.06555664,-6.964443,-1.8144433,0.22555664,-2.2544434,1.7255566,0.17555664,2.1955566,0.49555665,2.1455567,1.5755566,-0.07444336,1.3955567,1.4755566,2.4755566,0.15555663,0.73555666,1.1255566,-0.02444336,2.9655566,2.6555567,-1.2644434,2.6455567,3.1355567
1.3855567,0.5355566,1.5755566,2.4855566,3.5455565,2.3055565,4.535557,5.4655566,6.6555567,6.2555566,5.285557,5.245557,3.8555567,2.7555566,4.975557,2.8655567,5.745557,6.6455564,5.6855564,6.305557,3.8555567,1.9955566,0.015556641,2.6155567,2.5955567,2.3755567,-0.95444334,3.1655567,3.8855567,-2.0344434,-5.214443,-1.8144433,-0.05444336,1.0455567,1.7755567,-4.0844436,-1.3244433,-0.32444337,-1.2844434,-0.57444334,1.8355566,1.7555566,2.2655566,1.0455567,2.5955567,2.8655567,2.8655567,2.8955567,3.4455566,0.42555663,-1.1144433,0.98555666,-0.89444333,0.9755566,-0.7144434,2.1855567,3.4755566
4.1355567,0.63555664,3.7655566,4.4255567,6.035557,4.535557,4.9055567,6.7355566,7.5255566,6.5955567,5.015557,4.6655564,3.4055567,2.8955567,2.3855567,3.2855566,4.3355565,7.0255566,4.6455564,3.2455566,2.9455566,3.1855567,0.74555665,0.86555666,2.3655567,1.8655566,1.3855567,0.5355566,2.6855567,1.1155566,0.02555664,0.06555664,1.6955566,2.4455566,2.3255568,0.80555665,-0.43444335,-0.37444335,-2.1044433,-1.9544433,1.2955567,1.4655566,1.2555566,1.0555567,2.4755566,2.4355567,2.7855566,3.0255566,2.1455567,-2.1544433,-0.16444336,1.4355567,3.5955567,-1.1844434,0.36555663,1.9355567,2.4155567
3.2355566,6.0055566,6.8255568,7.6155567,8.645556,7.015557,6.725557,7.6655564,8.225556,7.205557,5.8555565,4.7155566,3.3055565,2.6455567,2.7155566,4.3355565,3.7455566,5.495557,4.3955564,3.9955566,4.3755565,2.8655567,3.3355567,0.14555664,1.7855567,1.6755567,1.3555566,0.70555663,4.305557,6.6555567,3.5255566,6.2355566,0.13555664,1.2255566,2.6255567,2.7255566,-0.41444337,-0.50444335,-2.0244434,-1.9644433,1.2455566,2.1855567,-0.63444334,0.20555665,1.8955567,1.8855567,2.0455565,1.1855567,2.4755566,-5.4144435,-1.1844434,-2.1744432,-0.68444335,0.34555665,1.8055567,2.1155567,0.76555663
8.655557,9.495557,10.365557,9.275557,9.025557,8.895556,8.265556,8.385556,8.615557,7.6455564,7.7755566,6.1055565,4.3455567,2.2255566,4.0055566,4.205557,1.7755567,3.4855566,4.3855567,5.8555565,3.6455567,4.245557,4.8855567,3.4355567,-1.4144434,0.5955566,0.28555664,6.4655566,8.035557,8.275557,6.0055566,6.0255566,-0.37444335,0.8955566,1.5255567,2.9955566,2.8555567,-1.2544434,-0.37444335,-1.7744434,0.47555664,1.5955566,2.0755568,2.1055567,3.3055565,2.9655566,4.035557,3.9855566,2.8855567,3.1555567,-5.0144434,-1.5744433,-1.7044433,0.30555665,0.8455566,0.24555664,-0.12444336
10.665557,10.265556,10.765556,9.1055565,8.935556,9.425556,10.285557,9.625557,9.055556,8.705557,8.155557,7.7355566,6.9455566,4.9355564,5.3155565,4.555557,1.6555567,5.3555565,6.1955566,5.495557,5.4155564,7.1355567,8.525557,5.9155564,5.8455567,4.6355567,4.305557,8.915557,7.6455564,6.5655565,7.9055567,7.0055566,3.0455565,1.8255566,3.6755567,3.7555566,4.705557,4.1355567,3.9855566,1.0255567,-1.8544433,0.7855566,4.7355566,3.7955565,2.8555567,1.6755567,1.6855567,2.5655565,2.1855567,3.2055566,0.17555664,-4.794443,-2.9444435,-0.75444335,-0.69444335,0.015556641,-1.5444434
10.165557,9.545557,10.675556,10.185556,9.325557,10.575557,10.595556,10.915557,10.385556,9.925556,8.515556,9.295557,8.295557,8.035557,6.6455564,6.7755566,3.7055566,2.8855567,5.995557,6.955557,5.705557,6.805557,7.0955567,5.995557,7.1555567,10.265556,10.385556,9.085557,8.775557,6.285557,8.725556,10.345556,6.9655566,5.9455566,5.035557,5.0755568,4.9655566,5.1855564,3.3555567,4.6555567,1.4055567,3.1255567,2.8155565,0.51555663,1.6255566,3.8055565,3.4255567,3.6655567,3.7955565,2.2055566,2.3755567,-3.0444434,-3.9644434,-1.9144434,-0.80444336,-0.14444336,-1.8444433
