static/data/gfs.t00z.pgrb2.1p00.f14.json
{"header": {"discipline":0,"disciplineName":"Meteorological products","gribEdition":2,"gribLength":80545,"center":7,"centerName":"US National Weather Service - NCEP(WMC)","subcenter":0,"refTime":"2019-06-20T00:00:00.000Z","significanceOfRT":1,"significanceOfRTName":"Start of forecast","productStatus":0,"productStatusName":"Operational products","productType":1,"productTypeName":"Forecast products","productDefinitionTemplate":0,"productDefinitionTemplateName":"Analysis/forecast at horizontal level/layer at a point in time","parameterCategory":2,"parameterCategoryName":"Momentum","parameterNumber":2,"parameterNumberName":"U-component_of_wind","parameterUnit":"m.s-1","genProcessType":2,"genProcessTypeName":"Forecast","forecastTime":21,"surface1Type":100,"surface1TypeName":"Isobaric surface","surface1Value":100000.0,"surface2Type":255,"surface2TypeName":"Missing","surface2Value":0.0,"gridDefinitionTemplate":0,"gridDefinitionTemplateName":"Latitude_Longitude","numberPoints":65160,"shape":6,"shapeName":"Earth spherical with radius of 6,371,229.0 m","gridUnits":"degrees","resolution":48,"winds":"true","scanMode":0,"nx":360,"ny":181,"basicAngle":0,"lo1":0.0,"la1":90.0,"lo2":359.0,"la2":-90.0,"dx":1.0,"dy":1.0}, "data":
[rows 50 to 74 of 181, columns 285 to 341 of 360]
5.9191723,3.7791724,3.3191724,3.5391724,4.059172,2.7191725,3.4491723,4.9891725,4.019172,4.1191726,5.1191726,3.1591723,4.039172,6.7391725,7.9891725,10.409172,5.4191723,7.3391724,5.3491726,3.4891725,6.5091724,8.569172,9.939173,2.8491724,-0.14082764,-2.2408276,-0.8708276,-0.08082764,1.0791724,2.3791723,3.5591724,4.3991723,4.8791723,5.5491724,5.579172,5.309172,4.7591724,5.479172,3.1091723,1.5191723,-0.5508276,-1.3208276,1.6291723,4.2191725,3.7691724,3.7591724,2.5891724,1.3091724,2.7091722,3.8191724,5.6391726,4.3791723,4.2591724,1.9091724,2.5091724,3.0791724,2.7191725
5.4091725,4.5991726,5.4091725,5.6391726,5.3591723,5.8691726,5.8391724,4.999172,6.2591724,7.6991725,9.259172,10.849173,11.939173,14.159172,13.919172,11.509172,11.019173,6.4691725,6.229172,6.3491726,6.6591725,9.1791725,6.519172,6.8891726,9.619172,6.3691726,-0.13082764,-1.7308277,-0.6808276,0.059172362,2.0991724,3.3591723,3.5191724,3.9991724,3.8991723,4.3591723,7.1691723,6.0291724,1.9391724,6.079172,1.7291723,-6.9508276,-2.5308275,2.8791723,2.0291724,8.129172,6.6391726,9.399173,1.5191723,5.0991726,5.5691724,3.7291725,5.079172,4.6791725,4.7591724,2.7091722,1.6391723
3.2391725,5.579172,7.1091723,7.5991726,7.0691724,7.4191723,7.6591725,9.159172,10.559173,11.619172,10.189173,9.539172,10.829172,12.349173,11.049172,11.039172,7.2591724,8.329172,11.509172,9.269173,11.749172,11.099173,11.189173,9.369172,9.699172,10.909172,9.889173,10.769173,10.6791725,5.8891726,2.2591724,3.4091723,4.519172,5.4091725,6.5891724,6.1991725,6.829172,7.6491723,14.229173,15.009172,13.019173,11.709172,4.7991724,2.4391723,4.4591722,6.979172,6.309172,9.599173,6.729172,5.6991725,2.5591724,5.769172,3.7891724,5.4391723,3.7891724,2.3991723,1.3991723
3.8391724,7.4491725,9.4691725,8.869172,7.559172,8.269173,9.109173,10.139173,11.4291725,10.979173,11.119172,11.869172,13.229173,12.039172,12.209172,10.659172,10.949172,11.559173,13.209172,9.689173,8.909172,9.699172,10.149173,10.069172,9.789172,10.699172,11.379172,12.009172,12.9291725,13.129172,12.129172,12.149173,12.019173,11.279172,11.059173,12.989172,14.239172,15.949172,16.249172,15.749172,13.879172,13.489172,9.099173,7.3791723,6.7791724,7.1291723,8.919172,9.2191725,7.2191725,6.7391725,5.7391725,6.0291724,4.269172,5.229172,3.4591722,2.6791723,1.7691723
6.8891726,9.759172,9.569172,9.129172,9.089172,8.539172,9.239172,9.869172,10.819172,10.499172,11.709172,11.549172,12.379172,13.359173,10.999172,11.029172,11.289172,10.4291725,10.869172,9.099173,8.849173,8.899173,9.189173,9.849173,10.269173,10.419172,10.799172,11.4691725,11.879172,12.089172,12.039172,11.859173,12.379172,13.499172,13.529172,13.979173,15.029172,15.209172,15.2191725,15.2191725,14.159172,12.769173,11.379172,10.6791725,9.859173,8.309173,10.049172,8.939173,7.749172,7.4391723,5.809172,5.7591724,4.559172,4.4691725,2.9591722,1.8991723,1.5291724
9.599173,10.839172,10.289172,11.289172,11.149173,9.869172,10.289172,10.619172,10.859173,10.6791725,10.799172,11.019173,11.669172,11.879172,11.889173,10.809173,10.109173,9.019173,8.829172,8.289172,8.069172,8.239172,8.839172,9.259172,9.119172,9.379172,9.839172,10.479173,10.7191725,11.009172,11.619172,12.049172,12.409172,12.509172,12.9691725,13.819172,14.109173,14.239172,13.9291725,13.419172,12.549172,12.049172,11.009172,10.879172,10.819172,10.909172,9.629172,8.449172,7.9891725,8.099173,6.3691726,5.4391723,4.229172,3.1291723,2.5191724,0.83917236,0.61917233
11.309173,11.509172,10.839172,11.029172,11.4291725,11.109173,11.269173,11.039172,10.809173,10.149173,11.029172,10.089172,11.609173,12.7191725,10.999172,10.269173,9.279172,8.589172,8.489172,8.209172,8.209172,8.259172,7.9391723,8.249172,8.399173,8.579172,8.539172,8.999172,9.299172,9.619172,10.329172,10.629172,11.099173,11.319172,11.729173,11.859173,11.949172,11.709172,12.259172,11.689173,12.559173,12.199172,11.819172,11.519173,10.239172,8.509172,8.2191725,8.209172,7.3591723,6.2591724,4.3191724,4.0291724,3.0291724,2.7391725,1.3991723,-0.28082764,-0.27082765
12.019173,11.9291725,12.559173,11.359173,11.949172,13.739172,15.009172,12.239172,10.619172,10.689173,7.7791724,10.149173,12.6791725,12.889173,9.699172,9.079172,8.209172,8.599173,7.999172,7.789172,7.0491724,7.229172,7.4391723,7.6991725,7.789172,7.9591722,7.9891725,7.8591723,8.169172,8.749172,8.699172,9.129172,9.079172,9.199172,9.289172,9.249172,9.349173,9.869172,9.809173,10.279172,10.339172,10.279172,9.909172,9.319172,7.9291725,7.999172,7.2791724,5.8391724,5.2091722,4.2791724,3.0691724,2.9691725,2.1491723,1.6891724,0.46917236,-0.41082764,-1.7608277
13.369172,13.729173,12.959172,14.269173,12.399173,12.489172,16.009172,12.2191725,11.4291725,10.269173,6.8591723,11.029172,12.119172,9.629172,8.359173,8.359173,8.529172,8.899173,7.3191724,6.6291723,6.2391725,6.3191724,6.6891723,7.0291724,6.9091725,6.9391723,7.4591722,7.4391723,7.059172,6.5891724,7.329172,7.289172,7.3691726,6.6491723,6.4391723,7.4591722,6.8191724,6.9391723,7.229172,7.749172,7.249172,7.5291724,7.4691725,6.9491725,6.7591724,6.3591723,5.1991725,4.8191724,4.1491723,3.1791723,1.8991723,1.2791724,1.0391724,0.97917235,1.3491724,0.43917236,-1.3208276
11.519173,12.409172,12.649173,12.329172,13.309173,13.609173,12.589172,12.659172,11.379172,7.2391725,10.329172,10.449172,9.649173,9.139173,7.0291724,7.0091724,7.1691723,6.8191724,5.9591722,4.9191723,5.1991725,5.019172,5.3491726,5.3191724,5.3891726,5.289172,5.059172,4.809172,4.2591724,4.2991724,4.3991723,5.4391723,4.7191725,4.8391724,4.789172,4.269172,4.9291725,5.4291725,5.6491723,5.5891724,5.3491726,5.7091722,5.729172,5.2591724,5.5991726,4.4491725,4.4091725,3.1991723,3.1791723,3.3791723,1.8291724,1.2491723,0.6291724,0.86917233,0.54917234,-0.18082763,-1.0208277
9.979173,11.149173,11.519173,11.099173,11.779172,11.769173,9.539172,9.029172,10.759172,11.599173,10.1791725,9.889173,6.9591722,7.2391725,5.999172,5.309172,5.979172,5.4491725,4.6391726,3.5591724,3.2491724,3.4491723,3.9791725,3.7091722,3.8191724,3.2791724,2.5391724,2.0791724,1.6491723,1.4991723,3.1391723,3.2991724,3.5491724,3.9691725,4.7191725,4.269172,3.8791723,4.039172,4.1991725,3.9891725,4.039172,4.0291724,3.4291723,3.4491723,2.5691724,2.9591722,3.2891724,1.8091724,1.5391724,1.3591723,1.3691723,0.14917237,0.61917233,0.119172364,-1.1608276,-1.0408276,-0.6708276
7.5891724,8.399173,8.839172,9.479173,8.509172,8.919172,8.899173,5.579172,6.2791724,9.599173,8.359173,8.129172,5.729172,5.6491723,4.5991726,3.2391725,3.6291723,2.7491724,2.1591723,1.9791723,1.8191724,2.3291724,2.7991724,3.2491724,2.3191724,1.6391723,0.95917237,0.7491724,2.7191725,3.0091724,-0.41082764,1.5191723,2.1591723,5.1791725,3.0091724,2.8491724,2.8191724,2.8391724,2.6091723,2.8491724,2.5691724,2.7091722,1.9091724,0.8891724,0.37917235,0.29917237,0.30917236,-0.36082762,-0.45082763,-0.14082764,0.22917236,-0.100827634,-0.040827636,-0.7508276,-1.0208277,-0.77082765,-0.8708276
5.9191723,5.6591725,6.5291724,6.4491725,6.5991726,6.579172,6.6691723,6.2391725,6.4891725,5.4191723,6.9291725,5.309172,4.499172,4.0291724,2.7291725,1.6991724,2.2691724,2.3791723,2.0591724,1.7091724,1.4791723,1.1491723,1.5291724,1.9391724,2.1691723,2.2591724,1.8791723,1.7691723,1.1891724,2.2591724,2.2991724,2.7791724,3.3691723,2.8791723,1.6491723,1.8691723,2.4791725,2.2391725,1.8791723,1.8691723,2.4191723,0.60917234,0.24917236,-0.52082765,-0.8608276,-0.83082765,-1.0608276,-0.96082765,-0.53082764,-0.89082766,-1.0008277,-1.0008277,-0.47082764,-0.7408276,-0.58082765,-1.2408277,-1.4608276
2.8091724,3.1391723,4.019172,4.2191725,4.6991725,5.1091723,4.829172,4.7391725,5.0291724,4.329172,4.6091723,3.3091724,3.3391724,2.4191723,2.5291724,2.8591723,0.65917236,0.029172363,0.53917235,0.15917236,-0.24082763,1.8791723,0.10917237,0.20917237,0.72917235,-0.25082764,-1.4308276,0.96917236,0.70917237,-0.7408276,-0.25082764,-0.41082764,0.66917235,0.46917236,0.48917237,0.7691724,1.0391724,1.6091723,1.7991724,1.1991724,2.3091724,0.46917236,-1.0708276,-1.6008277,-0.49082765,-1.6708276,-1.1408277,-1.4308276,-1.9108276,-1.7308277,-1.5208277,-1.2808276,-0.71082765,-0.010827636,-1.1508276,-1.6608276,-1.3608277
0.9491724,1.0691724,1.8791723,1.4791723,2.6791723,2.7891724,2.5291724,3.2391725,3.3091724,2.7791724,1.7791724,1.7491723,1.3091724,1.1591724,0.6391724,1.1191723,0.06917236,-0.76082766,-1.1608276,-0.76082766,-0.71082765,-1.2008276,-0.57082766,-1.4708276,-0.16082764,0.7591724,-0.060827635,-1.1308277,-1.2008276,-1.1308277,-2.2508276,-3.4008276,-1.8708277,-0.18082763,0.13917236,-0.30082762,-0.39082763,0.029172363,2.0491724,0.48917237,-0.5608276,-0.030827636,0.48917237,0.6391724,-0.83082765,-0.9308276,-2.2008276,-1.6408277,-2.2808275,-2.4308276,-2.3808277,-1.9208276,-2.3608277,-2.4708276,-2.2408276,-2.3008277,-2.0208275
-1.7908276,-1.8408276,-1.3908277,-0.58082765,-0.36082762,-0.09082764,0.59917235,0.41917238,0.65917236,0.44917238,0.18917236,-0.37082765,-0.5008276,-1.1808276,-1.5108277,-1.2708277,-1.1908276,-1.1008277,-2.5108275,-2.3108277,-2.1908276,-2.2308276,-2.3808277,-2.8208277,-2.7908278,-2.4308276,-2.1008277,-1.6108277,-0.47082764,-0.48082763,-0.18082763,-0.46082765,-2.9808276,-2.5408278,-2.6508276,-2.4408276,-2.0108275,-1.2708277,-1.6108277,-1.8908277,-1.7908276,-0.7308276,0.49917236,-0.16082764,-0.6708276,-1.0408276,-2.6308277,-1.9908277,-2.1208277,-1.4908277,-2.5808277,-3.1108277,-3.3008277,-3.4108276,-3.1508276,-3.0908277,-3.6108277
-5.1808276,-3.8108277,-3.7008276,-3.4308276,-2.8008277,-2.1408277,-1.9608276,-1.6908276,-1.7208276,-2.0408278,-2.3308277,-2.4008276,-2.9208276,-3.7308276,-3.6408277,-3.8608277,-3.5908277,-3.6208277,-3.5708277,-3.4708276,-3.2008276,-4.1108274,-4.5408278,-4.3808274,-4.0508275,-3.1808276,-2.6908276,-2.8308277,-2.2108276,-1.3308276,-0.88082767,-3.0008276,-3.6808276,-2.8808277,-3.2508276,-3.2208276,-3.6608276,-3.6208277,-3.9108276,-2.8808277,-2.5408278,-1.9308276,-1.1208277,-1.7608277,-1.8308276,-2.0308275,-2.9208276,-2.9608276,-2.2308276,-1.9508276,-2.8808277,-3.0808277,-3.1808276,-3.4708276,-3.3108277,-3.2508276,-2.9508276
-6.4308276,-6.3408275,-6.4108276,-6.6808276,-6.0508275,-5.1208277,-4.520828,-4.2408276,-4.440828,-4.4008274,-4.230828,-4.420828,-4.7808275,-5.0308275,-4.6608276,-5.3108277,-5.5808277,-6.3108277,-5.710828,-4.710828,-4.4508276,-5.4108276,-4.980828,-4.7608275,-4.3308277,-3.3608277,-3.0208275,-3.2308276,-3.1708276,-2.9608276,-3.2608275,-2.8308277,-3.8308277,-4.9008274,-4.1408277,-3.0808277,-3.8608277,-4.8608274,-4.6508274,-4.3608274,-4.1008277,-3.6808276,-3.5808277,-3.7208276,-3.7208276,-4.0508275,-3.9308276,-3.4608276,-3.1108277,-3.3708277,-3.5608277,-3.5708277,-3.5808277,-3.4708276,-3.4408276,-4.210828,-3.7408276
-8.110827,-8.190827,-8.900827,-9.160828,-8.5308275,-7.5508275,-6.6608276,-6.3808274,-5.980828,-6.1508274,-6.2008276,-6.170828,-6.1808276,-6.1808276,-6.0508275,-6.3108277,-6.8708277,-7.020828,-6.9308276,-5.920828,-5.8508277,-5.2908278,-5.6308274,-5.520828,-5.1608276,-4.3408275,-4.460828,-4.4708276,-4.9508276,-4.1208277,-4.170828,-4.5808277,-4.980828,-5.520828,-4.6808276,-5.500828,-5.9308276,-6.000828,-6.3408275,-5.940828,-5.6308274,-5.3808274,-5.6008277,-5.1808276,-5.3508277,-5.1808276,-5.1108274,-5.0708275,-4.9508276,-4.6608276,-4.4308276,-4.5808277,-4.440828,-4.3508277,-3.6208277,-3.2408276,-3.0308275
-7.6608276,-6.170828,-9.880828,-11.760828,-12.540828,-9.840828,-8.460828,-8.340828,-8.040828,-7.8608274,-7.9008274,-7.2608275,-7.1008277,-7.0408278,-7.1208277,-7.3808274,-7.420828,-8.110827,-7.6608276,-7.210828,-7.1208277,-6.8108277,-6.4908276,-6.6008277,-5.9008274,-6.020828,-5.2808275,-4.940828,-4.6408277,-5.0908275,-5.7608275,-6.3108277,-5.1608276,-6.5308275,-6.3308277,-7.1008277,-7.0608277,-7.4108276,-7.8308277,-7.420828,-6.7008276,-6.5708275,-6.3908277,-6.3208275,-6.2908278,-6.3408275,-6.3808274,-6.460828,-5.960828,-5.7808275,-5.5908275,-5.3708277,-4.980828,-4.9108276,-3.9308276,-3.4508276,-2.7608275
-4.1108274,-2.2908278,-7.1508274,-14.2808275,-16.470827,-10.420828,-9.400827,-9.690827,-9.680828,-9.080828,-8.950828,-8.750828,-8.220828,-8.190827,-8.180828,-8.170828,-8.150827,-8.420828,-8.430828,-8.430828,-7.4308276,-7.5708275,-7.5108275,-7.2808275,-7.0908275,-6.8908277,-6.5608277,-6.7008276,-6.3908277,-6.3108277,-7.230828,-6.9108276,-7.460828,-7.4708276,-7.520828,-8.160828,-8.120828,-8.300828,-8.430828,-8.380828,-7.5708275,-7.4708276,-7.250828,-7.2808275,-7.2208276,-7.020828,-7.1308274,-6.960828,-6.4008274,-6.2608275,-6.250828,-5.7208276,-4.9708276,-4.710828,-3.7208276,-2.8808277,-2.0308275
1.1691724,-0.88082767,3.5991724,-2.1908276,0.6291724,-1.7208276,-5.1108274,-8.970828,-14.2808275,-10.390827,-9.5708275,-10.050828,-9.450828,-9.0708275,-8.470828,-9.2808275,-9.180828,-8.960828,-8.930828,-8.340828,-8.690827,-8.150827,-7.6808276,-8.360827,-8.140827,-8.080828,-7.4508276,-8.060827,-7.6808276,-7.6208277,-8.130828,-8.010828,-7.5708275,-8.010828,-8.360827,-8.790828,-8.610827,-8.540828,-8.500828,-8.400827,-8.0708275,-8.220828,-8.290828,-7.710828,-7.920828,-7.4708276,-7.480828,-7.3608274,-6.960828,-6.2908278,-5.7208276,-5.0108275,-4.6108274,-4.1008277,-3.4508276,-2.3508277,-0.95082766
-12.800828,-12.060827,-15.720828,-12.050828,-8.800828,-9.960828,-11.090828,-9.860827,-10.5308275,-5.8308277,-10.5308275,-10.930828,-10.480827,-10.140827,-9.350827,-9.380828,-9.930828,-9.230827,-9.580828,-9.290828,-9.0708275,-8.7808275,-8.260828,-8.590828,-8.550828,-8.340828,-8.690827,-8.790828,-8.840828,-8.580828,-8.340828,-8.710828,-8.380828,-8.660828,-8.720828,-8.960828,-8.470828,-8.270827,-8.220828,-8.250828,-8.080828,-8.200828,-8.340828,-8.200828,-8.310827,-7.4708276,-7.1408277,-7.1508274,-6.6208277,-6.170828,-5.2208276,-4.1408277,-4.2008276,-3.5808277,-3.2808275,-2.1408277,-0.25082764
-14.440827,-15.230827,-14.150827,-13.170828,-12.2808275,-11.880828,-11.160828,-11.860827,-12.020827,-11.330828,-11.060827,-11.660828,-12.160828,-11.480827,-9.690827,-9.610827,-10.630828,-10.080828,-9.610827,-9.540828,-10.140827,-9.310827,-9.050828,-9.550828,-9.080828,-9.2808275,-9.290828,-9.010828,-8.980827,-9.120828,-8.560827,-8.440827,-8.580828,-8.730827,-8.7808275,-8.550828,-8.520827,-8.180828,-8.060827,-8.250828,-7.920828,-8.000828,-7.9008274,-8.040828,-8.040828,-6.6808276,-6.9008274,-6.3608274,-6.3208275,-6.9908276,0.21917236,-3.5908277,-3.2908278,-3.1008277,-2.9108276,-1.6708276,0.61917233
-14.650827,-14.770827,-14.830828,-14.500828,-13.600827,-12.160828,-11.670828,-12.110827,-11.520827,-12.020827,-12.880828,-12.110827,-11.800828,-10.990828,-9.980827,-9.800828,-10.5308275,-10.150827,-9.760828,-9.610827,-10.180828,-9.860827,-9.210828,-9.360827,-9.800828,-9.700828,-9.410828,-9.290828,-9.440827,-9.580828,-8.790828,-8.3208275,-8.720828,-8.640827,-9.110827,-8.900827,-8.920828,-8.5708275,-8.170828,-8.0308275,-7.9708276,-7.7908278,-8.020827,-8.390827,-7.7008276,-6.8108277,-7.0308275,-6.0408278,-4.3208275,-2.6208277,-6.8108277,-3.7108276,-2.5308275,-1.8208276,-1.9108276,0.48917237,2.9891725
