static/data/gfs.t00z.pgrb2.1p00.f0.json
{"header": {"discipline":0,"disciplineName":"Meteorological products","gribEdition":2,"gribLength":79762,"center":7,"centerName":"US National Weather Service - NCEP(WMC)","subcenter":0,"refTime":"2019-06-20T00:00:00.000Z","significanceOfRT":1,"significanceOfRTName":"Start of forecast","productStatus":0,"productStatusName":"Operational products","productType":1,"productTypeName":"Forecast products","productDefinitionTemplate":0,"productDefinitionTemplateName":"Analysis/forecast at horizontal level/layer at a point in time","parameterCategory":2,"parameterCategoryName":"Momentum","parameterNumber":2,"parameterNumberName":"U-component_of_wind","parameterUnit":"m.s-1","genProcessType":2,"genProcessTypeName":"Forecast","forecastTime":0,"surface1Type":100,"surface1TypeName":"Isobaric surface","surface1Value":100000.0,"surface2Type":255,"surface2TypeName":"Missing","surface2Value":0.0,"gridDefinitionTemplate":0,"gridDefinitionTemplateName":"Latitude_Longitude","numberPoints":65160,"shape":6,"shapeName":"Earth spherical with radius of 6,371,229.0 m","gridUnits":"degrees","resolution":48,"winds":"true","scanMode":0,"nx":360,"ny":181,"basicAngle":0,"lo1":0.0,"la1":90.0,"lo2":359.0,"la2":-90.0,"dx":1.0,"dy":1.0}, "data":
[rows 75 to 99 of 181, columns 58 to 115 of 360]
10.999282,10.999282,11.299282,11.649282,11.799282,12.579282,12.589282,13.099282,13.939282,12.089282,12.059282,11.599282,10.849282,9.169282,8.239283,6.1892824,1.1192822,1.5892823,5.199282,6.6192822,8.629282,7.3092823,7.0992823,3.4592822,7.699282,1.6592822,4.8092823,4.6692824,11.629282,0.43928224,4.949282,4.9592824,8.699283,9.189282,9.169282,7.299282,5.8492823,5.629282,4.659282,5.5992823,-0.9607178,0.5392822,1.6792822,0.46928224,2.1392822,3.0492823,3.4692822,2.4092822,0.34928223,-0.16071777,0.8292822,1.8292823,-0.51071775,-0.88071775,-2.0507178,-3.3207178,-3.6207178,-3.8507178
11.719282,12.329282,12.1092825,13.059282,13.059282,13.189282,13.819283,13.989283,14.3592825,12.569283,12.569283,11.919282,10.949283,9.989283,9.569283,8.689282,5.3492823,0.17928223,4.799282,6.3292823,8.229282,5.239282,2.2792823,2.3292823,9.939282,4.1192822,5.1892824,6.5992823,5.3992825,2.9292822,6.469282,8.759282,8.289282,10.629282,7.009282,6.1492825,6.5392823,7.639282,7.4192824,5.859282,5.8692822,0.25928223,1.0992823,-3.5407178,-0.33071777,3.7492821,1.7992822,2.0392823,0.50928223,-0.5507178,0.9492822,1.3192822,-0.93071777,1.0792823,-1.4707178,-3.1807177,-3.4207177,-3.6407177
11.709282,12.429282,12.559282,12.829282,13.129282,12.919282,13.929282,14.159283,14.349282,13.419282,12.709282,13.479282,11.489283,10.759282,9.839282,10.119282,7.8292823,-2.990718,4.489282,3.3992822,6.659282,5.509282,3.7892823,6.799282,6.049282,6.159282,5.049282,6.109282,0.9192822,3.2492821,8.509282,8.309282,8.579282,9.679282,8.219282,3.6792822,4.5992823,5.3492823,6.3092823,6.6692824,6.069282,0.11928222,-0.22071777,1.0892823,-1.0707178,1.2492822,5.279282,1.7492822,0.7192822,0.18928222,-0.060717773,1.6592822,0.13928223,0.17928223,-0.7207178,-3.2307177,-3.6807177,-3.7007177
11.009282,11.539282,11.829282,12.289282,12.809282,12.579282,12.739283,13.839282,14.289282,14.009282,13.729282,13.179282,11.8592825,10.959282,10.819283,10.069283,9.6092825,3.4192822,0.8492822,2.5292823,0.60928226,1.8092822,3.0792823,5.989282,5.0392823,7.129282,5.779282,4.2692823,0.5392822,2.5192823,8.209282,9.579282,8.489283,8.779283,7.0992823,4.3692822,3.3392823,5.139282,6.109282,6.609282,7.5192823,-0.29071778,1.8792822,4.699282,1.0192822,0.019282227,0.019282227,-0.74071777,-0.20071778,-0.040717773,-0.15071778,0.8992822,-0.5507178,-0.33071777,0.039282225,-2.3007178,-3.4007177,-3.0807178
11.239283,11.849282,11.819283,12.299282,12.869282,12.049282,12.539282,13.809282,12.969282,12.629282,13.049282,12.799282,11.949283,11.469282,10.439282,10.549282,11.379282,7.3092823,-0.75071776,4.299282,7.089282,6.879282,6.3292823,6.0192823,6.989282,7.509282,5.639282,4.8992825,3.7092822,4.9792824,7.449282,8.549282,8.269282,8.349282,6.3992825,4.6892824,4.7892823,6.009282,5.719282,6.7292824,5.9992824,0.6692822,5.4592824,6.8292823,2.9692822,0.45928222,0.73928225,2.5592823,3.2692823,0.80928224,1.4592823,-1.2907177,-2.1007178,0.25928223,0.6392822,-0.14071777,-0.43071777,-3.3807178
12.1092825,11.499282,11.929282,12.649282,12.739283,12.149282,12.029283,13.119282,12.989283,11.939282,12.319283,12.419282,10.729282,11.419282,10.969282,10.289282,10.699283,9.899282,4.359282,1.6992822,2.6092823,2.5192823,4.859282,6.739282,7.4792824,7.139282,5.389282,4.2492824,5.509282,7.4592824,7.699282,8.069283,8.739283,8.169282,7.219282,6.3992825,5.639282,5.129282,6.2492824,6.279282,4.7692823,0.85928226,4.429282,2.3292823,4.279282,2.8692822,4.129282,5.659282,4.0992823,8.499282,9.249282,3.6692822,4.029282,2.8292823,2.6192822,2.7492821,3.3092823,-0.6607178
11.879282,12.329282,12.029283,12.079282,12.289282,11.749282,11.539282,11.959282,11.239283,10.399282,11.689282,11.209282,10.589282,10.899282,11.289282,10.759282,10.499282,10.169282,8.289282,1.3892822,7.3492823,8.6092825,5.6692824,7.7492824,9.489283,9.6092825,5.9592824,5.239282,7.1692824,9.159283,8.6092825,8.039282,8.369282,7.859282,7.5192823,6.319282,5.2892823,5.9592824,6.989282,7.3692822,2.5692823,0.98928225,1.6492822,-0.93071777,1.6292822,2.3092823,3.009282,3.0692823,7.6692824,8.399282,9.589282,9.849282,8.699283,6.3992825,4.929282,4.819282,4.379282,3.8592823
11.809282,11.689282,11.429282,11.729282,11.299282,11.069283,10.759282,10.709282,9.769282,8.909283,9.729282,9.549282,9.029283,9.309282,8.849282,8.949283,10.409283,10.459282,10.019282,9.429282,15.549282,14.309282,5.3992825,6.9592824,7.8092823,3.2492821,7.4992824,8.679282,8.909283,8.839282,9.219282,8.449283,6.639282,8.379282,6.969282,6.529282,6.4192824,6.2892823,6.9992824,6.6192822,1.9392822,1.8692822,4.469282,4.0592823,0.87928224,1.2992822,1.8092822,4.359282,6.069282,8.299282,9.589282,9.499282,8.759282,6.0992823,5.179282,4.879282,5.659282,2.6292822
10.899282,10.439282,10.389282,10.589282,11.019282,10.729282,9.869282,9.819283,9.079282,8.959282,8.529283,9.119282,8.909283,8.619282,8.679282,8.419282,9.039282,9.529283,10.639282,12.319283,13.3592825,13.319283,4.469282,2.7692823,5.429282,9.959282,10.459282,10.009282,9.889282,9.199283,8.549282,8.1092825,7.2492824,8.119282,7.3092823,6.0992823,5.609282,6.549282,6.8092823,5.7892823,1.2892822,2.1892822,0.5992822,2.8192823,0.38928223,-0.6107178,0.35928223,2.4392822,4.8292823,6.989282,8.379282,8.369282,8.1092825,5.879282,5.7292824,4.8492823,6.3992825,2.2792823
9.339282,9.449283,10.429282,9.619282,9.119282,9.369282,9.309282,8.389282,8.669282,8.459282,8.6092825,8.429282,8.129282,7.3092823,7.629282,6.8992825,7.6692824,8.229282,9.719282,11.139282,12.379282,12.829282,11.819283,11.459282,14.069283,12.449283,11.549282,10.979282,9.939282,9.149282,7.5192823,7.8992825,7.8292823,8.099282,7.509282,6.319282,4.9192824,6.259282,3.2992823,0.3092822,1.6792822,1.4592823,-0.8307178,0.069282226,0.8892822,-0.6707178,-0.7207178,0.16928223,2.9592822,5.7692823,7.6692824,6.8692822,6.199282,4.679282,4.8092823,5.069282,3.1592822,1.2192823
8.989283,9.399282,8.279283,8.919282,8.189282,8.669282,8.539282,7.699282,6.5592823,7.639282,7.0592823,6.7892823,7.529282,5.739282,5.279282,5.969282,6.799282,7.7492824,8.099282,8.659283,10.579282,12.159283,11.959282,11.839282,12.069283,11.259282,10.749282,10.019282,9.699283,8.679282,8.439282,7.949282,7.5792823,7.819282,7.359282,5.879282,5.359282,-0.76071775,0.019282227,0.3092822,3.4092822,-1.8607178,-1.4807178,-0.18071777,0.81928223,0.75928223,0.9692822,0.079282224,1.6192822,4.659282,5.489282,6.8492823,4.319282,3.6892822,3.3792822,2.9792821,0.039282225,1.2792822
8.059282,7.2292824,8.009282,7.6192822,7.529282,7.5992823,7.3492823,6.6192822,5.279282,5.3992825,5.8492823,5.139282,5.7692823,6.0792823,5.7292824,5.429282,7.739282,7.2892823,6.429282,7.529282,7.489282,9.579282,10.719282,10.819283,11.489283,11.349282,10.209282,9.289282,9.989283,8.589282,7.9992824,7.7692823,7.889282,6.389282,6.3692822,5.3492823,4.239282,1.9192822,-2.3907177,-0.38071778,1.5892823,1.6492822,-0.23071778,0.16928223,-0.27071777,0.7192822,1.4292822,-1.2807177,0.44928223,2.5392823,1.9192822,5.0192823,3.8492823,4.3292823,1.7792822,2.4292822,-1.0707178,-0.7307178
7.239282,5.9792824,6.409282,6.8292823,7.2692823,5.4792824,4.859282,5.3292823,4.5792823,4.0792823,4.259282,4.7092824,5.779282,4.889282,5.4192824,4.8292823,6.819282,4.679282,5.2292824,3.5192823,6.8092823,10.349282,11.169282,10.939282,11.159283,10.539282,9.719282,9.929282,8.979282,7.8292823,6.2492824,7.129282,7.139282,4.7492824,4.9392824,5.889282,4.4792824,3.9892821,-1.8907177,3.7292821,-0.89071774,1.6492822,-0.8607178,-3.2707179,-1.1507177,0.6592822,1.3692822,0.54928225,0.6992822,1.0492822,0.60928226,1.1092823,2.2692823,-2.9007177,-0.4407178,-1.7007178,-0.76071775,-0.49071777
5.2092824,6.7092824,6.629282,5.8692822,4.0592823,3.4592822,3.3292823,3.5392823,2.7492821,3.6592822,3.3292823,4.3092823,3.4092822,3.2992823,4.489282,5.629282,5.679282,4.889282,1.0492822,0.5392822,12.159283,13.169282,13.069283,13.969282,9.459282,7.659282,7.8692822,8.739283,8.719282,8.269282,4.359282,7.379282,8.849282,5.159282,4.699282,7.029282,2.8992822,2.2792823,0.069282226,-1.9807178,1.8892822,-0.030717773,0.14928223,-1.4107177,-2.1307178,-0.95071775,1.8092822,0.23928222,-1.6807178,-0.32071778,-0.93071777,-1.5907178,-0.9807178,-3.7007177,-1.2707177,-0.5207178,-0.8307178,0.19928223
6.1492825,6.0592823,5.9992824,1.1692822,2.0692823,1.3592823,2.0492823,2.0692823,1.3992822,0.9092822,1.8192822,1.8792822,1.1292822,0.46928224,2.3592823,1.9892823,2.3492823,0.29928222,-2.1607177,0.38928223,9.799282,13.319283,14.299282,14.039282,8.829282,7.139282,6.279282,6.6692824,7.0792823,5.089282,3.6292822,6.5192823,6.8492823,4.159282,7.0992823,5.759282,1.3992822,-0.95071775,-0.17071778,-3.3707178,-1.0007178,-1.2507178,0.56928223,-0.9707178,-0.7707178,1.5492822,-1.5707178,-0.40071777,-1.0207177,-1.2007178,-1.8107178,-1.9407178,-0.4407178,-0.62071776,-1.4107177,-1.3807178,-0.060717773,0.08928223
5.8492823,5.859282,4.609282,-1.5607178,0.19928223,-0.23071778,0.81928223,0.5992822,0.9092822,-0.68071777,0.24928223,-1.1307178,-1.3207178,0.3392822,1.2692822,0.73928225,3.8592823,1.2292823,-2.1907177,0.85928226,8.019282,5.6892824,11.949283,9.419282,6.5792823,6.4392824,5.8092823,5.9192824,5.3092823,5.049282,3.6092823,5.089282,6.0392823,5.4392824,7.5992823,0.9192822,-1.9607178,-2.4707177,-1.7607177,-3.3107178,-1.5907178,-3.2607179,-1.7707177,-0.040717773,0.09928223,1.3092822,-1.7207178,-0.56071776,-1.3207178,-2.9607177,-2.2607179,-4.870718,-1.4307178,-1.5407177,-0.50071776,-0.5507178,-0.28071776,-0.08071777
4.7492824,3.4092822,0.79928225,-1.3207178,-1.3007178,-2.1307178,-2.1307178,-2.1907177,-2.5007179,-2.4207177,-1.9607178,-3.0307178,-1.5507178,-2.0407178,-0.38071778,1.0792823,1.2892822,2.6792822,1.8292823,5.1892824,2.9592822,4.379282,3.8492823,4.8692822,3.9892821,3.9592822,4.279282,4.879282,4.389282,3.2292821,3.6092823,2.1792822,2.0492823,4.9392824,1.8192822,-0.94071776,-3.2607179,-4.620718,-3.5407178,-3.4507177,-3.4607177,-2.7007177,-2.9407177,0.54928225,-0.43071777,0.93928224,-0.6007178,-2.6307178,-2.1807177,-3.2007177,-2.9407177,-4.260718,-1.6907178,-0.94071776,-0.8007178,-0.24071777,1.2192823,0.93928224
4.029282,2.5492823,-1.1607177,-1.2407178,-3.1507177,-3.9707177,-3.4607177,-3.6307178,-4.240718,-3.4107177,-3.490718,-2.5207179,-3.8307178,-3.2707179,-3.9507177,-1.0507178,0.24928223,-0.25071776,-1.3407178,-0.74071777,-1.4207177,-0.49071777,-0.50071776,0.54928225,0.6992822,2.0692823,2.1092823,3.3392823,3.2792823,2.509282,3.0292823,2.8792822,2.4292822,0.9492822,-2.9007177,-2.6507177,-3.8907177,-5.490718,-5.450718,-4.6907177,-4.780718,-4.1907177,-4.550718,-0.8007178,0.40928224,0.9092822,-1.4207177,-1.6107178,-0.7107178,-4.4207177,-5.530718,-3.4807177,-5.0007176,-0.94071776,-0.7107178,-0.40071777,0.62928224,0.05928223
1.2392823,-1.5707178,-2.9607177,-3.2707179,-3.2807178,-4.8307176,-4.610718,-5.240718,-4.970718,-4.5007176,-4.700718,-3.5707178,-4.780718,-4.360718,-4.9207177,-3.8907177,-3.5807178,-2.6307178,-2.2007177,-1.9407178,-1.6507177,-1.3507178,-3.0707178,-1.3407178,-0.26071778,0.56928223,0.6992822,2.6692822,5.639282,3.1992822,2.1192822,1.8892822,-0.42071778,-1.8207178,-3.6407177,-4.3307176,-5.030718,-7.6707177,-6.240718,-6.070718,-7.050718,-4.910718,-5.340718,-5.2107177,-0.74071777,0.18928222,-1.7007178,1.0692822,-3.5907178,-6.2107177,-5.0207176,-6.200718,-4.870718,-2.3607178,-1.7707177,-1.6807178,0.20928222,-0.6007178
-1.4007177,-2.7507179,-4.3507175,-4.9807177,-5.280718,-5.590718,-6.2907176,-5.800718,-5.470718,-6.120718,-6.680718,-6.990718,-6.0207176,-5.7907176,-5.390718,-5.0807176,-4.9607177,-4.0407176,-3.8507178,-2.8907177,-2.7507179,-2.8507178,-2.5807178,-1.4907178,-1.6307178,-1.0807178,0.7692822,2.7892823,3.7392821,-0.7107178,-0.70071775,-0.6607178,-2.3707178,-3.6207178,-5.410718,-5.3807178,-7.1907177,-8.480718,-6.990718,-7.570718,-7.320718,-7.4607177,-6.240718,-5.4807177,-6.4607177,-0.5807178,0.3392822,-0.39071777,-5.9207177,-6.800718,-7.9207177,-6.1507177,-4.990718,-6.0207176,-5.1507177,-5.010718,-5.530718,-3.5907178
-3.8307178,-4.5207176,-6.2707176,-6.390718,-6.6907177,-6.5607176,-5.910718,-5.0807176,-6.1307178,-6.3107176,-7.6007175,-6.970718,-6.820718,-7.180718,-7.3807178,-7.120718,-6.0207176,-5.5207176,-4.780718,-4.1507177,-3.0507178,-2.6807177,-2.7307177,-3.7807178,-1.5607178,-2.4207177,0.61928225,1.5792823,-1.7907177,-3.5207179,-3.4707177,-4.120718,-5.320718,-5.910718,-6.4807177,-6.010718,-6.110718,-8.400718,-8.050717,-8.310718,-8.920718,-8.190718,-7.610718,-7.3307176,-6.280718,-6.370718,-0.46071777,0.8492822,-5.890718,-7.0407176,-6.9407177,-5.8307176,-5.9807177,-6.050718,-5.5207176,-5.6907177,-5.8807178,-6.450718
-5.1307178,-6.1707177,-8.320718,-7.6707177,-8.210718,-7.550718,-5.9807177,-6.970718,-7.010718,-8.330718,-4.950718,-7.910718,-8.200718,-8.680717,-7.590718,-7.0007176,-6.9807177,-6.1007175,-5.360718,-4.530718,-3.1507177,-1.8807178,-2.4107177,-3.0907178,-3.1607177,-2.5607178,-2.5907178,-2.7307177,-3.5307178,-2.7007177,-4.9607177,-6.870718,-8.060718,-6.7507176,-7.9407177,-7.430718,-6.550718,-7.740718,-8.600718,-9.1407175,-9.820718,-8.130718,-8.430717,-8.200718,-8.070718,-7.800718,-6.2507176,-3.0607178,-2.2007177,-4.430718,-4.2107177,-1.8307178,-3.6107178,-4.300718,-3.9007177,-5.870718,-6.470718,-5.780718
-6.510718,-6.870718,-8.040718,-8.990718,-9.200718,-8.360718,-6.320718,-8.850718,-6.1007175,-9.010717,-7.340718,-8.750718,-8.500718,-8.680717,-8.760717,-8.020718,-7.490718,-6.530718,-5.9207177,-4.610718,-3.8407178,-3.5707178,-2.2307177,-3.2007177,-3.990718,-2.8807178,-2.8507178,-3.1707177,-3.6007178,-7.590718,-4.860718,-7.840718,-6.8507175,-7.6907177,-7.950718,-8.040718,-7.180718,-7.5607176,-8.400718,-8.900718,-9.150718,-8.6407175,-8.710718,-9.200718,-8.920718,-8.520718,-8.120718,-8.470717,-4.3307176,-0.70071775,-0.100717776,0.6692822,0.14928223,-0.35071778,-0.29071778,-2.3207178,-5.930718,-5.740718
-7.320718,-8.690718,-8.800717,-8.840717,-10.210718,-8.350718,-5.120718,-7.090718,-8.270718,-9.080718,-8.000718,-8.480718,-8.710718,-9.150718,-8.730718,-8.690718,-7.610718,-5.3807178,-5.870718,-5.5607176,-5.4207177,-3.6407177,-4.0807176,-3.7507179,-4.110718,-4.640718,-3.9307177,-5.200718,-7.8307176,-7.5807176,-7.5807176,-6.7507176,-7.6507177,-7.9807177,-8.130718,-8.080718,-7.320718,-8.160718,-8.570718,-8.920718,-8.600718,-8.3907175,-8.660718,-9.160718,-9.000718,-9.430717,-8.920718,-9.460718,-9.660718,-10.050717,-8.290718,-6.360718,-3.4107177,-0.76071775,1.7692822,-0.5407178,-0.5307178,0.46928224
-7.530718,-8.700718,-10.110718,-8.740718,-11.120718,-7.6507177,-7.8107176,-9.180717,-8.860718,-9.350718,-8.590717,-8.800717,-9.130718,-9.180717,-8.490718,-7.8807178,-7.490718,-6.8507175,-5.4607177,-5.7107177,-6.680718,-5.180718,-5.5207176,-4.6907177,-4.8107176,-5.370718,-5.140718,-6.7107177,-6.1307178,-7.510718,-7.090718,-7.7907176,-7.160718,-8.420718,-8.420718,-8.200718,-8.050717,-8.3907175,-9.220717,-8.440718,-8.970717,-9.040718,-9.190718,-9.480718,-9.380718,-8.850718,-9.020718,-9.370718,-9.1407175,-8.990718,-8.180717,-7.3507175,-6.3307176,-6.7507176,-6.780718,-6.4207177,-4.9407177,-4.3107176
