static/data/gfs.t00z.pgrb2.1p00.f6.json
{"header": {"discipline":0,"disciplineName":"Meteorological products","gribEdition":2,"gribLength":80975,"center":7,"centerName":"US National Weather Service - NCEP(WMC)","subcenter":0,"refTime":"2019-06-20T00:00:00.000Z","significanceOfRT":1,"significanceOfRTName":"Start of forecast","productStatus":0,"productStatusName":"Operational products","productType":1,"productTypeName":"Forecast products","productDefinitionTemplate":0,"productDefinitionTemplateName":"Analysis/forecast at horizontal level/layer at a point in time","parameterCategory":2,"parameterCategoryName":"Momentum","parameterNumber":3,"parameterNumberName":"V-component_of_wind","parameterUnit":"m.s-1","genProcessType":2,"genProcessTypeName":"Forecast","forecastTime":9,"surface1Type":100,"surface1TypeName":"Isobaric surface","surface1Value":100000.0,"surface2Type":255,"surface2TypeName":"Missing","surface2Value":0.0,"gridDefinitionTemplate":0,"gridDefinitionTemplateName":"Latitude_Longitude","numberPoints":65160,"shape":6,"shapeName":"Earth spherical with radius of 6,371,229.0 m","gridUnits":"degrees","resolution":48,"winds":"true","scanMode":0,"nx":360,"ny":181,"basicAngle":0,"lo1":0.0,"la1":90.0,"lo2":359.0,"la2":-90.0,"dx":1.0,"dy":1.0}, "data":
[rows 0 to 25 of 181, columns 118 to 176 of 360]
-5.3503294,-5.3903294,-5.43033,-5.4703298,-5.5103297,-5.5403295,-5.5803294,-5.6103296,-5.6403294,-5.6703296,-5.6903296,-5.7203298,-5.7403297,-5.7603297,-5.7803297,-5.8003297,-5.8203297,-5.8303294,-5.8503294,-5.8603296,-5.8703294,-5.8703294,-5.8803296,-5.8803296,-5.8903294,-5.8903294,-5.8903294,-5.8803296,-5.8803296,-5.8703294,-5.8603296,-5.8503294,-5.8403296,-5.8203297,-5.8103294,-5.7903295,-5.7703295,-5.7503295,-5.7303295,-5.70033,-5.68033,-5.6503296,-5.6203294,-5.5903296,-5.5603294,-5.5203295,-5.4803295,-5.45033,-5.41033,-5.3603296,-5.3203297,-5.2803297,-5.2303295,-5.18033,-5.1303296,-5.0803294,-5.0303297,-4.9803295,-4.9203296
-8.050329,-8.130329,-8.20033,-8.28033,-8.350329,-8.42033,-8.49033,-8.550329,-8.600329,-8.65033,-8.69033,-8.720329,-8.760329,-8.78033,-8.810329,-8.83033,-8.840329,-8.850329,-8.850329,-8.83033,-8.810329,-8.78033,-8.75033,-8.71033,-8.66033,-8.61033,-8.550329,-8.50033,-8.45033,-8.40033,-8.350329,-8.29033,-8.2303295,-8.180329,-8.12033,-8.07033,-8.46033,-8.40033,-8.33033,-8.260329,-8.180329,-8.090329,-7.9903297,-7.8803296,-7.7703295,-7.7603297,-7.6503296,-7.5303297,-7.41033,-7.2803297,-7.16033,-7.0303297,-6.9003296,-6.7603297,-6.6203294,-6.4803295,-6.3403296,-6.1903296,-6.0503297
-9.9803295,-9.99033,-9.970329,-9.96033,-9.970329,-9.9803295,-10.00033,-10.020329,-10.04033,-10.08033,-10.12033,-10.17033,-10.510329,-11.16033,-11.270329,-11.380329,-11.4803295,-11.58033,-11.66033,-11.720329,-11.770329,-11.79033,-11.810329,-11.82033,-11.82033,-11.810329,-11.79033,-11.74033,-11.680329,-11.590329,-11.50033,-11.40033,-11.28033,-11.15033,-11.010329,-10.86033,-10.69033,-10.53033,-10.350329,-10.15033,-9.95033,-9.75033,-9.53033,-9.32033,-9.11033,-8.880329,-8.66033,-8.44033,-8.2303295,-8.020329,-7.8003297,-7.5903296,-7.3803296,-7.18033,-6.9603295,-6.7303295,-6.5103297,-6.2803297,-6.0303297
-9.91033,-10.00033,-10.060329,-10.130329,-10.21033,-10.28033,-10.36033,-10.42033,-10.49033,-11.550329,-11.75033,-11.930329,-12.060329,-12.19033,-12.32033,-12.45033,-12.590329,-12.69033,-12.74033,-12.760329,-12.75033,-12.78033,-12.840329,-12.930329,-13.010329,-13.010329,-12.87033,-12.67033,-12.46033,-12.340329,-12.220329,-12.07033,-11.91033,-11.7303295,-11.33033,-10.87033,-10.36033,-9.770329,-9.180329,-8.58033,-7.9803295,-7.3603296,-6.7703295,-6.20033,-5.6903296,-5.2203298,-4.7803297,-4.3003297,-3.8403296,-3.4503295,-3.1203296,-2.8503296,-2.7303295,-2.6403296,-2.4403296,-2.2403295,-1.9603295,-1.4503295,-0.9803296
-9.91033,-10.050329,-10.140329,-10.21033,-10.25033,-10.2303295,-10.220329,-10.270329,-10.37033,-11.430329,-11.890329,-12.24033,-12.44033,-12.44033,-12.36033,-12.340329,-12.4803295,-12.760329,-12.890329,-12.83033,-12.58033,-12.180329,-11.800329,-11.45033,-11.08033,-10.600329,-9.9803295,-9.16033,-8.11033,-6.95033,-5.8003297,-4.7903295,-4.0703297,-3.7703295,-3.5703297,-3.5303297,-3.5803297,-3.7003295,-3.8003297,-3.7103295,-3.5003295,-3.0303297,-2.4303296,-1.6403296,-0.8503296,-0.14032958,0.4796704,1.0096704,1.4696704,1.8996704,2.2396705,2.5596704,2.7596705,2.9496703,3.0796704,3.1896703,3.2396705,3.2596705,3.2396705
-8.83033,-8.83033,-8.930329,-9.12033,-9.40033,-9.720329,-9.9803295,-10.12033,-10.220329,-10.380329,-10.46033,-11.550329,-11.630329,-11.550329,-11.350329,-11.11033,-10.78033,-10.560329,-10.44033,-10.350329,-10.20033,-9.58033,-8.61033,-7.1703296,-5.9903297,-5.2203298,-4.8703294,-4.3103294,-3.2103295,-2.0803297,-1.6103296,-1.7403296,-1.6803296,-1.2903296,-0.6903296,0.04967041,0.94967043,1.8296704,2.6596704,3.2696705,3.6896703,3.9396703,4.0396705,4.0396705,4.0196705,4.0296702,3.9996705,3.9096704,3.7096703,3.5896704,3.5196705,3.6096704,3.7796705,3.9696703,4.1596704,4.2296705,4.2096705,4.04967,3.8896704
-7.6303296,-7.8503294,-8.21033,-8.600329,-8.890329,-9.090329,-9.28033,-9.42033,-9.45033,-9.430329,-9.350329,-9.270329,-9.140329,-8.930329,-8.66033,-9.45033,-9.310329,-9.08033,-8.890329,-8.78033,-8.41033,-7.4603295,-6.2703295,-5.5403295,-5.1903296,-4.8503294,-4.1903296,-3.0803297,-1.9903296,-1.6603296,-2.1003296,-2.7503295,-2.9303296,-2.7003295,-1.8303295,-0.20032959,1.3996704,2.6396704,3.5596704,4.1096706,4.5296702,4.8996706,5.2496705,5.56967,5.8596706,6.1596704,6.31967,6.3996706,6.4396706,6.5296702,6.6696706,6.7796702,6.81967,6.7496705,6.5596704,6.2796702,6.06967,5.9896703,5.9896703
-6.5603294,-6.7503295,-6.8903294,-7.0303297,-7.3703294,-7.7303295,-8.20033,-8.66033,-9.350329,-9.44033,-9.090329,-8.67033,-8.46033,-8.28033,-8.060329,-7.7603297,-7.5903296,-7.4403296,-7.1403294,-6.8503294,-7.5403295,-6.9903297,-6.2103295,-5.3403296,-4.45033,-3.4503295,-2.5103295,-1.6903296,-1.0603296,-0.5303296,-0.05032959,0.39967042,0.9296704,1.5596704,2.1296704,2.4496703,2.5496705,2.7396705,3.3396704,4.3296704,5.4296703,6.1396704,6.4296703,6.7396703,7.1796703,7.3996706,7.2896705,6.7796702,6.2196703,6.1296706,6.56967,7.1496706,7.5196705,7.5796704,7.5096703,7.4596705,7.4596705,7.4196706,7.2696705
-5.0603294,-5.3403296,-5.8203297,-6.18033,-6.4903297,-6.6303296,-6.6403294,-6.8203297,-6.9803295,-7.1303296,-7.1403294,-7.1303296,-7.0603294,-7.1503296,-7.2203298,-7.0903296,-6.6703296,-6.1403294,-5.5303297,-5.0003295,-4.6103296,-4.2803297,-3.8103297,-3.2103295,-2.4603295,-1.6903296,-1.0503296,-0.61032957,-0.12032959,0.3896704,0.88967043,1.2096704,1.6896704,2.4596703,3.2696705,3.8696704,4.3096704,4.8996706,5.6296706,6.1896706,6.6996703,7.3996706,7.9896703,8.119671,7.6896706,7.6196704,7.6296706,7.33967,7.2496705,7.2696705,7.3796706,7.3996706,7.3796706,7.2096705,6.7896705,6.2796702,5.8796706,5.6896706,5.5596704
-1.2703296,-1.8303295,-2.4803295,-2.8703296,-3.3703296,-3.8903296,-4.2903295,-4.5303297,-4.6403294,-4.6103296,-4.45033,-4.2603297,-4.20033,-4.43033,-4.70033,-4.8303294,-4.7103295,-4.3503294,-4.0303297,-3.7903297,-3.4403296,-2.9303296,-2.2903297,-1.6303296,-0.8703296,-0.17032959,0.4496704,0.8496704,1.2196704,1.5196704,1.8596704,2.5496705,3.2096703,3.6096704,4.0196705,4.3696704,4.8096704,5.3496704,5.8996706,6.3496704,6.6896706,6.9296703,6.8296704,6.56967,6.6796703,6.8896704,6.3496704,5.4496703,4.9496703,4.9496703,5.2796702,5.7296705,6.0996704,6.33967,6.5296702,6.6596704,6.7896705,7.2196703,7.79967
-0.9503296,-1.3903296,-1.5403296,-1.6703296,-1.6003296,-1.5603296,-1.3903296,-1.4703296,-1.6303296,-1.7203296,-1.8003296,-1.5203296,-1.2103295,-1.2703296,-1.6603296,-2.1603296,-2.5403297,-2.7603295,-2.7303295,-2.7603295,-2.5403297,-2.1603296,-1.6703296,-1.0903296,-0.5603296,-0.09032959,0.30967042,0.6596704,1.0396705,1.5296704,2.0996704,2.6896703,3.1596704,3.5496705,3.8596704,4.2496705,4.81967,5.1996703,5.1496706,4.3296704,3.2696705,2.7496705,3.1596704,3.8596704,4.4596705,4.8796706,5.31967,6.0996704,6.9096704,7.4596705,7.9496703,8.05967,8.109671,8.59967,8.699671,8.38967,8.2696705,8.229671,8.32967
-0.4203296,-1.0403296,-1.6803296,-2.2503295,-2.6203296,-2.9103296,-3.0903296,-3.2403295,-3.3103297,-3.2203295,-3.1403296,-3.1003296,-3.1703296,-3.2303295,-3.2703295,-3.2303295,-3.1703296,-3.1503296,-3.0903296,-3.1203296,-3.0203295,-2.7803297,-2.5503297,-2.4703295,-2.4003296,-1.9603295,-1.1503296,-0.1903296,0.5596704,0.9296704,0.8296704,0.6496704,1.0596704,1.5896704,1.7696704,1.8196704,2.2296705,2.8896704,3.5196705,3.9996705,4.2696705,4.5596704,5.0596704,5.6196704,6.1396704,6.5796704,6.9196706,7.2796702,7.4396706,7.0196705,7.06967,7.2596703,7.79967,8.239671,8.449671,8.189671,7.4996705,7.2396703,7.6496706
4.7796702,4.2696705,3.6796703,2.9696703,2.2596705,1.4696704,0.6196704,-0.1603296,-0.86032957,-1.4903296,-2.0303297,-2.6503296,-3.2403295,-3.7103295,-3.9503295,-4.1503296,-4.3703294,-4.43033,-4.4203296,-4.2603297,-3.7403295,-3.0603297,-2.4903295,-2.1203296,-1.7403296,-1.3203295,-1.1503296,-1.0803295,-0.9703296,-0.6903296,-0.3303296,0.15967041,0.4396704,0.50967044,0.5396704,0.6796704,0.9196704,1.3396704,2.1096704,2.5296705,2.7096703,3.0096705,3.5996704,4.56967,5.29967,5.5096703,5.83967,6.4596705,6.79967,6.6396704,6.3996706,6.1596704,5.9296703,5.8996706,6.1696706,6.6396704,7.0396705,7.1996703,7.2796702
7.83967,7.3096704,6.7296705,5.8496704,4.81967,3.8696704,3.0696704,2.4096704,1.8496704,1.3796704,0.9096704,0.4796704,0.03967041,-0.4803296,-1.0903296,-1.7103295,-2.2003295,-2.5703297,-2.9403296,-3.1703296,-3.3803296,-3.6003296,-3.7103295,-3.7103295,-3.6903296,-3.6703296,-3.7203295,-3.6403296,-3.7103295,-3.8303297,-3.7303295,-3.1003296,-2.4703295,-2.0203295,-1.9103296,-1.5303296,-0.6203296,0.04967041,0.3896704,0.75967044,1.5696704,2.5396705,3.3496704,3.6196704,3.7196703,3.7396705,3.8196704,4.0096703,4.4496703,4.9496703,5.2896705,5.5096703,5.5396705,5.4596705,5.3996706,5.5596704,5.8796706,6.1096706,5.8096704
11.38967,10.489671,9.199671,7.8796706,6.6596704,5.6096706,4.6596704,3.7896705,2.8096704,1.5596704,0.1996704,-0.99032956,-1.8703296,-2.3303297,-2.6003296,-2.5903296,-2.3703296,-2.2703295,-2.3703296,-2.5103295,-2.5003295,-3.7003295,-5.0103297,-5.6403294,-5.0503297,-4.9403296,-4.4803295,-4.3303294,-4.3903294,-4.45033,-4.45033,-4.41033,-4.0203295,-3.1903296,-1.9903296,-0.8803296,-0.5203296,-0.01032959,0.5196704,0.8796704,0.7796704,1.1996704,1.9196705,1.8996704,1.9596704,2.0796704,1.9996704,1.6696705,1.7296704,2.3596704,3.0796704,3.8796704,4.4196706,4.6196704,4.8496704,5.2596703,5.6396704,5.4096704,4.7396703
10.63967,9.57967,8.409671,7.3596706,6.4796705,5.56967,4.4796705,3.3496704,2.1896703,1.1396704,-3.2958985E-4,-1.1903296,-2.3103297,-3.3703296,-4.2503295,-4.68033,-5.2803297,-6.2303295,-7.9203296,-9.340329,-4.6003294,-2.9403296,-5.4203296,-6.91033,-8.49033,-3.8303297,-5.9603295,-7.1003294,-6.5903296,-4.91033,-4.1003294,-4.4803295,-2.1803296,1.4296705,0.6496704,0.5996704,0.8996704,0.8996704,0.6196704,0.3896704,0.07967041,-0.07032959,-0.12032959,-0.15032959,-0.3603296,-0.10032959,0.6696704,1.4096704,1.8496704,2.1896703,2.5096705,3.0496705,3.8096704,4.3996706,4.9596705,4.9796705,4.3996706,4.0796704,3.6396704
7.79967,6.1396704,5.1896706,4.5396705,3.6996703,3.4696703,3.2996705,2.5896704,1.7596704,0.42967042,-1.1103296,-2.6203296,-4.1003294,-5.91033,-7.2603297,-7.4003296,-7.5803294,-7.9403296,-7.4603295,-7.8603296,-7.5403295,-7.9403296,-6.8803296,-6.93033,-5.9403296,-5.4403296,-4.5803294,-3.5603297,-2.2203295,-0.61032957,0.2296704,0.5296704,1.2696704,1.5996704,0.8996704,0.3296704,0.01967041,-0.20032959,-0.7303296,-0.7903296,-0.5103296,-0.55032957,-0.6403296,-0.4903296,0.02967041,0.7096704,1.3996704,2.1196704,2.8396704,3.4096704,3.6996703,3.7196703,3.7296705,3.5696704,3.1096704,2.7296705,2.6696703,2.4496703,2.1196704
0.6696704,0.5796704,0.11967041,-0.6503296,-0.6403296,0.7996704,1.3396704,0.4796704,-1.3403296,-2.8803296,-3.5203295,-5.1703296,-6.7203298,-7.7603297,-8.75033,-9.41033,-10.16033,-10.390329,-10.08033,-9.50033,-9.4803295,-8.20033,-4.0803294,-2.6103296,-3.6603296,-3.3603296,-1.5403296,0.8296704,1.7996705,1.9896704,2.2096703,2.1296704,1.7696704,1.2396704,0.5496704,-0.08032959,-0.35032958,-0.5603296,-0.8203296,-0.8103296,-0.4803296,0.12967041,0.9996704,1.6496704,2.0296705,2.2896705,2.5496705,2.8696704,3.1296704,3.2296705,3.2796705,3.2096703,3.1996703,3.1396704,2.9596703,2.5696704,1.8196704,1.1696705,0.7796704
1.1396704,0.08967041,-0.6603296,-1.1103296,-2.1703296,-2.7903297,-3.3003297,-4.4703298,-3.7203295,-2.0803297,-1.6303296,-4.7303295,-5.9603295,-7.2303295,-8.010329,-8.220329,-8.00033,-7.45033,-7.4003296,-7.4903297,-7.3103294,-6.2503295,-5.5903296,2.9596703,3.1896703,2.6996703,1.3096704,0.2296704,1.3396704,1.5096704,0.9396704,0.3496704,0.27967042,0.10967041,-0.17032959,-0.47032958,-0.5603296,-0.4003296,-0.05032959,-0.06032959,-0.11032959,0.2596704,0.8696704,1.7996705,2.5996704,3.1796703,3.4396703,3.6596704,4.0096703,4.1996703,4.0996704,3.8996704,3.3496704,3.0296705,2.8996704,2.3196704,1.6896704,1.0396705,0.49967042
-0.99032956,-2.4003296,-3.5803297,-4.4703298,-4.7603297,-4.3603296,-4.9703298,-6.5303297,-5.1903296,-4.4703298,-2.4503295,-3.0003295,-3.8303297,-6.4903297,-6.0203295,-5.0603294,-4.7203298,-4.7303295,-5.5003295,-6.4603295,-3.6803296,2.1796703,2.0896704,1.4796704,1.0796704,0.17967041,0.00967041,-0.8403296,-0.5003296,-3.0603297,-2.6903296,-0.6703296,-1.5503296,-2.0203295,-2.6003296,-2.6003296,-2.3503296,-1.9803296,-1.8003296,-1.3403296,-1.5503296,-1.7903296,-1.8103296,-1.0603296,-0.29032958,0.33967042,1.0496705,1.8896704,2.3996704,2.6096704,2.5196705,2.4696703,2.4996705,2.0996704,1.7296704,1.5996704,1.5896704,1.6196704,1.5796704
-2.9603295,-4.3103294,-4.9903297,-5.5103297,-5.3303294,-6.6203294,-8.16033,-8.70033,-8.300329,0.5796704,1.6996704,0.6696704,1.0496705,-3.7803297,-5.7303295,-5.45033,-4.3303294,-3.4703295,-5.3903294,-6.7103295,0.6896704,1.9196705,1.0296704,1.2296704,0.5496704,0.9196704,-0.05032959,0.88967043,0.8296704,-0.04032959,-0.68032956,-1.4603295,-2.1703296,-3.4103296,-2.6203296,-2.5303297,-2.5103295,-2.4003296,-2.4503295,-2.8803296,-3.5103295,-3.5903296,-5.5403295,-5.0703297,-4.0003295,-1.9403296,-1.2103295,-1.5503296,-2.1103296,-2.1103296,-1.8703296,-1.8703296,-2.0903296,-1.4203296,0.3296704,-0.7903296,-0.28032959,0.9396704,2.9996705
-2.6703296,-3.1703296,-4.4803295,-5.5703297,-5.1103296,-5.2203298,-5.6203294,-6.0903296,-5.3203297,-2.1203296,0.8696704,0.23967041,-0.17032959,-3.5003295,-4.9803295,-6.4803295,-8.100329,-1.9503295,-3.0603297,-2.1603296,0.36967042,2.1896703,2.8396704,1.5296704,1.1896704,0.33967042,-0.5703296,0.18967041,0.27967042,0.13967042,-0.29032958,-0.7503296,-1.7403296,-2.4003296,-2.9603295,-2.6703296,-2.0103295,-1.9703296,-2.8903296,-3.3503296,-4.68033,-6.5503297,-7.7403297,-7.3503294,-2.3003297,-0.28032959,1.5396705,0.2296704,0.9996704,0.45967042,0.6096704,0.5396704,-2.0603297,-4.2403297,-1.0703295,-1.6603296,-1.2103295,-1.8503296,-0.6403296
-2.0503297,-1.7803296,-4.0503297,-2.6703296,-3.4903295,-3.9403296,-6.2403297,-7.4403296,-5.2703295,0.7496704,0.81967044,2.0296705,-1.9503295,-5.43033,-6.41033,-7.3603296,-5.4403296,-2.4003296,0.04967041,0.81967044,3.7196703,1.3996704,1.0596704,-0.1303296,-0.3603296,0.07967041,1.0396705,0.1496704,-0.4003296,0.09967041,-0.8503296,-0.8403296,-2.8903296,-3.9003296,-1.3503296,0.03967041,-2.8603296,-3.1303296,-2.2803297,-3.1403296,-3.0103295,-4.6503296,-2.8403296,-3.8803296,-0.5703296,-3.2303295,-0.9103296,-0.4503296,-5.43033,-1.6703296,-1.9603295,-1.1603296,0.09967041,-4.5403295,-2.1503296,-1.9603295,-2.0203295,6.4996705,3.2896705
-1.5303296,-1.3603296,-1.7103295,-1.2003295,-3.4703295,-5.3803296,-6.8803296,-7.0003295,-3.8703296,0.2596704,-0.4803296,-2.5203295,-5.5303297,-6.1903296,-6.4803295,-7.2903295,-6.2103295,-3.5303297,-0.3003296,-2.8403296,-1.8203295,-1.2403296,-1.6303296,-4.7103295,3.0796704,1.4196705,-1.1803296,0.6696704,2.6896703,1.3396704,2.5796704,2.3596704,0.12967041,3.6596704,0.2596704,-0.8903296,-3.7703295,-4.1103296,-2.3203297,-1.8403296,-1.0103296,-1.1303296,1.7396704,-4.3403296,-0.5103296,5.0196705,3.8596704,2.2296705,1.6396704,-0.22032958,0.88967043,4.1396704,6.1496706,6.9096704,3.9596703,3.5696704,5.7496705,3.7596705,4.1096706
-1.3403296,-1.1703296,-1.5703295,-1.3803296,-3.9503295,-5.7403297,-6.5203295,-5.1903296,-2.9503295,-3.9503295,-4.7603297,-5.2203298,-5.2203298,-8.33033,-8.16033,-6.9603295,-7.3903294,-4.6103296,-5.8503294,-1.6603296,-4.0103297,-1.6603296,-1.7803296,-1.4403296,0.5496704,-1.4803296,-0.8803296,2.1696703,-1.2203296,-1.1503296,-0.4803296,-0.55032957,-4.8403296,-3.8203297,-0.6603296,-0.6503296,-1.7403296,-0.7703296,-0.18032959,2.0296705,3.8596704,6.3496704,3.9696703,3.2696705,1.8696704,3.3796704,3.9196703,3.1096704,3.4596703,2.9896705,2.9296703,3.7596705,1.6196704,1.3996704,2.6096704,1.1996704,3.9796705,1.9296705,3.8396704
-0.7703296,-1.5303296,-1.4203296,-2.6603296,-3.6803296,-4.5003295,-3.3603296,-5.1503296,-4.20033,-3.9703295,-1.8203295,-3.9103296,-4.9703298,-6.5403295,-7.1703296,-6.1403294,-5.9403296,-5.5703297,-2.7903297,-0.28032959,0.1996704,1.8996704,0.3896704,1.3096704,-2.1403296,0.3596704,1.3996704,-0.4903296,-1.5103296,-1.6903296,0.08967041,-1.9503295,-2.7503295,-3.7603295,-2.9603295,0.2896704,0.1996704,2.9296703,4.0096703,4.06967,1.8696704,3.0796704,5.1796703,3.4896705,3.0596704,2.7596705,2.8796704,2.9796705,3.2696705,3.4796705,2.7796705,2.6196704,2.0796704,3.2396705,1.0296704,-1.5103296,-4.3503294,3.7696705,4.2396703
