static/data/gfs.t00z.pgrb2.1p00.f2.json
{"header": {"discipline":0,"disciplineName":"Meteorological products","gribEdition":2,"gribLength":80425,"center":7,"centerName":"US National Weather Service - NCEP(WMC)","subcenter":0,"refTime":"2019-06-20T00:00:00.000Z","significanceOfRT":1,"significanceOfRTName":"Start of forecast","productStatus":0,"productStatusName":"Operational products","productType":1,"productTypeName":"Forecast products","productDefinitionTemplate":0,"productDefinitionTemplateName":"Analysis/forecast at horizontal level/layer at a point in time","parameterCategory":2,"parameterCategoryName":"Momentum","parameterNumber":3,"parameterNumberName":"V-component_of_wind","parameterUnit":"m.s-1","genProcessType":2,"genProcessTypeName":"Forecast","forecastTime":3,"surface1Type":100,"surface1TypeName":"Isobaric surface","surface1Value":100000.0,"surface2Type":255,"surface2TypeName":"Missing","surface2Value":0.0,"gridDefinitionTemplate":0,"gridDefinitionTemplateName":"Latitude_Longitude","numberPoints":65160,"shape":6,"shapeName":"Earth spherical with radius of 6,371,229.0 m","gridUnits":"degrees","resolution":48,"winds":"true","scanMode":0,"nx":360,"ny":181,"basicAngle":0,"lo1":0.0,"la1":90.0,"lo2":359.0,"la2":-90.0,"dx":1.0,"dy":1.0}, "data":
[rows 27 to 53 of 181, columns 0 to 59 of 360]
4.5478,6.1778,6.7878003,5.1078005,1.4578003,-2.7021997,-4.4722,1.1078002,1.7878003,0.7978003,2.1778002,1.7078003,-0.23219971,-0.022199707,-0.9721997,-0.04219971,0.18780029,0.4678003,0.3378003,0.9378003,2.8978002,2.0278003,1.7078003,1.2678003,0.7478003,0.18780029,-0.3521997,-0.6921997,-1.0721997,-1.0121998,-1.6421998,-0.1921997,-0.9921997,-2.0821998,-2.2421997,-3.2821996,-3.5321996,-4.0221996,-4.5922,-4.1721997,-3.3021996,-2.2021997,-2.2221997,-1.6521997,-1.7821997,-1.6021997,-0.4221997,1.2878003,1.1978003,0.6678003,1.4978004,2.1678002,2.0878003,2.9978004,2.3778002,4.3478003,3.7278004,2.3978002,1.8578002,1.1178002
7.0378003,6.4878,5.8178005,4.8978004,2.2378004,-0.5821997,0.4878003,0.7778003,0.3378003,1.1378003,0.5378003,-0.7221997,0.2778003,0.5578003,-1.6921997,0.6978003,0.2378003,-1.6521997,3.9178002,5.5378003,6.1278005,3.6378002,0.6678003,0.9878003,0.4878003,-0.30219972,-0.9421997,-0.4821997,-0.012199707,-0.07219971,-0.012199707,-0.052199706,0.24780029,-0.062199708,0.1778003,-3.6921997,-1.9721997,-0.9321997,-0.6821997,-1.4521997,-1.4921997,-1.8821998,-1.9921997,-1.6321998,-1.9421997,-1.7021997,-1.4921997,-1.2021997,-0.4521997,0.4578003,0.6678003,0.9678003,1.5078003,2.4078002,1.1378003,1.5878003,1.9678003,2.0178003,2.3778002,1.1678003
5.2878003,4.0478,6.4678,4.8978004,1.5178003,-1.2021997,-0.5821997,-0.1921997,0.95780027,-0.3821997,-1.2421997,-1.2021997,-0.1821997,3.0678003,1.1378003,1.2578003,2.0778003,1.4278003,5.7578,8.027801,8.237801,7.2278004,3.6478002,2.0478003,1.6578003,0.9678003,0.4078003,0.9978003,1.0278003,1.2678003,2.2878003,1.2878003,0.95780027,1.7778003,1.0978003,1.3778003,1.3578002,-1.0521997,-0.8621997,-1.1321998,-0.60219973,-0.8321997,-0.9021997,-0.8821997,-0.8621997,-1.0021996,-0.8021997,-0.3521997,-0.4821997,0.04780029,0.2978003,0.7478003,1.1378003,1.5178003,2.2178004,2.2478004,2.4278002,2.2878003,1.7278003,1.3278003
4.6078005,4.3678,4.2278004,3.9778004,1.4578003,-2.4821997,-0.43219972,1.1378003,0.5578003,-0.5321997,-1.5021996,-1.6021997,2.5478003,2.4278002,2.4078002,1.7278003,2.1378002,3.3478003,5.2978,7.9478,9.7478,6.8878,5.9178004,4.3278003,3.2478004,3.2878003,3.1378002,1.5078003,0.64780027,1.0178003,0.3378003,2.0278003,2.0978003,1.6078002,1.0078003,0.1778003,-0.012199707,-0.04219971,-0.8721997,-0.60219973,-0.7521997,-0.6721997,-0.6921997,0.06780029,0.04780029,-0.22219971,-0.1321997,-0.54219973,0.5978003,-0.2121997,0.2678003,0.5378003,0.6678003,1.0878003,1.1678003,1.7678003,1.3978003,1.7678003,1.8778003,1.0778003
3.9678004,5.7678003,4.6478004,2.9178002,-0.11219971,-1.5921997,0.1778003,-0.5521997,-2.9621997,-2.2521996,-5.0021996,9.9978,3.7878003,4.9278,4.6878004,3.5178003,2.2478004,3.1478002,4.8278003,6.9778004,7.3978004,7.7278004,7.0478,5.7478004,3.4078002,1.7278003,0.7178003,-0.30219972,1.2378002,2.6478002,3.1778002,3.7578003,2.4978004,1.6478003,1.4078003,0.9878003,0.5678003,0.28780028,0.13780029,-0.17219971,-0.4221997,-0.7621997,-0.3821997,-0.3121997,-0.1021997,-0.5321997,-1.0921997,-0.5821997,-0.2421997,-0.032199707,0.7578003,1.5878003,2.0078003,0.95780027,0.6778003,1.2578003,1.3078003,2.1178002,1.6178002,0.5178003
5.9378004,5.0678005,4.3978004,2.5478003,-1.0121998,-3.2421997,-4.6521997,-2.2821996,-3.2121997,-6.7222,6.3278003,2.8878002,3.3278003,3.1878004,3.1278002,3.1178002,1.7478004,6.1078005,5.4578004,6.4578004,8.2878,7.5278,5.8478003,6.7578,5.1778,2.5978003,2.2078004,2.3478003,5.1578,2.3078003,5.0778003,5.9178004,4.7478004,2.1478002,1.7378002,1.0678003,0.58780026,-0.11219971,-0.4121997,-0.7121997,-1.1721997,-0.3321997,-1.4221997,-1.6221997,-0.7821997,-0.8421997,-0.85219973,-0.40219972,-0.4821997,0.83780026,0.037800293,1.3378003,0.3578003,1.3078003,0.9678003,1.1578003,0.9078003,0.89780027,1.8378003,1.9978004
4.0978003,5.0578003,3.5778003,1.0878003,-1.5521997,-2.6121998,-4.7921996,-4.7222,2.1978004,4.7078004,2.9278002,5.0978003,5.7778,2.5178003,2.1478002,1.4878002,0.9678003,5.8478003,6.3278003,6.5578003,7.0378003,5.5178003,3.1378002,2.6778002,5.6478004,2.7078004,2.8478003,2.2978003,3.2578003,2.7878003,2.7778003,4.3478003,2.9078002,1.7278003,1.3178003,0.7678003,0.12780029,-0.22219971,-0.46219972,-0.7021997,-0.6921997,-0.6321997,-0.1621997,-0.7121997,-1.4121997,-1.4621997,-0.3121997,-0.6521997,-0.07219971,-0.17219971,-1.2221997,-0.9821997,-1.0221997,-0.5621997,0.24780029,0.16780029,0.5778003,1.8378003,0.9778003,1.6478003
3.3778002,2.2278004,3.8378003,0.3078003,-2.6721997,-4.0421996,-3.8721998,-1.2321997,2.2278004,2.0178003,1.2878003,4.9878,4.6578,1.5378003,1.3978003,1.3478003,2.5678003,5.2978,5.1878004,5.9978004,6.5278,5.7378,3.3278003,3.2078004,4.2178,3.7378004,2.4478004,2.2878003,2.4678004,2.5078003,1.9778003,1.6378003,1.1678003,1.4778003,1.0178003,1.2878003,-0.092199706,-1.1021997,-1.0021996,-1.0421997,-0.04219971,-0.1921997,-1.3421997,-0.49219972,-0.4121997,-1.6221997,-1.8621997,-1.1621997,-0.22219971,-1.4321997,-1.4821997,-1.2421997,-1.2321997,-1.1521997,-0.6221997,-0.1521997,0.9978003,1.2178003,0.9278003,1.6878003
2.7378004,0.9678003,2.4378004,-0.8021997,-3.1621997,-3.6321998,-3.2921996,1.1878003,3.2578003,2.5778003,3.3378003,3.6278002,2.5378003,0.8878003,0.83780026,2.7078004,5.0278,5.7578,5.2478004,5.4178004,5.4078,4.9978004,4.3078003,4.4578004,3.7578003,3.2178004,3.0278003,3.8578002,3.0078003,2.7378004,1.9078003,2.1078002,1.0778003,0.4978003,0.7978003,-0.20219971,-1.1221997,-0.5221997,-0.8921997,-0.9921997,-0.8021997,-1.0721997,-0.8621997,-1.8021997,-2.2121997,-2.2421997,-1.1721997,-0.5121997,-1.8621997,-2.6021998,-1.3221997,-1.9621997,-1.5121998,-1.4421997,-0.8321997,-0.3821997,1.3078003,0.6278003,1.0478003,0.3978003
0.15780029,-1.4321997,0.58780026,-1.4721997,-2.4621997,-1.7621998,0.3078003,3.0278003,3.0378003,4.2978,3.1778002,3.4778004,0.5678003,2.2478004,4.3578005,2.1478002,3.2778003,3.0878003,1.9278003,3.6078002,3.0578003,3.4078002,3.2578003,2.2678003,2.4878004,2.4678004,1.9578003,2.8878002,2.1578002,1.4478003,1.2078003,0.7778003,0.9378003,0.7278003,0.5078003,-0.9621997,-0.3121997,-1.2721997,0.15780029,-1.4121997,-1.3121997,-1.5621997,-2.1821997,-2.0421996,-1.6121997,-1.6321998,-0.6221997,-2.1121998,-1.4421997,-3.3921998,-2.1621997,-2.3221998,-2.2321997,-1.7121997,-1.5521997,0.2778003,0.4578003,0.5778003,0.5678003,-0.8121997
-2.2221997,-2.0321996,-0.04219971,-0.8021997,-0.5821997,-1.2121997,1.0878003,1.4578003,1.6678003,4.3678,3.5378003,1.8478003,1.7578003,1.2478004,0.5378003,2.3678002,2.0878003,2.8878002,1.5378003,2.3878002,2.9178002,3.0378003,2.9178002,2.8878002,2.7578003,2.7678003,2.4578004,2.8278003,2.6178002,1.2978003,0.70780027,0.6878003,0.7378003,1.1478003,0.077800296,-0.8321997,-0.8921997,-1.6021997,-1.7021997,-2.2921996,-1.9221997,-2.4621997,-1.9221997,-1.3421997,-2.2721996,-2.0821998,-1.7121997,-2.1321998,-1.4821997,-3.1121998,-2.0921998,-3.2621996,-2.3321998,-2.3521998,-1.9221997,-1.2821997,-1.0221997,-0.3721997,-0.1521997,-2.2921996
0.2078003,-1.0221997,0.25780028,2.3278003,1.6578003,2.1378002,1.9978004,2.1278002,3.1778002,3.4578004,2.6878004,-0.2821997,-0.6421997,-1.1821997,2.1078002,2.2778003,1.7378002,2.5378003,2.7478004,3.1278002,3.6778002,2.4578004,2.7578003,2.8178003,2.5178003,2.3578002,2.5478003,2.5878003,1.8278003,1.8978003,0.2078003,0.28780028,0.64780027,0.5078003,-0.2521997,-1.2921997,-0.5121997,-1.1921997,-1.5021996,-2.1621997,-2.1921997,-2.4121997,-1.8221997,-2.3321998,-2.8221998,-2.9221997,-2.9121997,-2.6721997,-4.1521997,-4.7121997,-4.4421997,-5.0221996,-5.2022,-3.8421998,-3.1221998,-2.9521997,-1.3221997,-0.3921997,-1.0821997,1.0778003
-0.012199707,-0.4121997,4.7078004,4.3778005,3.4978004,2.5778003,1.8678002,0.7978003,1.1778003,1.0678003,1.8678002,2.0078003,2.6978004,3.4378004,3.3978002,3.4878004,2.1678002,2.1578002,2.3378003,3.3478003,1.4278003,1.3578002,2.9578004,2.7678003,2.7278004,3.0778003,2.4278002,2.1878004,2.1978004,1.6578003,1.2278003,1.1078002,0.44780028,0.3978003,-0.4521997,-1.2221997,-1.3221997,-1.4221997,-1.6021997,-2.3121996,-2.7121997,-2.8021996,-3.2921996,-2.9121997,-3.1321998,-3.5721998,-5.5322,-4.3222,-4.5922,-3.8821998,-4.7921996,-5.1621995,-4.7321997,-4.5021996,-3.0421996,-1.1221997,0.4578003,-0.9921997,-1.8321997,0.1778003
-2.4921997,1.3078003,1.2878003,1.9178003,0.8578003,1.2978003,-0.002199707,1.6778003,1.3878003,2.5278003,1.2978003,2.0778003,2.6578002,1.6078002,0.3078003,2.1978004,2.3378003,0.7378003,3.8178003,1.4278003,1.2878003,2.3778002,3.0878003,2.2778003,2.1278002,2.9978004,3.1378002,3.1478002,2.0978003,1.2378002,0.89780027,0.5378003,-0.43219972,-1.0021996,-1.2721997,-1.2721997,-1.6821997,-1.5621997,-1.7621998,-2.8221998,-1.9921997,-2.8021996,-3.9321997,-3.7821996,-3.6921997,-3.4521997,-5.5922,-4.5621996,-4.5821996,-4.2622,-5.0922,-5.4922,-5.3921995,-3.8821998,-3.2621996,-1.4621997,-3.1021998,-2.7921996,-2.9021997,0.8078003
0.2278003,-1.1821997,-0.9021997,-1.0521997,0.9878003,3.0778003,2.3778002,3.3478003,1.7378002,1.1178002,1.8078003,-0.5721997,-2.8821998,0.6878003,1.4278003,0.7978003,-0.062199708,0.7278003,0.06780029,0.8478003,-0.3221997,0.16780029,0.7478003,2.2178004,1.7378002,1.4178003,2.2178004,2.0178003,1.4478003,0.12780029,-0.5321997,-1.1221997,-1.3121997,-1.3621997,-1.9821997,-2.0021996,-2.4621997,-2.1621997,-2.1521997,-2.3321998,-2.6921997,-3.4021997,-4.1921997,-4.2521996,-3.8421998,-5.9522,-4.7521996,-3.9621997,-3.8921998,-3.2521996,-4.0221996,-4.7422,-4.7321997,-3.3821998,-3.1821997,-1.2421997,-2.2321997,-2.0521996,-1.0921997,0.8878003
-1.7021997,-0.1321997,2.4278002,3.7878003,3.3678002,2.4878004,1.4178003,-0.12219971,1.1478003,0.5678003,1.4778003,1.2578003,0.7778003,-0.032199707,0.4378003,1.5378003,0.5378003,-1.5421997,-0.5521997,0.1478003,-0.12219971,-0.8021997,1.4178003,-0.2521997,0.04780029,1.3378003,2.2778003,1.1478003,-0.1321997,-0.8321997,-2.0121996,-2.7221997,-3.3821998,-3.1421998,-3.4321997,-2.9921997,-2.4921997,-2.4321997,-2.4921997,-4.0021996,-3.3721998,-2.7821996,-3.6921997,-4.4121995,-4.0421996,-6.0621996,-6.1521997,-6.2921996,-5.4922,-4.2521996,-3.7321997,-4.4421997,-4.7721996,-4.5421996,-3.2921996,-3.8821998,-4.1621995,-2.0821998,-0.4221997,1.7978003
-2.3521998,3.1478002,3.3878002,2.2678003,0.4878003,1.5178003,1.8178003,0.7578003,1.6478003,0.4678003,0.8778003,0.6178003,1.0778003,0.2378003,-0.07219971,0.18780029,-0.3421997,0.2278003,-1.1921997,-0.012199707,1.0278003,1.5578003,0.3778003,1.3478003,0.2278003,-0.79219973,0.47780028,-0.17219971,0.06780029,-1.5021996,-2.7321997,-3.5421996,-3.0921998,-2.6221998,-2.2821996,-2.9821997,-1.7221997,-2.8921998,-2.8821998,-3.7321997,-3.5421996,-2.6521997,-3.3821998,-3.2421997,-4.0021996,-6.1821995,-5.2521996,-3.5721998,0.2778003,-2.6121998,1.4778003,-1.4021997,1.3178003,-0.092199706,1.2578003,0.12780029,1.7978003,3.3278003,5.1278005,5.5578003
2.4278002,2.1378002,2.0378003,1.2578003,0.5378003,-1.7921997,0.2378003,1.7578003,0.70780027,-2.0421996,-1.9021997,-1.9721997,-1.8521997,-2.7721996,-0.1821997,-1.2321997,0.1478003,1.0878003,-0.5321997,0.8178003,1.5378003,2.1878004,-0.23219971,0.12780029,1.1178002,0.24780029,-1.2121997,-1.9521997,-3.8421998,-3.2921996,-4.5922,-4.9821997,-3.1121998,-4.1921997,-4.1921997,-4.3022,-3.2921996,-2.7821996,-2.0121996,-3.4221997,-3.4521997,-3.4721997,-3.3121996,-2.8021996,-4.4621997,-4.8822,2.6878004,3.5878003,0.3978003,-0.3221997,-0.49219972,-2.0821998,-1.0321997,-0.2921997,-3.2221997,1.0078003,2.1478002,4.8678,2.8678002,0.5078003
1.2778003,0.077800296,-0.022199707,0.5778003,1.4378003,-0.5621997,0.4578003,0.6578003,0.2278003,1.5078003,0.9178003,-0.8121997,-1.7321997,3.2678003,-1.8021997,0.7578003,1.9478003,1.2378002,2.1378002,0.7278003,1.4278003,4.0678005,-0.1821997,-1.7321997,-1.5421997,-2.8021996,-2.6221998,-4.2022,-3.6721997,-4.7822,-3.2921996,-3.2021997,-3.0621996,-3.0821998,-0.7821997,-2.2821996,-6.3622,-5.0021996,-1.5421997,-1.9121997,-1.7721997,-1.1821997,-1.2921997,-2.0721998,-0.2621997,1.7578003,2.9678004,2.3778002,1.4678003,-1.0421997,-2.8021996,-2.3521998,-2.6021998,-0.8321997,2.7478004,3.8578002,2.4878004,1.7478004,0.04780029,-0.9021997
1.1778003,0.2678003,-2.4921997,-0.8821997,-1.4621997,-1.4421997,-1.9321997,-2.0821998,-0.8221997,4.5578003,0.5178003,-0.6221997,3.5678003,2.0978003,-0.1321997,1.7678003,-1.1821997,-0.22219971,1.0078003,1.0478003,0.4278003,1.9978004,-0.8721997,-1.3021997,-0.8221997,-1.5921997,-1.0421997,-1.7321997,-2.2221997,-6.8121996,-7.8121996,-4.6221995,-4.5122,-1.0721997,-6.4922,-10.6421995,-8.1122,-2.8721998,-0.2821997,-2.4521997,-0.002199707,2.4878004,2.9778004,0.9678003,-1.5021996,-0.9821997,2.4278002,2.3278003,1.2678003,-0.04219971,-2.5921998,-2.7721996,-0.5721997,1.8278003,2.9678004,3.1278002,2.3378003,-0.7821997,-5.1322,-5.3622
-0.54219973,-1.2921997,-0.9021997,-2.7421997,-4.5722,-3.0021996,0.1478003,3.7978003,4.3078003,2.6678002,-0.4521997,-0.9021997,0.5278003,2.8478003,-0.27219972,1.6578003,-2.0221996,-0.5821997,0.2278003,-0.8921997,1.3878003,-0.9321997,0.5678003,0.13780029,1.7878003,1.3178003,0.8478003,-0.3221997,-3.5021996,-6.3921995,-5.9221997,-5.0421996,-5.7622,-6.9221997,-8.262199,-8.0822,-5.8622,4.6278005,2.0578003,0.5778003,0.34780028,-0.7521997,-1.6321998,-0.9821997,2.1178002,2.2578003,2.0978003,1.5478003,2.8678002,-2.6221998,-4.3321996,-3.9521997,2.5678003,3.1578002,1.9178003,1.9978004,-0.5521997,-3.0321996,-4.1721997,-4.0722
-1.6821997,-1.9221997,-2.1821997,-1.4721997,-5.2721996,-0.022199707,2.0578003,2.3578002,2.3878002,-0.3921997,0.70780027,0.8578003,-1.2921997,-0.5721997,1.7578003,3.0278003,-0.27219972,-0.6721997,-2.2221997,1.1778003,1.0778003,-0.9521997,0.3778003,-0.2521997,1.7178003,1.4478003,-0.5821997,-2.7621996,-2.4621997,-3.0521996,-3.7321997,-4.6322,-4.1621995,3.4278002,3.1478002,1.3878003,-2.2821996,-2.6621997,1.1078002,0.9078003,-0.7121997,-0.8821997,0.4078003,2.6578002,0.9778003,-1.1221997,-1.9021997,1.5378003,0.8478003,-2.0521996,-7.5621996,0.5178003,4.3578005,2.2578003,5.7878003,3.1678002,-0.1321997,-3.2421997,-4.0621996,-4.4522
-2.0621996,-0.6821997,0.06780029,-3.1521997,1.2078003,3.1378002,3.2878003,3.4278002,3.3378003,1.3878003,-1.9221997,1.7778003,-1.9221997,-4.6721997,-0.8921997,0.7578003,0.9878003,-2.2121997,-0.1821997,-2.1221998,-0.20219971,0.21780029,-1.2321997,-0.1321997,-0.6421997,-2.4621997,-2.8021996,-1.4321997,-3.6721997,-2.5521996,-0.6921997,1.2178003,1.4278003,-0.49219972,-1.3821998,-1.5421997,-0.5021997,-0.12219971,0.9378003,1.7878003,1.0678003,0.3278003,1.6478003,0.9478003,-1.9021997,1.0978003,-0.85219973,-0.4121997,-1.3021997,0.3778003,-7.3222,-6.3721995,-1.8521997,5.6078005,3.2878003,1.0278003,-4.0122,-3.7821996,-4.2921996,-3.7821996
-1.6521997,1.7678003,5.0678005,-4.4121995,1.2778003,1.1878003,2.3078003,1.3478003,2.8378003,0.9278003,0.2978003,2.4878004,-0.66219974,-2.4321997,-2.4921997,-2.9621997,0.3978003,-3.3321998,-0.7721997,-4.5522,-1.7021997,0.007800293,-0.5521997,-0.5321997,-2.7221997,-3.5221996,-5.8422,0.24780029,-0.2521997,-0.9321997,-0.052199706,-1.2621998,-1.4421997,-1.7721997,-2.3821998,-1.6621997,-1.3821998,-2.4021997,-1.7521996,0.31780028,1.2078003,-0.9721997,-0.1521997,-0.9521997,-0.22219971,-1.8921998,1.9578003,1.3078003,0.8878003,-1.1721997,-7.3822,-5.2222,-0.49219972,2.3778002,1.8378003,-0.012199707,-1.8021997,-3.2321997,-4.4121995,-2.4321997
-3.3721998,2.6278002,2.2378004,1.2878003,-0.6321997,-1.3521997,-0.1621997,-0.07219971,0.4278003,-0.2621997,3.5978003,2.6678002,0.2778003,-1.5721997,-1.4721997,-2.0521996,-0.9521997,0.1978003,-1.9121997,-2.6421998,-3.1821997,0.1978003,0.7578003,-0.11219971,-1.7721997,-4.4522,-4.5021996,-0.7521997,-2.7721996,-1.8321997,-0.9321997,-0.6721997,-0.23219971,-0.8321997,-0.4821997,-1.9821997,1.7278003,1.8678002,-0.7021997,-1.4721997,-0.9721997,-0.8021997,-1.0421997,0.4978003,0.057800293,-0.5921997,-0.7021997,0.95780027,1.0378003,-2.8621998,-5.8721995,-3.4421997,0.16780029,4.4478,4.3578005,2.2878003,1.3878003,-3.0821998,-1.2521996,-1.1721997
6.1878004,3.8978002,0.9478003,-1.1721997,-3.8221998,-4.1821995,-2.8321998,-2.8121996,0.4078003,-0.08219971,2.5778003,1.0878003,-3.7821996,-0.8921997,0.9378003,-0.30219972,-2.5821998,-1.5921997,-2.3521998,-2.3621998,-2.9221997,1.0678003,-0.2121997,0.18780029,-2.4721997,-4.8422,-7.0021996,-3.3921998,-1.4321997,-2.3721998,-1.2921997,-1.8021997,-1.8921998,-1.7121997,-3.0021996,-0.1321997,1.2578003,0.3578003,0.6778003,-0.3421997,0.2278003,-0.1921997,-0.27219972,-0.3521997,-1.2721997,-0.79219973,-3.2821996,0.44780028,-1.9621997,-1.4921997,-3.4721997,-0.04219971,1.7278003,2.3078003,1.5178003,1.8178003,0.6578003,-0.9721997,-0.9021997,-2.7321997
4.7178,3.9278002,0.4678003,-1.7921997,-1.2021997,-3.2121997,-3.5221996,2.4878004,2.6078002,0.4878003,0.2678003,2.3378003,-3.6721997,-5.2721996,-1.2521996,-1.0421997,-4.0221996,0.5078003,-0.9421997,-1.8221997,-2.7521996,-4.4421997,-3.2921996,-1.9021997,-2.6121998,-4.9821997,-8.2822,-8.632199,-3.1821997,-2.5321996,-2.0021996,-1.2021997,-0.7221997,-1.1821997,-1.8721997,-0.9521997,2.6778002,-0.7021997,1.6878003,2.3878002,2.2478004,-0.1521997,0.8278003,-0.5121997,-1.5121998,-1.1921997,-2.2721996,-0.5621997,-0.5721997,-1.5321997,0.5678003,-0.8721997,0.9178003,2.1778002,0.3578003,-0.22219971,-0.7521997,-2.5121996,-2.1621997,-0.6921997
