static/data/gfs.t00z.pgrb2.1p00.f8.json
{"header": {"discipline":0,"disciplineName":"Meteorological products","gribEdition":2,"gribLength":81094,"center":7,"centerName":"US National Weather Service - NCEP(WMC)","subcenter":0,"refTime":"2019-06-20T00:00:00.000Z","significanceOfRT":1,"significanceOfRTName":"Start of forecast","productStatus":0,"productStatusName":"Operational products","productType":1,"productTypeName":"Forecast products","productDefinitionTemplate":0,"productDefinitionTemplateName":"Analysis/forecast at horizontal level/layer at a point in time","parameterCategory":2,"parameterCategoryName":"Momentum","parameterNumber":3,"parameterNumberName":"V-component_of_wind","parameterUnit":"m.s-1","genProcessType":2,"genProcessTypeName":"Forecast","forecastTime":12,"surface1Type":100,"surface1TypeName":"Isobaric surface","surface1Value":100000.0,"surface2Type":255,"surface2TypeName":"Missing","surface2Value":0.0,"gridDefinitionTemplate":0,"gridDefinitionTemplateName":"Latitude_Longitude","numberPoints":65160,"shape":6,"shapeName":"Earth spherical with radius of 6,371,229.0 m","gridUnits":"degrees","resolution":48,"winds":"true","scanMode":0,"nx":360,"ny":181,"basicAngle":0,"lo1":0.0,"la1":90.0,"lo2":359.0,"la2":-90.0,"dx":1.0,"dy":1.0}, "data":
[rows 135 to 161 of 181, columns 244 to 304 of 360]
8.777583,9.697583,11.317583,11.687583,12.097583,12.567583,13.957583,13.077583,9.097583,7.867583,10.147583,11.567583,12.977583,13.987583,15.557583,16.617582,18.087584,17.907583,11.047583,3.0275831,2.897583,5.277583,3.597583,-5.052417,-6.042417,-6.922417,-9.842417,-9.252417,-9.302417,-8.342417,-7.332417,-6.532417,-5.892417,-9.702417,-13.102417,-14.072417,-14.692417,-12.452417,-11.522417,-10.002417,-10.032417,-10.882417,-0.39241698,-0.512417,-1.582417,-1.082417,-3.482417,-0.792417,0.027583009,-0.662417,1.097583,3.467583,4.607583,5.117583,1.817583,3.717583,3.617583,0.517583,-1.752417,-1.292417,0.197583
6.947583,8.897583,10.297583,11.247583,11.667583,12.127583,12.517583,13.137583,11.317583,6.477583,8.477583,10.637583,12.087583,13.647583,15.167583,16.487583,17.907583,17.177584,14.917583,8.397583,-0.08241699,1.557583,2.0275831,-0.642417,-2.712417,-4.852417,-6.572417,-7.312417,-6.362417,-6.082417,-5.902417,-5.252417,-7.072417,-12.162417,-13.452417,-13.802417,-13.202417,-11.232417,-10.932417,-9.782417,-8.192417,-2.312417,-0.552417,-0.982417,-0.39241698,0.12758301,-2.252417,-2.632417,-2.732417,0.61758304,2.177583,2.517583,2.897583,4.237583,5.257583,5.637583,6.377583,5.607583,4.167583,2.927583,2.417583
6.567583,7.457583,9.147583,10.597583,11.567583,12.057583,12.027583,12.437583,12.447583,8.267583,5.417583,9.027583,10.427583,12.387583,13.477583,14.877583,16.797583,17.107582,15.917583,8.797583,1.487583,2.017583,0.14758301,-1.2824169,-2.792417,-3.612417,-3.852417,-5.332417,-4.622417,-5.292417,-4.802417,-8.082417,-7.122417,-9.742417,-13.392417,-12.342417,-12.722417,-11.202417,-9.862417,-9.922417,-10.012417,-4.452417,-0.322417,-1.292417,-2.812417,-2.072417,-2.292417,-1.192417,-3.322417,0.247583,2.707583,2.467583,4.557583,7.237583,8.117583,7.277583,5.977583,5.467583,4.737583,5.027583,4.707583
6.597583,6.907583,8.597583,10.267583,10.727583,11.057583,12.277583,12.127583,11.397583,12.027583,7.217583,4.947583,8.207583,10.387583,12.307583,13.637583,14.567583,16.317583,15.677583,14.017583,5.887583,1.117583,-0.532417,-1.722417,-1.262417,-2.812417,-2.852417,-4.212417,-5.252417,-5.772417,-8.372417,-8.642417,-9.972417,-12.432417,-11.312417,-11.312417,-11.472417,-11.422417,-10.952417,-11.602417,-11.012417,0.09758301,0.837583,-1.522417,-1.462417,0.227583,-2.192417,-1.942417,-1.5324169,-2.112417,-0.872417,3.977583,6.427583,6.817583,8.117583,9.527583,8.577583,8.267583,7.207583,7.617583,7.477583
5.527583,6.607583,7.447583,8.327583,10.037583,10.597583,10.957583,11.557583,11.037583,10.357583,10.927583,1.807583,5.427583,7.777583,9.677583,11.107583,12.277583,12.827583,13.637583,13.727583,11.847583,8.167583,5.667583,1.307583,0.17758301,0.12758301,-2.432417,-4.422417,-5.352417,-3.452417,-4.492417,-8.352417,-10.662417,-11.982417,-12.242417,-12.102417,-10.672417,-10.772417,-12.022417,-12.992417,-8.642417,-0.342417,-1.512417,-0.922417,-2.172417,-1.392417,-2.522417,-3.482417,-3.992417,-0.69241697,4.407583,7.087583,8.357583,9.017583,8.417583,8.947583,7.537583,8.397583,8.947583,9.337583,8.467583
2.957583,4.687583,5.957583,8.017583,8.317583,7.657583,9.607583,10.137583,11.057583,9.737583,9.747583,10.587583,-0.15241699,3.627583,6.197583,8.187583,9.667583,10.137583,10.127583,10.667583,10.567583,10.047583,8.777583,7.387583,5.867583,6.047583,4.847583,3.647583,3.377583,2.797583,-2.732417,-6.622417,-7.352417,-6.762417,-6.992417,-9.082417,-12.232417,-11.352417,-10.082417,-8.962417,-6.342417,-0.832417,-1.682417,-2.432417,-1.722417,-3.182417,-4.062417,-1.522417,-2.042417,2.767583,4.587583,6.377583,6.747583,7.437583,8.007583,8.447583,8.377583,7.927583,7.127583,7.707583,8.267583
2.907583,3.057583,4.337583,7.077583,8.497583,10.217583,9.447583,7.767583,9.497583,9.597583,8.767583,7.297583,6.177583,-0.94241697,2.147583,2.687583,4.997583,7.327583,7.317583,7.097583,6.637583,6.617583,6.847583,6.407583,6.277583,5.457583,5.407583,5.117583,4.567583,3.857583,3.327583,0.897583,-1.102417,-4.402417,-5.702417,-6.662417,-7.232417,-7.862417,-8.472417,-8.352417,-9.462417,-1.252417,-0.802417,-1.292417,1.3375831,-3.432417,-4.092417,-3.582417,0.03758301,2.947583,4.097583,5.497583,7.017583,7.777583,9.217583,9.667583,9.177583,9.287583,8.317583,6.867583,6.127583
2.267583,2.547583,2.507583,4.557583,6.797583,9.207583,11.437583,8.537583,7.597583,7.637583,7.657583,7.847583,5.337583,1.977583,-3.102417,-1.962417,-0.092416994,3.207583,3.5275831,4.087583,3.347583,3.227583,3.607583,4.887583,4.837583,4.067583,4.117583,3.067583,2.897583,2.7775831,1.937583,1.347583,0.647583,-0.792417,-2.282417,-2.822417,-3.272417,-3.402417,-4.462417,-4.082417,-4.892417,-1.672417,-0.852417,-0.532417,-0.652417,-3.302417,-3.122417,-2.292417,1.277583,3.507583,3.677583,5.327583,7.447583,8.007583,8.877583,10.707583,7.297583,5.777583,11.687583,10.137583,3.107583
2.7775831,3.587583,-0.062416993,0.607583,3.007583,6.857583,9.507583,8.657583,7.257583,8.027583,6.827583,6.367583,6.617583,4.387583,-4.352417,-5.022417,-5.372417,-3.512417,-0.382417,0.74758303,0.497583,0.597583,0.897583,0.587583,1.097583,2.077583,2.747583,2.337583,2.127583,1.377583,0.897583,0.057583008,-0.382417,-1.602417,-2.392417,-3.042417,-3.552417,-4.112417,-4.012417,-4.132417,-4.742417,-4.322417,-2.892417,-1.982417,-1.492417,-0.712417,2.007583,0.167583,0.437583,2.627583,4.057583,4.547583,5.997583,9.667583,10.337583,10.507583,11.647583,11.287583,11.687583,10.877583,8.517583
0.967583,2.477583,1.267583,1.007583,2.447583,5.697583,7.477583,7.917583,6.027583,6.867583,5.597583,5.407583,4.697583,5.647583,5.707583,-7.872417,-7.632417,-6.892417,-6.162417,-4.212417,-2.922417,-2.262417,-1.572417,-0.862417,-1.012417,-0.912417,-1.312417,-1.512417,-1.762417,-1.722417,-1.252417,-1.2824169,-1.192417,-1.322417,-1.732417,-2.102417,-2.142417,-2.252417,-2.7224169,-2.992417,-2.492417,-1.552417,-2.012417,-2.122417,0.587583,2.897583,0.917583,0.987583,0.47758302,-0.30241698,0.547583,3.097583,6.437583,8.297583,10.727583,11.967583,13.067583,12.727583,10.147583,9.077583,10.317583
0.857583,2.347583,1.117583,1.367583,3.717583,4.837583,6.017583,6.377583,6.887583,6.197583,7.537583,2.967583,3.617583,4.027583,4.027583,3.767583,-9.022417,-9.222417,-8.382417,-7.692417,-6.612417,-4.832417,-3.662417,-2.402417,-2.062417,-1.5324169,-0.982417,-1.982417,-3.072417,-2.072417,-2.102417,-2.122417,-2.132417,-2.082417,-1.812417,-1.212417,-1.092417,-0.772417,-0.792417,-1.402417,-1.522417,-1.232417,-0.802417,-0.262417,0.10758301,-0.342417,-0.292417,-0.592417,-1.312417,1.177583,4.137583,9.447583,9.627583,10.217583,10.787583,11.067583,12.967583,14.407583,8.957583,7.567583,7.897583
0.247583,0.927583,0.977583,4.097583,4.767583,5.667583,5.547583,6.907583,7.107583,6.257583,6.647583,4.127583,1.187583,2.427583,1.807583,2.587583,-1.362417,-9.932417,-9.702417,-8.582417,-7.862417,-7.092417,-6.132417,-3.892417,-3.642417,-3.092417,-2.642417,-2.232417,-1.852417,-1.672417,-1.742417,-1.862417,-1.872417,-1.6624169,-1.622417,-1.512417,-1.342417,-1.342417,-1.092417,-0.702417,-0.342417,0.197583,1.107583,1.667583,1.637583,1.997583,2.297583,2.677583,3.447583,5.187583,6.807583,7.247583,8.907583,7.767583,8.667583,9.777583,11.247583,12.677583,7.867583,7.187583,6.337583
2.577583,1.427583,1.727583,3.247583,4.657583,6.417583,6.517583,6.537583,6.457583,5.917583,5.937583,6.367583,1.447583,3.177583,2.207583,-0.822417,-0.672417,-3.252417,-10.392417,-11.402417,-9.802417,-8.022417,-7.322417,-5.982417,-4.582417,-4.372417,-3.422417,-2.952417,-2.4724169,-2.142417,-2.002417,-1.962417,-1.732417,-1.572417,-0.762417,-0.23241699,-0.10241699,0.09758301,0.607583,0.917583,1.007583,1.397583,1.5875831,2.207583,2.557583,2.717583,3.047583,3.787583,5.017583,5.957583,5.987583,8.527583,7.207583,5.197583,7.687583,8.167583,9.037583,10.697583,6.697583,4.737583,6.547583
1.097583,0.847583,1.667583,2.447583,3.747583,5.187583,6.257583,6.057583,5.497583,5.107583,5.327583,4.557583,1.907583,2.887583,0.767583,-2.572417,-0.932417,-0.27241698,1.027583,-10.882417,-11.662417,-10.522417,-8.372417,-7.892417,-6.112417,-4.862417,-4.812417,-3.832417,-3.072417,-2.252417,-1.392417,-0.742417,-0.142417,-0.142417,-0.122416995,0.167583,0.32758301,0.567583,0.837583,1.177583,1.627583,2.127583,2.487583,3.427583,2.957583,2.887583,2.467583,5.127583,3.607583,6.827583,6.517583,7.227583,4.757583,5.507583,6.917583,5.227583,6.667583,7.587583,4.527583,2.607583,4.557583
1.137583,1.737583,2.0275831,2.137583,3.347583,4.657583,5.107583,4.677583,4.727583,5.067583,5.197583,3.897583,1.047583,-0.342417,-0.062416993,-2.772417,0.137583,-0.382417,-3.432417,-4.662417,-12.082417,-12.002417,-9.592417,-6.952417,-6.692417,-5.072417,-4.542417,-3.292417,-2.252417,-1.182417,-0.732417,0.227583,0.717583,0.967583,1.027583,1.017583,1.137583,1.3375831,1.657583,1.787583,1.697583,3.177583,4.017583,2.487583,5.167583,7.367583,8.237583,7.567583,7.247583,6.947583,6.157583,4.267583,6.347583,5.487583,3.207583,2.847583,5.587583,2.897583,-0.07241699,-0.21241699,1.137583
1.827583,2.437583,2.827583,2.647583,3.577583,4.497583,4.907583,4.137583,3.127583,3.267583,3.7775831,3.037583,-0.122416995,1.297583,-2.582417,0.587583,3.397583,3.467583,-4.102417,-8.512417,-11.212417,-11.792417,-9.202417,-6.362417,-5.752417,-4.742417,-3.052417,-1.862417,-0.17241699,0.757583,1.417583,1.697583,1.657583,2.037583,1.957583,1.077583,0.567583,1.077583,1.407583,3.437583,2.817583,5.487583,5.497583,7.717583,7.297583,8.427583,8.967583,8.777583,8.447583,7.477583,7.037583,5.397583,2.807583,2.407583,-0.21241699,2.427583,5.247583,-0.07241699,-2.322417,1.167583,-1.302417
1.687583,2.267583,2.717583,2.817583,2.947583,3.887583,4.327583,4.167583,3.407583,3.227583,2.107583,0.407583,-1.722417,-1.222417,-3.302417,0.497583,1.707583,2.087583,-2.562417,-7.022417,-8.552417,-6.842417,-5.702417,-4.262417,-2.712417,-0.842417,0.07758301,1.747583,2.297583,2.847583,3.037583,3.897583,3.667583,2.987583,2.177583,3.887583,3.577583,3.937583,4.507583,4.937583,4.567583,4.657583,5.577583,5.617583,6.937583,8.857583,9.747583,9.847583,11.187583,10.547583,8.447583,-2.032417,-9.152417,-6.452417,-3.252417,1.397583,-0.922417,4.607583,0.25758302,0.017583007,-3.252417
1.497583,2.037583,2.467583,2.567583,2.767583,3.157583,3.227583,3.2775831,2.647583,0.787583,-1.092417,-1.312417,-2.812417,-4.832417,-6.182417,-4.812417,-4.002417,-2.922417,-2.412417,-2.992417,-3.742417,-3.562417,-3.082417,-2.632417,-0.08241699,2.797583,3.827583,5.267583,6.657583,7.197583,7.527583,7.167583,6.997583,6.247583,4.637583,3.877583,3.037583,2.507583,2.717583,2.577583,2.707583,3.347583,5.197583,6.267583,7.227583,8.277583,9.227583,10.297583,12.307583,9.687583,5.147583,-2.732417,-6.642417,-5.262417,-2.382417,-3.312417,-0.352417,1.697583,3.167583,4.217583,3.717583
1.297583,1.8375831,2.087583,2.307583,2.807583,2.637583,2.067583,1.567583,-0.292417,-1.142417,-1.742417,-2.732417,-3.612417,-7.692417,-6.722417,-7.282417,-5.182417,-4.372417,-3.822417,-4.302417,-3.4724169,-1.452417,-0.412417,1.747583,3.797583,5.197583,6.527583,7.487583,8.597583,10.027583,10.847583,10.737583,9.887583,8.527583,6.427583,3.937583,4.397583,2.0275831,2.017583,1.417583,3.327583,4.067583,4.937583,5.277583,7.047583,8.107583,8.267583,8.047583,-2.002417,-0.33241698,0.247583,-2.082417,-4.842417,-5.592417,-4.152417,-5.252417,-5.692417,-0.892417,5.927583,14.707583,6.907583
0.86758304,1.507583,1.827583,2.2775831,2.487583,2.287583,0.947583,-0.802417,-2.782417,-2.302417,-3.502417,-4.612417,-6.972417,-9.352417,-8.462417,-7.452417,-6.782417,-5.852417,-3.672417,-4.832417,-3.172417,-1.172417,0.277583,1.597583,2.977583,4.797583,6.927583,7.877583,8.367583,8.727583,9.197583,10.417583,11.947583,8.037583,5.677583,4.827583,3.877583,3.837583,3.727583,3.097583,3.067583,3.537583,4.057583,4.787583,6.207583,6.627583,5.157583,-0.49241698,-5.272417,-6.872417,-8.582417,-6.552417,-5.102417,-5.732417,-1.0324169,-1.602417,1.407583,0.757583,0.537583,5.897583,7.457583
0.277583,0.897583,1.197583,1.707583,1.537583,1.117583,-0.802417,-5.592417,-2.852417,-2.272417,-5.552417,-7.252417,-9.392417,-8.472417,-7.772417,-7.102417,-6.292417,-6.532417,-5.262417,-4.002417,-2.412417,-0.952417,0.797583,1.947583,3.137583,3.207583,3.627583,3.127583,5.327583,6.477583,7.257583,8.367583,8.527583,8.037583,7.567583,6.917583,6.437583,4.577583,3.587583,3.267583,2.697583,2.607583,2.757583,2.717583,3.467583,-6.212417,-6.222417,-5.242417,-4.952417,-4.992417,-5.052417,-1.482417,1.477583,-0.15241699,1.0875831,-0.10241699,2.567583,2.687583,2.607583,3.017583,3.5275831
-0.622417,-0.622417,0.0075830077,0.567583,0.427583,-4.732417,-5.092417,-3.992417,-5.072417,-6.732417,-7.512417,-7.472417,-7.902417,-8.102417,-8.152417,-7.562417,-6.542417,-5.712417,-4.632417,-3.332417,-1.802417,-0.622417,0.41758302,0.797583,1.027583,0.677583,0.947583,1.757583,3.907583,5.607583,7.907583,8.947583,9.417583,9.577583,9.737583,8.987583,7.037583,6.397583,7.287583,3.687583,-1.432417,-1.352417,-3.462417,-6.362417,-7.122417,-7.062417,-6.972417,-1.1624169,-1.192417,-2.272417,0.197583,4.587583,1.407583,-0.592417,2.397583,1.417583,3.157583,2.627583,2.657583,3.117583,3.077583
-2.392417,-2.352417,-2.2224169,-1.682417,-7.862417,-6.772417,-6.312417,-6.522417,-6.382417,-6.302417,-6.372417,-6.502417,-6.682417,-7.482417,-7.102417,-6.732417,-5.972417,-4.012417,-2.572417,-1.222417,-0.69241697,-0.142417,0.23758301,0.167583,0.287583,-0.702417,0.437583,1.697583,4.237583,5.347583,6.887583,8.227583,9.277583,9.967583,9.407583,7.477583,6.487583,6.567583,6.617583,6.397583,4.967583,3.017583,1.067583,-0.542417,-1.822417,-3.362417,-1.802417,1.907583,0.297583,6.697583,1.177583,-0.592417,-0.17241699,0.797583,1.067583,1.737583,2.007583,2.047583,1.987583,2.107583,1.667583
-4.322417,-4.612417,-4.562417,-9.192417,-9.442417,-9.272417,-8.852417,-7.972417,-7.122417,-6.592417,-6.252417,-4.982417,-4.222417,-3.382417,-2.952417,-1.9124169,-2.682417,-3.242417,-2.152417,-1.062417,-0.39241698,-0.432417,-0.17241699,-0.10241699,-1.712417,-1.872417,-0.312417,1.677583,3.037583,3.987583,4.397583,5.137583,5.517583,5.697583,5.397583,4.607583,4.887583,5.587583,5.657583,5.357583,4.587583,3.607583,2.357583,1.0875831,1.767583,2.967583,2.427583,0.18758301,-1.732417,-0.732417,0.15758301,-0.782417,-1.702417,-0.402417,0.047583006,0.47758302,0.857583,0.667583,1.037583,1.267583,1.417583
-7.932417,-9.092417,-9.502417,-9.662417,-9.432417,-9.012417,-8.462417,-7.602417,-6.782417,-5.922417,-5.602417,-4.972417,-4.192417,-3.832417,-3.902417,-3.292417,-2.162417,-1.832417,-1.2824169,-0.872417,-0.902417,-1.152417,-1.472417,-2.982417,-2.492417,-1.672417,-0.712417,0.86758304,1.907583,2.927583,3.437583,3.747583,3.977583,4.037583,3.587583,3.167583,3.377583,4.047583,3.677583,2.007583,1.697583,2.757583,2.207583,-2.792417,2.077583,1.977583,3.957583,0.287583,-0.482417,-0.582417,-1.002417,-1.142417,-1.022417,-2.302417,-2.252417,-1.832417,-1.482417,-0.992417,-0.602417,-0.07241699,0.20758301
-9.542417,-9.672417,-9.342417,-9.042417,-8.432417,-7.762417,-7.252417,-6.802417,-6.432417,-6.252417,-6.042417,-4.712417,-4.252417,-3.412417,-3.032417,-2.892417,-2.342417,-1.422417,-0.722417,-0.482417,-0.982417,-1.942417,-3.952417,-3.732417,-2.832417,-2.122417,-1.272417,-0.30241698,0.277583,0.927583,1.9675831,2.2775831,2.677583,2.767583,3.317583,4.017583,4.667583,5.167583,5.407583,5.747583,2.147583,1.667583,2.357583,4.267583,1.357583,-0.732417,-1.632417,6.647583,-1.022417,-0.18241699,-2.812417,-4.652417,-0.412417,0.547583,-1.862417,-2.142417,-2.612417,-2.102417,-1.692417,-1.2824169,-0.432417
-8.842417,-8.452417,-7.582417,-6.812417,-6.532417,-6.692417,-6.532417,-6.212417,-5.862417,-5.722417,-5.042417,-3.762417,-3.542417,-3.342417,-2.652417,-1.762417,-1.482417,-0.822417,-0.462417,-1.762417,-3.432417,-3.332417,-3.382417,-3.262417,-2.942417,-2.662417,-2.172417,-1.952417,-1.402417,-0.642417,0.12758301,0.287583,1.567583,2.497583,3.107583,3.537583,4.187583,4.607583,5.087583,5.877583,4.517583,3.237583,2.797583,3.227583,1.077583,0.317583,1.577583,-0.21241699,3.7775831,-1.072417,-1.052417,-2.642417,-0.972417,1.177583,-0.662417,-2.212417,-2.992417,-2.622417,-2.082417,-1.622417,-1.142417
