static/data/gfs.t00z.pgrb2.1p00.f10.json
{"header": {"discipline":0,"disciplineName":"Meteorological products","gribEdition":2,"gribLength":81331,"center":7,"centerName":"US National Weather Service - NCEP(WMC)","subcenter":0,"refTime":"2019-06-20T00:00:00.000Z","significanceOfRT":1,"significanceOfRTName":"Start of forecast","productStatus":0,"productStatusName":"Operational products","productType":1,"productTypeName":"Forecast products","productDefinitionTemplate":0,"productDefinitionTemplateName":"Analysis/forecast at horizontal level/layer at a point in time","parameterCategory":2,"parameterCategoryName":"Momentum","parameterNumber":3,"parameterNumberName":"V-component_of_wind","parameterUnit":"m.s-1","genProcessType":2,"genProcessTypeName":"Forecast","forecastTime":15,"surface1Type":100,"surface1TypeName":"Isobaric surface","surface1Value":100000.0,"surface2Type":255,"surface2TypeName":"Missing","surface2Value":0.0,"gridDefinitionTemplate":0,"gridDefinitionTemplateName":"Latitude_Longitude","numberPoints":65160,"shape":6,"shapeName":"Earth spherical with radius of 6,371,229.0 m","gridUnits":"degrees","resolution":48,"winds":"true","scanMode":0,"nx":360,"ny":181,"basicAngle":0,"lo1":0.0,"la1":90.0,"lo2":359.0,"la2":-90.0,"dx":1.0,"dy":1.0}, "data":
[rows 0 to 28 of 181, columns 198 to 263 of 360]
-6.33625,-6.29625,-6.24625,-6.20625,-6.15625,-6.11625,-6.06625,-6.00625,-5.95625,-5.90625,-5.84625,-5.78625,-5.72625,-5.66625,-5.59625,-5.53625,-5.46625,-5.39625,-5.32625,-5.25625,-5.17625,-5.10625,-5.02625,-4.94625,-4.86625,-4.78625,-4.70625,-4.61625,-4.53625,-4.44625,-4.35625,-4.26625,-4.17625,-4.08625,-3.99625,-3.89625,-3.79625,-3.70625,-3.60625,-3.50625,-3.40625,-3.30625,-3.19625,-3.09625,-2.99625,-2.88625,-2.77625,-2.67625,-2.56625,-2.45625,-2.34625,-2.23625,-2.12625,-2.01625,-1.90625,-1.78625,-1.67625,-1.56625,-1.44625,-1.33625,-1.21625,-1.10625,-0.98625,-0.86625,-0.75625,-0.63625
-5.39625,-5.29625,-5.19625,-5.09625,-4.98625,-4.87625,-4.76625,-4.65625,-4.54625,-4.43625,-4.31625,-4.20625,-4.08625,-3.97625,-3.85625,-3.73625,-3.61625,-3.49625,-3.37625,-3.26625,-3.13625,-3.02625,-2.90625,-2.79625,-2.67625,-2.55625,-2.44625,-2.32625,-2.22625,-2.12625,-2.01625,-1.91625,-1.81625,-1.71625,-1.62625,-1.53625,-1.44625,-1.35625,-1.27625,-1.19625,-1.12625,-1.04625,-0.97625,-0.90625,-0.83625,-0.77625,-0.70625,-0.64625,-0.58625,-0.53625,-0.48625,-0.43625,-0.37625,-0.33625,-0.27625,-0.23625,-0.18625,-0.14625,-0.10625,-0.06625,-0.02625,0.01375,0.05375,0.09375,0.12375,0.16375
-5.92625,-5.71625,-5.49625,-5.29625,-5.09625,-4.88625,-4.64625,-4.42625,-4.21625,-3.98625,-3.75625,-3.51625,-3.28625,-3.07625,-2.87625,-2.66625,-2.46625,-2.25625,-2.05625,-1.86625,-1.67625,-1.49625,-1.31625,-1.13625,-0.97625,-0.80625,-0.65625,-0.51625,-0.36625,-0.19625,-0.03625,0.11375,0.26375,0.40375,0.55375,0.60375,0.74375,0.88375,1.01375,1.13375,1.19375,1.30375,1.40375,1.50375,1.59375,1.68375,1.78375,1.88375,1.98375,2.07375,2.15375,2.22375,2.30375,2.36375,2.39375,2.42375,2.43375,2.44375,2.44375,2.43375,2.41375,2.39375,2.36375,2.32375,2.27375,2.22375
-5.70625,-5.49625,-5.29625,-5.08625,-4.88625,-4.72625,-4.59625,-4.43625,-4.26625,-4.08625,-3.85625,-3.59625,-3.34625,-3.11625,-2.81625,-2.45625,-2.12625,-1.79625,-1.47625,-1.16625,-0.85625,-0.52625,-0.23625,0.03375,0.42375,0.87375,1.25375,1.61375,1.94375,2.24375,2.48375,2.67375,2.87375,3.04375,3.20375,3.35375,3.52375,3.70375,3.86375,3.96375,4.07375,4.14375,4.16375,4.18375,4.16375,4.12375,4.08375,4.09375,4.08375,4.13375,4.20375,4.26375,4.34375,4.40375,4.48375,4.50375,4.23375,4.32375,4.41375,4.42375,4.38375,4.34375,4.29375,4.23375,4.14375,4.05375
-0.84625,-0.78625,-0.73625,-0.62625,-0.52625,-0.42625,-0.24625,-0.11625,-0.03625,0.04375,0.12375,0.20375,0.29375,0.40375,0.49375,0.61375,0.80375,1.12375,1.35375,1.48375,1.55375,1.69375,1.76375,1.84375,1.86375,1.91375,2.17375,2.59375,2.73375,2.76375,2.76375,2.83375,2.99375,3.22375,3.56375,4.11375,4.65375,5.01375,5.32375,5.48375,5.66375,5.73375,5.76375,5.89375,5.98375,6.11375,6.23375,6.28375,6.33375,6.35375,6.36375,6.34375,6.30375,6.21375,6.11375,5.98375,5.87375,5.79375,5.72375,5.23375,5.25375,5.27375,5.27375,5.27375,5.18375,5.06375
1.39375,1.32375,1.22375,1.13375,1.07375,1.02375,1.03375,1.06375,1.08375,1.06375,1.06375,0.98375,0.95375,0.92375,0.94375,1.00375,1.13375,1.29375,1.52375,1.76375,1.94375,2.08375,2.15375,2.18375,2.15375,2.10375,2.04375,2.07375,2.19375,2.41375,2.59375,2.47375,2.42375,2.71375,3.23375,3.87375,4.26375,4.55375,4.62375,4.59375,4.54375,4.31375,4.26375,4.41375,4.96375,5.44375,5.79375,6.00375,6.14375,6.22375,6.28375,6.33375,6.41375,6.54375,6.68375,6.78375,6.69375,6.53375,5.85375,5.86375,5.95375,6.04375,5.91375,5.68375,5.43375,5.33375
2.44375,2.25375,2.05375,1.89375,1.69375,1.49375,1.28375,1.12375,1.05375,1.03375,1.10375,1.23375,1.39375,1.60375,1.79375,2.00375,2.30375,2.64375,2.89375,3.08375,3.24375,3.44375,3.58375,3.60375,3.46375,3.24375,2.99375,2.84375,2.67375,2.55375,2.43375,2.29375,2.14375,2.15375,2.34375,2.59375,2.86375,3.08375,3.31375,3.84375,4.59375,5.26375,5.35375,5.19375,5.03375,5.32375,5.52375,5.42375,5.20375,5.21375,5.57375,5.81375,5.95375,6.05375,5.71375,5.82375,5.88375,5.98375,6.11375,6.22375,6.12375,5.93375,5.73375,5.57375,5.45375,5.48375
4.45375,4.37375,4.19375,4.04375,3.88375,3.77375,3.67375,3.63375,3.65375,3.75375,3.81375,3.77375,3.76375,3.79375,3.83375,3.82375,3.75375,3.61375,3.53375,3.53375,3.64375,3.67375,3.60375,3.42375,3.20375,3.01375,2.78375,2.59375,2.43375,2.29375,2.18375,2.08375,2.06375,2.17375,2.36375,2.36375,2.28375,2.42375,2.57375,2.76375,3.27375,4.23375,4.81375,4.57375,3.93375,3.98375,4.36375,4.71375,4.71375,4.36375,4.18375,4.59375,5.23375,5.40375,5.31375,5.32375,5.49375,5.72375,5.96375,6.11375,6.03375,5.76375,5.59375,5.58375,5.49375,5.29375
3.99375,4.01375,4.10375,4.26375,4.43375,4.56375,4.61375,4.64375,4.68375,4.73375,4.81375,4.90375,4.93375,4.85375,4.62375,4.31375,4.00375,3.79375,3.63375,3.46375,3.23375,3.03375,2.88375,2.76375,2.64375,2.50375,2.35375,2.29375,2.25375,2.22375,2.19375,2.12375,1.99375,2.01375,2.20375,2.41375,2.62375,2.85375,3.00375,3.00375,3.39375,4.00375,3.96375,3.84375,4.13375,4.33375,4.40375,4.38375,4.07375,3.85375,4.14375,4.69375,4.83375,4.47375,4.38375,4.75375,5.10375,5.30375,5.37375,5.24375,4.99375,4.81375,4.76375,4.75375,4.74375,4.81375
4.70375,4.55375,4.45375,4.60375,4.77375,4.75375,4.80375,4.74375,4.43375,4.26375,4.21375,4.03375,4.00375,4.18375,4.19375,3.87375,3.56375,3.19375,2.98375,2.70375,2.62375,2.75375,2.87375,2.72375,2.45375,2.18375,2.05375,2.06375,2.24375,2.55375,2.76375,2.89375,3.00375,3.07375,3.19375,3.14375,3.14375,3.39375,3.75375,3.40375,2.86375,2.86375,2.71375,2.56375,2.68375,2.76375,2.85375,2.89375,2.85375,2.89375,2.90375,2.78375,2.65375,2.78375,3.24375,3.84375,4.12375,4.20375,4.17375,3.96375,3.78375,3.79375,3.68375,4.03375,4.76375,4.95375
5.74375,5.72375,5.74375,5.89375,5.96375,5.85375,5.63375,5.43375,5.36375,5.38375,5.30375,5.09375,4.82375,4.50375,4.28375,4.16375,4.16375,4.20375,4.15375,4.20375,4.33375,4.52375,4.64375,4.67375,4.55375,4.32375,4.07375,3.88375,3.59375,3.52375,3.52375,3.42375,3.35375,3.12375,3.12375,3.38375,3.22375,2.89375,2.91375,2.95375,3.00375,3.65375,4.35375,4.52375,3.76375,2.86375,2.34375,2.04375,1.90375,1.97375,1.96375,2.11375,2.53375,2.75375,2.99375,3.13375,2.92375,2.86375,2.81375,2.49375,2.06375,1.90375,1.79375,1.40375,1.55375,2.39375
7.11375,7.05375,7.12375,7.22375,7.34375,7.41375,7.42375,7.31375,7.08375,6.79375,6.47375,6.40375,6.56375,6.64375,6.38375,6.06375,5.77375,5.61375,5.61375,5.57375,5.47375,5.31375,5.20375,5.05375,5.05375,4.66375,3.92375,3.56375,3.80375,3.97375,3.69375,3.32375,3.52375,3.56375,2.48375,1.93375,1.92375,2.13375,1.89375,1.47375,1.22375,1.06375,1.04375,1.01375,0.99375,1.03375,0.96375,0.74375,0.79375,1.41375,1.94375,2.14375,2.05375,1.90375,1.60375,1.12375,0.63375,0.18375,0.02375,-0.01625,-0.38625,-0.96625,-1.03625,-0.67625,-0.10625,-0.20625
6.74375,6.57375,6.60375,6.57375,6.31375,5.85375,5.50375,5.37375,5.39375,5.52375,5.65375,5.80375,5.96375,6.02375,5.79375,5.30375,5.02375,4.97375,4.85375,4.80375,4.98375,4.96375,4.70375,4.67375,4.78375,4.92375,5.02375,4.84375,4.06375,3.89375,3.89375,3.22375,2.32375,1.77375,1.81375,1.95375,1.67375,0.84375,0.06375,-0.21625,-0.16625,-0.51625,-1.27625,-1.67625,-0.87625,-0.09625,0.34375,0.44375,0.96375,1.03375,1.15375,0.78375,0.12375,-0.07625,-0.33625,-0.23625,-0.84625,-1.29625,-1.08625,-1.09625,-0.95625,-1.09625,-0.86625,-1.38625,-0.81625,-0.65625
6.42375,6.42375,6.44375,6.42375,6.32375,6.06375,5.91375,5.98375,6.04375,6.10375,6.22375,6.34375,6.33375,6.32375,6.30375,6.23375,6.16375,5.83375,5.53375,5.50375,5.40375,5.13375,4.80375,4.53375,4.55375,4.46375,4.07375,3.23375,2.42375,1.99375,1.51375,1.24375,1.32375,1.48375,1.89375,2.53375,1.39375,0.17375,-0.27625,-0.41625,-0.98625,-0.74625,-0.15625,-0.38625,-1.01625,-1.14625,-1.00625,-0.10625,0.38375,-0.11625,-0.56625,-1.56625,-2.17625,-1.90625,-1.50625,-1.49625,-1.85625,-1.86625,-1.47625,-1.26625,-1.10625,-0.68625,-1.02625,-1.64625,-1.72625,-1.41625
6.13375,6.25375,6.48375,6.73375,6.90375,6.92375,6.87375,6.95375,6.93375,6.81375,6.87375,7.06375,7.12375,6.89375,6.56375,6.05375,5.56375,5.10375,4.55375,4.19375,3.86375,3.29375,2.90375,2.72375,2.48375,2.12375,1.86375,1.67375,1.38375,0.99375,0.58375,0.16375,0.19375,0.25375,-0.52625,-2.39625,-3.49625,-4.00625,-4.09625,-4.09625,-3.77625,-3.36625,-2.92625,-1.79625,-1.03625,-0.48625,0.44375,-1.01625,-2.73625,-3.85625,-3.27625,-3.43625,-2.83625,-2.39625,-2.15625,-1.78625,-2.56625,-3.13625,-2.82625,-2.06625,-2.05625,-3.00625,-3.64625,-3.72625,-3.54625,-2.46625
5.58375,6.11375,6.59375,6.95375,7.11375,7.21375,7.15375,7.16375,7.38375,7.46375,7.44375,7.39375,7.35375,7.23375,6.97375,6.60375,6.39375,5.85375,5.16375,4.56375,4.25375,3.87375,3.33375,2.66375,2.11375,1.57375,0.77375,-0.25625,-1.03625,-1.42625,-2.02625,-2.35625,-2.12625,-3.00625,-3.37625,-3.37625,-2.66625,-3.12625,-4.09625,-4.59625,-4.65625,-3.01625,-3.70625,-4.22625,-4.71625,-5.85625,-2.43625,-1.83625,-1.59625,-0.65625,-1.49625,-3.24625,-1.60625,-3.10625,-3.75625,-3.28625,-3.21625,-3.26625,-2.36625,-1.73625,-1.82625,-2.01625,-2.19625,-2.18625,-2.32625,-2.60625
4.78375,5.05375,5.44375,6.21375,6.71375,6.97375,7.47375,7.48375,7.37375,7.59375,7.96375,8.18375,8.06375,8.07375,7.96375,7.50375,7.22375,6.74375,6.16375,5.19375,4.26375,3.28375,2.46375,2.28375,2.24375,1.73375,1.10375,0.66375,-0.14625,-0.96625,-1.89625,-2.55625,-3.47625,-3.77625,-4.10625,-4.39625,-4.18625,-4.77625,-3.77625,-2.84625,-3.39625,-3.93625,-4.52625,-3.04625,-3.43625,-5.11625,-6.69625,-6.32625,-5.52625,-4.71625,-4.08625,-2.04625,-1.11625,-1.94625,-2.84625,-2.63625,-2.37625,-2.70625,-2.84625,-2.67625,-2.62625,-3.13625,-3.43625,-3.17625,-3.04625,-4.09625
3.80375,4.27375,4.70375,5.17375,5.97375,6.43375,6.44375,6.79375,7.33375,7.94375,8.12375,8.13375,7.99375,8.03375,8.00375,8.09375,8.00375,7.55375,6.53375,5.54375,4.56375,3.97375,3.29375,3.00375,2.57375,1.87375,0.75375,0.12375,-0.30625,-0.90625,-1.96625,-3.00625,-3.65625,-4.09625,-4.28625,-4.48625,-4.56625,-3.84625,-2.93625,-2.77625,-3.38625,-3.18625,-3.39625,-3.54625,-3.35625,-3.48625,-1.89625,-1.48625,-3.87625,-3.62625,-3.95625,-3.45625,-2.59625,-2.13625,-0.31625,-0.75625,-1.49625,-2.04625,-2.31625,-3.46625,-4.52625,-5.48625,-4.67625,-4.08625,-4.54625,-4.37625
2.41375,4.23375,6.00375,6.50375,6.33375,6.19375,6.31375,6.16375,6.16375,6.09375,6.31375,6.71375,7.26375,7.34375,7.30375,7.15375,6.75375,6.81375,6.36375,5.60375,5.05375,4.87375,4.34375,3.68375,2.63375,1.35375,0.89375,0.22375,-0.95625,-1.57625,-2.60625,-3.06625,-3.72625,-4.23625,-4.54625,-4.90625,-5.23625,-4.98625,-4.08625,-3.01625,-3.89625,-3.65625,-4.81625,-4.74625,-4.23625,-2.99625,-3.12625,-3.42625,-3.02625,-1.55625,-2.09625,-3.62625,-3.87625,-4.53625,-4.80625,-4.40625,-4.00625,-4.20625,-5.17625,-5.76625,-6.30625,-5.66625,-6.01625,-5.66625,-5.43625,-5.26625
1.80375,1.77375,1.29375,5.11375,7.33375,6.95375,6.58375,6.04375,5.38375,4.39375,4.00375,3.82375,3.58375,3.86375,4.83375,5.82375,5.93375,6.08375,6.11375,6.23375,6.20375,5.95375,5.67375,4.44375,3.84375,2.59375,1.67375,0.52375,-0.32625,-1.16625,-2.06625,-2.55625,-3.48625,-3.79625,-4.19625,-4.92625,-5.41625,-5.80625,-4.91625,-0.42625,-4.04625,-5.56625,-7.11625,-8.13625,-5.74625,-4.37625,-3.82625,-3.62625,-4.25625,-3.09625,-2.84625,-3.26625,-3.52625,-3.69625,-4.38625,-4.06625,-4.17625,-4.58625,-5.75625,-6.39625,-6.77625,-6.51625,-6.53625,-6.29625,-6.39625,-7.13625
-1.13625,-0.50625,2.43375,5.88375,5.10375,4.79375,4.44375,3.62375,3.20375,3.13375,1.10375,0.38375,0.89375,0.77375,0.04375,-0.24625,0.43375,1.75375,2.46375,3.09375,4.23375,6.44375,6.74375,5.76375,4.58375,3.20375,2.01375,1.53375,0.13375,-0.96625,-1.40625,-1.53625,-2.23625,-3.32625,-3.21625,-4.46625,-4.53625,-3.86625,-1.87625,-3.44625,-4.20625,-4.63625,-7.42625,-8.33625,-6.07625,-3.35625,-3.61625,-4.47625,-4.68625,-4.68625,-3.21625,-3.00625,-2.63625,-3.71625,-3.81625,-4.90625,-5.19625,-5.58625,-5.98625,-6.11625,-6.23625,-6.60625,-6.49625,-6.82625,-6.80625,-7.01625
1.47375,1.29375,2.25375,1.84375,1.35375,1.04375,0.96375,0.81375,0.93375,1.30375,0.49375,-0.16625,-0.01625,0.23375,0.15375,0.56375,-0.30625,-0.53625,-0.72625,-1.61625,-0.61625,0.33375,0.39375,0.62375,1.15375,2.13375,0.76375,-0.33625,-1.01625,-2.30625,-1.90625,-2.44625,-2.95625,-3.24625,-3.81625,-3.67625,-3.89625,-4.51625,-5.09625,-4.49625,-3.26625,-4.89625,-5.85625,-6.48625,-7.49625,-7.01625,-4.64625,-3.29625,-3.23625,-3.05625,-3.71625,-4.03625,-2.98625,-4.98625,-5.05625,-5.89625,-5.29625,-6.03625,-6.85625,-6.47625,-6.66625,-6.32625,-4.46625,-4.61625,-4.52625,-4.22625
0.54375,1.51375,1.83375,1.30375,1.63375,0.68375,0.36375,-0.17625,0.08375,-0.84625,-1.12625,-1.89625,-1.74625,-2.47625,-1.48625,-1.09625,-0.59625,-3.98625,-1.72625,-0.71625,-1.97625,-0.18625,-1.43625,-5.07625,-1.12625,0.06375,0.12375,-3.90625,-4.03625,-2.13625,-2.98625,-3.21625,-3.04625,-2.87625,-3.20625,-3.38625,-4.12625,-4.79625,-5.21625,-5.10625,-4.21625,-4.01625,-5.15625,-5.30625,-5.98625,-5.40625,-5.39625,-6.34625,-5.71625,-4.37625,-3.81625,-2.55625,-1.15625,-5.16625,-3.99625,-4.39625,-5.19625,-5.11625,-5.78625,-5.91625,-5.59625,-5.12625,-4.60625,-3.85625,-3.39625,-2.77625
0.80375,0.58375,0.01375,2.71375,1.94375,0.31375,-0.18625,-0.12625,0.21375,0.06375,-0.27625,0.57375,0.68375,-1.02625,-2.08625,-0.89625,-1.45625,0.18375,0.15375,0.32375,0.75375,0.08375,-1.14625,-1.39625,-1.54625,-0.54625,0.31375,-1.96625,-5.65625,-4.02625,-4.06625,-2.82625,-2.52625,-3.29625,-1.38625,-2.60625,-3.48625,-3.97625,-4.51625,-5.01625,-4.93625,-2.87625,-3.76625,-5.42625,-5.51625,-5.16625,-4.70625,-5.56625,-4.67625,-4.16625,-5.51625,-5.55625,-5.41625,-4.37625,-5.69625,-4.00625,-4.18625,-4.58625,-4.69625,-4.52625,-3.85625,-3.88625,-3.49625,-3.07625,-2.80625,-3.97625
4.54375,2.24375,1.90375,2.72375,0.46375,0.53375,2.64375,1.57375,1.79375,1.51375,1.43375,0.21375,0.14375,0.90375,1.44375,1.58375,1.85375,1.30375,2.29375,1.10375,1.16375,1.33375,0.50375,1.34375,2.22375,-0.34625,0.33375,-1.01625,-3.36625,-3.30625,-1.55625,-3.34625,-4.53625,-6.30625,-2.45625,-0.63625,-0.61625,-2.82625,-4.12625,-3.79625,-4.36625,-5.51625,-5.00625,-4.67625,-2.19625,0.43375,-0.72625,-3.38625,-3.60625,-3.44625,-2.75625,-2.52625,-2.72625,-2.51625,-3.23625,-3.98625,-3.61625,-3.87625,-3.71625,-3.50625,-2.90625,-1.37625,-0.68625,-2.10625,-2.75625,-3.64625
2.12375,4.83375,0.80375,0.95375,0.51375,4.35375,0.52375,-1.41625,0.57375,1.17375,0.66375,-0.07625,0.65375,1.86375,0.54375,0.43375,0.30375,0.20375,0.77375,0.93375,-0.29625,0.40375,0.08375,0.37375,0.44375,1.30375,0.19375,-0.03625,-0.96625,-1.03625,-0.20625,0.27375,0.67375,1.78375,0.70375,-0.82625,0.86375,-0.55625,-3.59625,-4.46625,-5.04625,-3.26625,-4.24625,-4.26625,-2.37625,-2.92625,-2.87625,-3.10625,-2.93625,-2.00625,-0.73625,-1.88625,-1.14625,-2.55625,-3.40625,-3.33625,-4.02625,-4.61625,-4.73625,-4.96625,-5.26625,-5.80625,-5.94625,-5.88625,-5.49625,-3.69625
6.23375,3.98375,0.26375,1.18375,1.46375,1.36375,1.11375,0.70375,1.09375,-1.20625,0.89375,2.01375,1.62375,1.73375,0.67375,-0.41625,-1.25625,0.16375,0.29375,0.08375,-0.07625,-0.30625,-0.44625,-0.45625,-0.40625,-0.94625,-0.68625,-0.91625,-0.24625,0.65375,0.91375,1.38375,1.05375,0.85375,1.05375,0.56375,0.78375,-0.13625,-0.30625,-4.24625,-4.97625,-3.41625,-3.52625,-4.04625,-7.18625,-6.49625,-5.16625,-4.86625,-4.19625,-3.17625,-2.45625,-3.37625,-3.01625,-3.34625,-3.97625,-5.75625,-5.56625,-6.10625,-5.59625,-4.86625,-4.77625,-5.68625,-6.78625,-1.31625,2.41375,1.11375
1.78375,0.90375,1.15375,1.63375,1.60375,0.79375,0.42375,1.50375,1.23375,1.26375,0.04375,-0.32625,0.11375,-0.36625,0.79375,-1.20625,0.06375,1.28375,-0.26625,0.23375,-0.05625,0.18375,0.32375,0.17375,-0.40625,0.40375,0.69375,0.59375,0.78375,0.73375,1.58375,1.54375,1.23375,0.86375,0.50375,0.22375,0.26375,0.42375,0.12375,-0.95625,-5.47625,-5.13625,-4.78625,-2.66625,-6.70625,-5.74625,-5.65625,-5.24625,-3.15625,-1.76625,-2.34625,-3.73625,-3.56625,-3.29625,-3.49625,-3.97625,-4.89625,-6.26625,-4.03625,-5.23625,-3.57625,-4.95625,-0.01625,0.07375,2.53375,4.69375
3.54375,-0.10625,0.01375,0.05375,0.21375,0.44375,0.73375,0.03375,-0.13625,-0.20625,-0.51625,-0.60625,0.87375,-1.04625,-0.32625,0.79375,-0.02625,2.31375,-0.66625,1.67375,0.61375,0.72375,1.38375,1.78375,0.53375,0.97375,0.60375,1.10375,1.19375,0.03375,0.47375,0.77375,0.27375,-0.52625,-0.92625,0.02375,-1.02625,-2.88625,-0.68625,-0.66625,-3.86625,-5.92625,-9.95625,-7.31625,-6.31625,-4.41625,-3.41625,-4.30625,-5.86625,-3.00625,-3.28625,-2.25625,-1.33625,-1.09625,-1.69625,-4.00625,-2.13625,0.25375,-0.43625,0.24375,-0.58625,-0.86625,1.03375,1.57375,3.74375,5.28375
