static/data/gfs.t00z.pgrb2.1p00.f18.json
{"header": {"discipline":0,"disciplineName":"Meteorological products","gribEdition":2,"gribLength":81175,"center":7,"centerName":"US National Weather Service - NCEP(WMC)","subcenter":0,"refTime":"2019-06-20T00:00:00.000Z","significanceOfRT":1,"significanceOfRTName":"Start of forecast","productStatus":0,"productStatusName":"Operational products","productType":1,"productTypeName":"Forecast products","productDefinitionTemplate":0,"productDefinitionTemplateName":"Analysis/forecast at horizontal level/layer at a point in time","parameterCategory":2,"parameterCategoryName":"Momentum","parameterNumber":3,"parameterNumberName":"V-component_of_wind","parameterUnit":"m.s-1","genProcessType":2,"genProcessTypeName":"Forecast","forecastTime":27,"surface1Type":100,"surface1TypeName":"Isobaric surface","surface1Value":100000.0,"surface2Type":255,"surface2TypeName":"Missing","surface2Value":0.0,"gridDefinitionTemplate":0,"gridDefinitionTemplateName":"Latitude_Longitude","numberPoints":65160,"shape":6,"shapeName":"Earth spherical with radius of 6,371,229.0 m","gridUnits":"degrees","resolution":48,"winds":"true","scanMode":0,"nx":360,"ny":181,"basicAngle":0,"lo1":0.0,"la1":90.0,"lo2":359.0,"la2":-90.0,"dx":1.0,"dy":1.0}, "data":
[rows 130 to 155 of 181, columns 177 to 235 of 360]
-4.105215,-12.985215,-16.745214,-14.915215,-14.635215,-14.105215,-12.695215,-10.645215,-10.2052145,-7.7752147,-6.865215,-4.765215,-4.105215,-1.6252148,1.2547852,3.714785,4.2447853,5.654785,7.0547853,9.024785,8.624785,6.154785,8.394785,9.664785,8.604785,11.864785,13.304785,14.714786,14.524785,15.334785,12.464786,6.8047853,6.864785,-3.9352148,-5.435215,-3.8452148,-0.5552148,1.4547851,5.6847854,10.0447855,-18.165215,-19.965216,-20.195215,-19.025215,-17.565214,-16.825214,-16.805214,-15.715215,-15.725215,-14.055215,-13.345215,-11.825214,-10.785214,-8.675215,-7.415215,-5.625215,-2.1752148,-0.90521485,-0.40521485
-9.525215,-10.065215,-14.165215,-16.615215,-16.695215,-14.825214,-14.235215,-12.075214,-11.355215,-9.445215,-9.935215,-6.925215,-3.305215,-0.52521485,2.9147851,1.6247852,2.6347852,4.6647854,5.4747853,8.854785,6.854785,8.034785,9.284785,9.424786,8.694785,11.324785,11.804785,14.124785,15.154785,18.834785,14.944785,3.1847851,6.754785,-1.2652148,-5.4652147,-4.2952147,-0.66521484,2.5647852,6.024785,9.394785,-16.785215,-18.085215,-19.735214,-19.315214,-17.965216,-17.035215,-16.965216,-15.785214,-15.725215,-14.465215,-13.645215,-12.145215,-12.055215,-9.105215,-7.675215,-6.1952147,-3.295215,-1.4452149,-0.33521485
-7.895215,-11.165215,-12.815215,-16.525215,-17.535215,-16.435215,-15.175215,-13.515215,-11.655215,-9.695215,-10.055215,-6.615215,-3.2152147,-0.015214844,0.38478515,3.954785,3.764785,5.104785,4.394785,6.854785,7.134785,8.354785,9.254786,9.874785,10.524785,9.694785,8.944785,12.654785,14.244785,17.024786,16.044785,8.754786,7.424785,0.34478515,-3.5952148,-2.3552148,0.19478516,2.484785,4.674785,6.924785,-8.325214,-16.275215,-18.165215,-19.395214,-17.955215,-17.895214,-17.055214,-15.445215,-15.135215,-14.135215,-12.815215,-12.415215,-11.995214,-10.085215,-8.245214,-6.9652147,-4.155215,-2.5952148,-1.0952148
-4.7152147,-9.015215,-12.015215,-14.355215,-15.495214,-16.105215,-15.515215,-14.325214,-11.635215,-9.685215,-9.315215,-5.105215,-2.9652147,-1.1152148,2.2847853,2.6247852,3.6147852,5.104785,3.6447852,4.734785,6.604785,7.674785,7.7647853,8.704785,8.914785,10.374785,12.214786,12.094785,12.964786,14.054785,16.064785,14.864785,13.904785,1.5247852,-0.15521485,-0.72521484,0.97478515,2.214785,3.454785,5.154785,-3.5852149,-10.655215,-15.235215,-17.955215,-17.575214,-17.645214,-17.185215,-16.065214,-15.195215,-13.895215,-13.585215,-13.085215,-11.355215,-10.475215,-9.185215,-7.175215,-5.285215,-3.275215,-1.8352149
-5.2152147,-8.155215,-10.075214,-13.425215,-16.155214,-17.195215,-16.555214,-14.055215,-12.245214,-10.845215,-8.255215,-6.535215,-3.7052147,0.72478515,-1.1452148,2.734785,3.6247852,5.794785,6.674785,2.6847851,4.904785,5.9147854,5.334785,6.444785,8.844785,11.104785,9.694785,11.054785,13.074785,11.364785,12.284785,13.274785,13.054785,11.594785,10.5447855,8.654785,4.634785,5.024785,4.584785,4.094785,5.564785,-6.305215,-12.615215,-14.925215,-17.265215,-17.855215,-17.055214,-16.335215,-15.915215,-14.715215,-14.385215,-13.015215,-12.105215,-10.665215,-9.695215,-8.225215,-6.5652146,-4.2152147,-3.3952148
-5.015215,-7.7752147,-9.115215,-11.715215,-15.9552145,-16.145214,-14.605215,-13.595215,-13.655215,-11.415215,-9.195215,-7.2752147,-2.985215,-2.9152148,-0.8652148,1.0947852,4.504785,5.464785,6.714785,7.4347854,0.67478514,0.74478513,2.8247852,3.724785,7.104785,7.144785,9.204785,11.414785,10.864785,13.064785,11.444785,11.654785,11.644785,12.444785,12.7947855,8.154785,7.864785,9.894785,4.834785,4.274785,4.234785,3.964785,-3.4452147,-10.655215,-15.545215,-17.645214,-17.165215,-16.165215,-15.255215,-14.495214,-13.055215,-12.525215,-10.935215,-8.995214,-8.155215,-7.855215,-7.055215,-5.175215,-3.3252149
-3.3852148,-6.745215,-8.2052145,-13.735215,-17.135216,-15.555215,-15.695215,-13.825214,-12.535214,-9.115215,-8.265215,-4.885215,-4.375215,-1.6152148,0.5147852,2.204785,2.7947853,5.584785,7.174785,9.674786,10.324785,-1.1352148,-0.31521484,4.4347854,5.904785,5.2847853,6.214785,8.7947855,9.964786,11.564785,11.744785,13.084785,13.734785,11.154785,11.354785,11.274785,12.774785,8.204785,9.504786,7.0347853,2.1447852,3.274785,2.464785,-1.5152148,-10.815215,-14.415215,-16.345215,-14.815215,-14.895215,-13.895215,-13.435215,-12.855215,-11.625215,-10.345215,-9.375215,-8.045215,-7.625215,-6.475215,-4.1952147
-5.725215,-8.405215,-9.975215,-15.435215,-15.375215,-15.405215,-14.605215,-14.685215,-12.315215,-10.245214,-5.995215,-5.165215,-3.4252148,-1.6152148,-0.89521486,1.1247852,3.7847853,5.774785,8.224785,7.564785,9.5447855,6.604785,0.97478515,-0.85521483,4.1847854,5.254785,6.354785,7.024785,8.734785,9.784785,10.614785,11.234785,10.704785,11.184785,12.524785,10.844785,10.014785,11.5447855,12.234785,10.914785,10.254786,0.49478516,0.42478517,0.64478517,0.6347852,-9.785214,-12.605215,-14.505215,-15.395215,-12.945215,-13.255215,-12.385215,-12.575214,-11.105215,-10.465215,-10.005215,-9.355215,-7.955215,-4.685215
-8.215215,-10.825214,-14.675215,-14.125215,-13.385215,-13.665215,-14.975215,-13.355215,-10.325214,-10.175215,-7.5252147,-5.035215,-2.985215,-2.525215,-3.6152148,-0.72521484,2.214785,3.4047852,5.874785,6.084785,7.274785,6.5147853,2.5847852,3.1047852,3.234785,4.874785,6.904785,7.734785,8.764785,10.0447855,10.444785,10.404785,9.474785,10.754786,10.674786,11.554785,12.684785,12.304785,14.504786,14.024785,13.894785,9.784785,6.8047853,-1.9752148,-1.3352149,-2.6652148,-4.7752147,-9.825214,-12.825214,-13.925215,-12.445215,-12.895215,-12.715215,-11.905215,-10.765215,-9.415215,-10.595215,-8.605215,-5.495215
-11.285214,-13.255215,-13.675215,-14.025215,-14.065215,-15.005215,-13.925215,-11.115215,-12.715215,-9.385215,-6.875215,-4.425215,-5.845215,-5.145215,-3.3552148,-0.69521487,1.0147852,2.3447852,3.6647851,4.4547853,5.124785,4.5147853,5.234785,5.774785,6.294785,6.2247853,5.564785,6.9347854,7.814785,8.674786,10.034785,10.704785,9.754786,9.764785,11.204785,11.214786,12.414785,11.664785,11.404785,13.254786,14.164785,13.184785,12.534785,10.684785,0.53478515,-3.6752148,-2.6152148,-3.3652148,-5.4852147,-7.995215,-10.535214,-10.7052145,-10.925215,-10.935215,-11.095215,-11.515215,-12.055215,-9.855215,-7.885215
-11.065215,-10.655215,-13.585215,-15.265215,-14.4552145,-12.645215,-10.655215,-9.795215,-8.375215,-7.145215,-8.145215,-7.0652146,-6.2552147,-5.415215,-3.295215,-1.8752148,-0.41521484,1.4647851,2.774785,3.264785,4.2647853,4.734785,4.9347854,5.104785,5.444785,5.964785,6.614785,6.9747853,7.564785,8.104785,8.964786,9.484785,10.684785,9.354785,8.914785,10.174786,10.534785,10.674786,11.524785,12.054785,12.064785,12.494785,13.894785,13.304785,12.814785,10.424786,-0.12521484,-3.725215,-4.395215,-4.825215,-4.7752147,-6.495215,-7.605215,-9.045215,-10.215215,-11.025215,-11.825214,-10.945215,-10.365215
-8.155215,-9.925215,-12.225215,-14.095215,-12.175215,-11.365215,-11.485215,-9.755215,-10.065215,-9.255215,-8.825214,-8.845215,-7.395215,-5.035215,-3.8452148,-2.1652148,-1.1352148,0.11478516,1.5247852,2.8647852,3.9247851,4.2047853,4.864785,5.2847853,5.624785,5.9347854,6.1647854,6.5547853,6.874785,7.084785,7.854785,8.254786,8.724785,9.194785,8.924786,9.424786,9.274785,9.884785,10.5447855,10.194785,10.864785,11.004786,11.844785,13.564785,13.434785,12.994785,10.974785,9.534785,-1.6152148,-4.2552147,-5.785215,-6.5652146,-6.135215,-7.0652146,-7.995215,-9.555215,-9.615215,-11.095215,-11.015215
-8.685215,-9.885215,-8.715215,-10.305215,-11.325214,-10.025215,-8.355215,-10.065215,-10.335215,-10.445215,-9.115215,-8.805215,-6.135215,-5.575215,-3.9052148,-2.7152147,-1.4552149,-0.22521484,1.1347852,2.764785,3.6547852,4.7847853,4.824785,4.9347854,5.114785,5.5347853,5.654785,5.714785,6.2247853,6.584785,7.2047853,8.274785,7.904785,7.7247853,8.254786,8.654785,8.744785,8.904785,8.584785,8.664785,9.464786,9.554785,9.724785,10.434785,11.354785,12.174786,13.124785,13.874785,11.394785,8.244785,0.55478513,-5.305215,-6.7152147,-7.265215,-8.515215,-8.435215,-9.095215,-10.2052145,-9.965215
-8.995214,-9.145215,-11.475215,-11.385215,-10.925215,-9.935215,-11.075214,-10.615215,-9.675215,-9.835215,-8.275215,-7.115215,-6.605215,-5.125215,-4.035215,-2.7052147,-1.2552148,0.65478516,1.3747852,3.714785,2.8547852,3.984785,4.114785,4.734785,4.964785,5.6647854,6.2047853,6.9547853,7.2647853,7.644785,7.394785,7.754785,7.154785,6.814785,7.234785,6.864785,7.4347854,7.924785,7.814785,8.234785,8.064785,8.164785,8.524785,8.944785,8.574785,9.474785,10.174786,11.144785,12.574785,12.054785,8.974785,8.0447855,2.6847851,-3.985215,-6.665215,-8.185215,-8.105215,-8.555215,-8.435215
-6.595215,-9.655215,-10.265215,-10.815215,-10.945215,-10.115215,-10.105215,-10.015215,-9.375215,-8.125215,-7.5852146,-7.635215,-5.305215,-4.9652147,-3.1252148,-0.83521485,0.43478516,0.67478514,0.8847852,1.6547852,2.774785,2.8547852,3.6747851,4.194785,4.8047853,4.9747853,5.0347853,5.354785,5.714785,5.4747853,5.654785,6.344785,6.2247853,5.894785,5.574785,5.314785,5.754785,6.2847853,6.564785,7.254785,7.384785,6.7847853,6.404785,6.674785,7.254785,7.544785,7.174785,8.734785,10.174786,11.2947855,11.744785,11.334785,8.2947855,6.774785,-1.8452148,-5.3152146,-6.765215,-6.475215,-6.185215
-3.4152148,-6.955215,-8.675215,-9.145215,-9.535214,-9.655215,-8.925215,-8.595215,-8.355215,-7.955215,-7.655215,-6.395215,-4.435215,-3.485215,-2.8352149,-2.295215,-1.2652148,-0.59521484,-0.12521484,0.78478515,2.014785,2.6747851,3.234785,4.024785,4.774785,5.2847853,5.5147853,5.604785,5.084785,7.2847853,7.234785,5.194785,5.214785,5.174785,4.844785,4.4347854,4.7047853,4.9947853,5.334785,5.324785,5.294785,5.404785,5.444785,5.384785,5.124785,5.7047853,5.574785,5.5347853,5.614785,7.044785,8.464786,8.024785,8.834785,9.614785,4.6847854,6.354785,-2.0852149,-6.265215,-7.3352146
-6.3152146,-4.7552147,-6.135215,-6.935215,-8.335215,-8.435215,-8.235215,-7.5652146,-7.4652147,-6.915215,-6.6952147,-6.2152147,-5.355215,-4.635215,-3.8652148,-2.8952148,-2.3852148,-1.5752149,-0.57521486,0.0047851563,0.80478513,2.4247851,3.1547852,3.3347852,3.8647852,5.174785,5.344785,6.234785,6.594785,7.6647854,7.214785,6.0347853,7.254785,7.324785,7.104785,4.134785,3.6247852,3.204785,2.8647852,3.504785,3.3447852,3.524785,3.8447852,4.2047853,3.8847852,3.484785,3.694785,4.074785,3.4047852,3.5947852,4.7247853,5.714785,6.124785,6.584785,6.894785,5.0547853,3.8747852,5.394785,6.144785
-7.395215,-7.615215,-7.035215,-6.885215,-7.555215,-7.385215,-7.175215,-7.555215,-7.5452147,-7.3152146,-6.915215,-6.265215,-5.595215,-4.725215,-3.985215,-3.295215,-2.475215,-2.025215,-1.3252149,-1.0452149,-0.28521484,0.65478516,1.5447851,2.1147852,2.9247851,4.044785,5.194785,5.7847853,6.624785,6.794785,6.424785,6.714785,6.6847854,6.4947853,7.2247853,7.584785,7.124785,6.734785,6.074785,1.9047852,1.5247852,1.3747852,2.1247852,2.1147852,2.254785,2.3547852,2.264785,2.224785,1.6147852,2.014785,2.8147852,2.3347852,3.3247852,3.944785,4.144785,4.674785,5.894785,-0.7452148,0.24478516
-5.915215,-6.2952147,-7.0852146,-7.575215,-7.785215,-8.285214,-7.765215,-7.5452147,-7.305215,-7.305215,-6.9452147,-6.475215,-5.725215,-4.825215,-4.8352146,-4.845215,-3.8252149,-3.0852149,-2.765215,-2.045215,-1.4252149,-0.37521484,0.55478513,1.7947851,2.524785,3.3347852,4.394785,5.254785,5.4347854,6.2247853,6.844785,7.364785,7.634785,7.874785,8.214786,8.024785,7.254785,7.564785,7.154785,6.894785,7.394785,2.024785,0.6847851,0.024785155,0.37478516,0.47478515,0.48478517,0.5047852,1.6947851,1.4747852,1.6547852,1.2247852,1.9747852,1.5547851,1.2547852,1.4147851,1.9547851,1.8447852,0.25478515
-7.035215,-6.2352147,-6.385215,-7.035215,-7.375215,-8.815215,-8.035214,-7.5452147,-7.095215,-6.905215,-6.515215,-6.145215,-5.7952147,-5.615215,-5.745215,-5.135215,-4.9852147,-4.615215,-4.4852147,-4.135215,-3.1252148,-2.3952148,-1.4252149,-0.24521485,1.4347851,2.5447853,3.8547852,4.7647853,5.6847854,6.234785,7.124785,7.314785,7.754785,8.234785,8.5447855,8.874785,8.554785,8.534785,7.7847853,6.654785,6.124785,6.354785,7.2847853,-1.4352149,-1.1152148,-0.88521487,-0.35521483,-0.34521484,0.6247852,0.32478514,0.13478516,0.16478516,-0.57521486,-0.71521485,-0.53521484,-0.63521487,-1.3752148,-1.0752149,-0.89521486
-9.805215,-8.865215,-7.885215,-7.225215,-6.495215,-5.635215,-6.535215,-7.405215,-7.7152147,-6.915215,-6.575215,-6.455215,-5.3152146,-5.0052147,-4.705215,-4.885215,-4.8352146,-4.915215,-5.1952147,-5.725215,-5.655215,-4.3152146,-3.785215,-2.3852148,-0.60521483,1.1747851,2.984785,3.754785,4.714785,5.594785,6.734785,7.254785,8.234785,8.984785,9.834785,11.254786,8.394785,8.974785,10.324785,10.314785,11.264785,3.484785,4.714785,7.7047853,-3.6552148,-1.9552149,-1.3652148,-1.6652149,-0.44521484,-0.15521485,0.24478516,-0.52521485,-0.95521486,-1.0752149,-1.9052148,-2.4552147,-3.3152149,-3.9252148,-3.6752148
-1.2952149,-0.39521486,-9.285214,-9.475215,-8.935215,-8.355215,-7.9452147,-7.155215,-6.605215,-5.9852147,-6.2152147,-6.2152147,-5.955215,-5.4452147,-5.515215,-5.895215,-5.425215,-4.885215,-4.665215,-4.115215,-7.385215,-7.535215,-6.6952147,-4.665215,-2.9052148,-0.53521484,1.8547852,3.964785,4.644785,5.5547853,6.644785,7.594785,8.624785,9.164785,9.614785,10.074785,9.074785,9.464786,9.434785,9.0447855,8.184785,11.0447855,7.2447853,10.074785,4.624785,-4.055215,-1.4252149,-1.7952149,-1.0152148,-0.22521484,0.9347851,0.46478516,-0.005214844,-1.0152148,-1.8852148,-2.8752148,-4.325215,-5.975215,-6.0052147
-4.305215,-3.035215,-2.0852149,-4.245215,-2.6852148,-10.315215,-9.675215,-9.275215,-8.215215,-7.555215,-6.9452147,-6.2752147,-5.435215,-5.0252147,-5.125215,-5.115215,-5.785215,-5.595215,-5.205215,-6.095215,-7.875215,-9.985215,-10.385215,-8.595215,-5.665215,-2.6452148,-0.35521483,2.004785,4.564785,5.8047853,6.964785,7.4347854,8.164785,8.894785,9.344785,9.634785,9.754786,10.164785,9.654785,8.904785,8.374785,7.9347854,6.7047853,7.254785,8.464786,-0.7352148,-0.9952148,-2.6252148,-0.77521485,0.25478515,1.6247852,2.2947853,2.024785,0.77478516,-1.0852149,-3.9452147,-6.855215,-8.835215,-9.625215
-4.8352146,-5.075215,-4.495215,-3.755215,-3.0652149,-2.1852148,-4.615215,-1.5252148,-8.975215,-9.605215,-9.015215,-8.105215,-7.615215,-7.145215,-6.175215,-6.515215,-6.355215,-6.425215,-5.875215,-6.7352147,-7.0052147,-9.135215,-9.565215,-7.185215,-4.395215,-1.4952148,0.73478514,2.1447852,3.474785,4.644785,5.9547853,6.9547853,7.9547853,9.094785,9.804785,10.274785,10.304785,10.104785,10.354785,10.274785,9.334785,8.264785,7.344785,7.084785,5.8047853,5.884785,0.95478517,-2.6552148,-0.29521483,1.3847852,3.4047852,4.594785,5.754785,1.9247851,1.0647851,-4.515215,-8.745214,-10.965215,-12.515215
-6.415215,-5.595215,-5.435215,-5.205215,-5.105215,-4.2552147,-3.6952147,-3.9252148,-2.4552147,-2.0852149,-8.315215,-8.915215,-8.685215,-8.155215,-7.595215,-6.7352147,-6.4452147,-5.785215,-5.435215,-5.8352146,-6.7752147,-6.3152146,-3.525215,-3.0652149,-2.8452148,-2.2152147,-0.9852148,0.17478515,1.5047852,3.484785,5.334785,6.624785,7.8047853,8.284785,8.674786,9.834785,10.0447855,10.744785,10.304785,10.334785,9.554785,9.104785,8.364785,6.104785,5.024785,4.134785,-3.5752149,-1.0552149,-0.12521484,2.774785,4.904785,6.8047853,5.694785,3.734785,-0.14521484,-5.2552147,-7.055215,-9.995214,-10.905215
-4.5252147,-4.2552147,-4.5652146,-4.5052147,-5.4452147,-5.925215,-5.115215,-4.7752147,-4.245215,-3.6752148,-3.495215,-5.425215,-9.095215,-8.365215,-7.3152146,-5.925215,-6.665215,-6.4452147,-5.165215,-4.5052147,-4.395215,-4.165215,-4.135215,-3.725215,-2.9652147,-2.025215,-1.2652148,-0.35521483,0.40478516,1.2247852,2.3047853,3.6547852,4.334785,5.2647853,6.424785,7.814785,8.184785,9.474785,10.154785,10.264785,10.174786,9.494785,8.174786,8.424786,6.964785,2.0647852,-0.6852148,-1.4552149,0.17478515,2.024785,2.8647852,3.954785,5.604785,-2.4452147,-3.7152147,-4.075215,-5.3352146,-6.455215,-7.845215
