static/data/gfs.t00z.pgrb2.1p00.f4.json
{"header": {"discipline":0,"disciplineName":"Meteorological products","gribEdition":2,"gribLength":79897,"center":7,"centerName":"US National Weather Service - NCEP(WMC)","subcenter":0,"refTime":"2019-06-20T00:00:00.000Z","significanceOfRT":1,"significanceOfRTName":"Start of forecast","productStatus":0,"productStatusName":"Operational products","productType":1,"productTypeName":"Forecast products","productDefinitionTemplate":0,"productDefinitionTemplateName":"Analysis/forecast at horizontal level/layer at a point in time","parameterCategory":2,"parameterCategoryName":"Momentum","parameterNumber":2,"parameterNumberName":"U-component_of_wind","parameterUnit":"m.s-1","genProcessType":2,"genProcessTypeName":"Forecast","forecastTime":6,"surface1Type":100,"surface1TypeName":"Isobaric surface","surface1Value":100000.0,"surface2Type":255,"surface2TypeName":"Missing","surface2Value":0.0,"gridDefinitionTemplate":0,"gridDefinitionTemplateName":"Latitude_Longitude","numberPoints":65160,"shape":6,"shapeName":"Earth spherical with radius of 6,371,229.0 m","gridUnits":"degrees","resolution":48,"winds":"true","scanMode":0,"nx":360,"ny":181,"basicAngle":0,"lo1":0.0,"la1":90.0,"lo2":359.0,"la2":-90.0,"dx":1.0,"dy":1.0}, "data":
[rows 0 to 24 of 181, columns 114 to 170 of 360]
0.48258546,0.37258545,0.27258545,0.16258545,0.05258545,-0.047414552,-0.15741456,-0.25741455,-0.36741456,-0.46741456,-0.5774146,-0.67741454,-0.78741455,-0.8874146,-0.9974145,-1.0974145,-1.1974145,-1.3074145,-1.4074146,-1.5074146,-1.6074146,-1.7074145,-1.8174145,-1.9174145,-2.0174146,-2.1074145,-2.2074146,-2.3074145,-2.4074144,-2.4974146,-2.5974145,-2.6874146,-2.7874146,-2.8774145,-2.9674146,-3.0674145,-3.1574144,-3.2474146,-3.3274145,-3.4174147,-3.5074146,-3.5874145,-3.6774147,-3.7574146,-3.8374145,-3.9174147,-3.9974146,-4.0774145,-4.1574144,-4.2274146,-4.3074145,-4.3774147,-4.4474144,-4.5274143,-4.5874147,-4.6574144,-4.7274146
1.2225854,1.0225854,0.82258546,0.64258546,0.45258546,0.21258545,0.012585449,-0.18741456,-0.40741456,-0.60741454,-0.80741453,-0.98741454,-1.1674145,-1.3574146,-1.5374146,-1.7274146,-1.9174145,-2.1074145,-2.2974145,-2.4874146,-2.6674147,-2.8574145,-3.0574145,-3.2674146,-3.4674146,-3.6674147,-3.8674145,-4.0674148,-4.2574143,-4.4474144,-4.6474147,-4.8374147,-5.0174146,-5.2074146,-5.3774147,-5.5574145,-5.7374144,-5.8974147,-6.0574145,-6.2174144,-6.3774147,-6.5174146,-6.6674147,-6.8074145,-6.9374146,-7.0774145,-7.1974144,-7.3174148,-7.4374146,-7.5574145,-7.6674147,-7.7774143,-7.8774147,-7.9674144,-8.047415,-8.127415,-8.197414
2.5325854,2.2225854,1.9025855,1.5925854,1.2825855,0.98258543,0.71258545,0.44258544,0.17258544,-0.08741455,-0.35741454,-0.6374146,-0.92741454,-1.2174145,-1.5174146,-1.8174145,-2.1274145,-2.4374146,-2.7474146,-3.0474145,-3.3474145,-3.6374145,-3.9274147,-4.2174144,-4.4874144,-4.7574143,-5.0174146,-5.2774143,-5.5274143,-5.7774143,-6.0174146,-6.2474146,-6.4574146,-6.6674147,-6.8574147,-7.047415,-7.2174144,-7.3674145,-7.5074143,-7.6374145,-7.7674146,-7.8974147,-8.007415,-8.117414,-8.227414,-8.337415,-8.447414,-8.547415,-8.677415,-8.797415,-8.907414,-9.027414,-9.147414,-9.247415,-9.347415,-9.437414,-9.517414
3.8725855,3.7025855,3.4925854,3.2525854,2.9525855,2.6025856,2.1825855,1.7425854,1.2725854,0.85258543,0.44258544,0.06258545,-0.25741455,-0.55741453,-0.83741456,-1.1074146,-1.4274145,-1.7774146,-2.1274145,-2.4974146,-2.8574145,-3.1874146,-3.4774146,-3.7374146,-3.9074144,-4.0574145,-4.1874146,-4.297415,-4.3474145,-4.3274145,-4.3374147,-4.3274145,-4.297415,-4.2574143,-4.2774143,-4.3674145,-4.4074144,-4.4274144,-4.4774146,-4.4574146,-4.3674145,-4.2474146,-4.0174146,-3.6974146,-3.3574145,-3.0174146,-2.6074145,-2.2274146,-1.8674146,-1.5374146,-1.3074145,-1.4674145,-1.6474146,-1.7374146,-1.7974145,-1.8274145,-1.7374146
6.3725853,6.2625856,6.0125856,5.702585,5.4225855,5.1725855,4.9225855,4.6225853,4.2225857,3.8025854,3.5125854,3.3725855,3.3025854,3.2125854,3.0025854,2.7025855,2.3925855,2.0925856,1.8125855,1.5825855,1.4525855,1.5325855,1.6925855,1.8825854,1.9325855,1.9625854,1.9725854,2.0025854,1.9725854,1.9325855,1.8825854,1.7225854,1.5825855,1.4525855,1.3325855,1.1925855,1.0925854,1.0925854,1.1225854,1.2325854,1.3425854,1.4325855,1.4525855,1.3825854,1.3025855,1.3325855,1.4125855,1.5725855,1.7825855,2.0125854,2.2325854,2.4225855,2.5525854,2.6725855,2.7625854,2.8625855,2.9525855
7.9125853,8.052586,8.082585,8.032585,7.8025856,7.1925855,6.6125855,6.5125856,6.7625856,7.0125856,6.9425855,6.7425857,6.5025854,6.1925855,5.7925854,5.4325852,5.2425857,5.1825852,5.1325855,4.8825855,4.452585,3.9125855,3.3725855,3.2925854,3.5825853,3.6725855,3.6625855,3.5625854,3.5125854,3.4725854,3.4025855,3.4825854,3.6525855,3.5625854,3.2425854,2.9825854,3.0125854,3.2525854,3.7025855,4.0725856,4.3125854,4.4825854,4.6625853,4.8825855,5.0925856,5.2925854,5.3925853,5.452585,5.4625854,5.3325853,5.3425856,5.4625854,5.6825852,5.8225856,5.9125853,6.0225854,6.0925856
10.342586,10.612585,10.612585,10.382586,10.462585,10.542585,10.332585,10.452585,10.742585,10.812586,10.602586,10.292585,9.972586,9.602586,9.412585,9.212585,8.942585,8.562586,8.122585,7.8825855,7.8325853,7.8025856,7.6025853,7.3125854,6.9425855,6.8225856,6.9925857,7.0725856,6.9325852,6.4225855,5.5125856,4.6225853,4.6525855,4.8225856,4.8325853,4.6125855,4.6125855,4.8625855,5.1525855,5.0825853,5.1125855,5.202585,5.3525853,5.6125855,5.952585,6.2425857,6.452585,6.6225853,6.8225856,6.9625854,7.1325855,7.5525856,7.9825854,8.032585,7.8425856,7.7425857,7.7725854
12.002585,12.222586,12.332585,12.312586,12.072585,11.932586,11.832585,11.752585,11.772586,12.622585,12.582585,12.612585,12.682586,12.732586,12.862585,12.882586,12.662585,12.472586,12.282585,11.982586,11.382586,10.792585,10.372585,10.182586,10.162585,10.112585,10.042585,10.052586,10.232586,10.312586,10.232586,10.392586,10.562586,10.242585,9.512586,8.752585,8.212585,7.9225855,7.8925853,8.352586,8.812586,8.862585,8.652585,8.472586,8.442585,8.542585,8.612585,8.532585,8.462585,8.532585,8.6725855,8.792585,8.862585,8.882586,8.802586,8.6725855,8.542585
12.192585,12.822585,13.432586,13.792585,14.022586,14.062586,13.872585,13.6725855,13.602586,13.542585,13.432586,13.372585,13.382586,13.442585,13.432586,13.162585,13.412585,13.772586,13.362585,13.212585,13.512586,13.572585,13.242585,12.972586,12.692585,12.432586,12.122585,11.982586,12.242585,12.632586,12.972586,12.632586,12.162585,12.052586,12.052586,11.942585,11.682586,11.282585,11.002585,10.882586,10.572585,10.252585,10.022586,9.892586,9.312586,9.242585,8.682586,8.542585,8.762586,8.932586,9.012586,9.062586,8.982586,9.012586,9.092586,9.182586,9.272586
10.9225855,11.512586,12.202585,12.892586,13.142586,13.242585,13.4225855,13.882586,14.272586,14.752585,15.212585,15.492585,15.502585,15.662585,15.952585,16.032585,15.822585,15.492585,15.222586,15.052586,15.022586,15.252585,15.342586,15.142586,14.992585,14.932586,14.822585,14.662585,14.332585,14.062586,13.812586,13.582585,13.162585,12.6725855,12.312586,11.962585,11.362585,10.812586,11.002585,11.602586,11.892586,11.882586,11.732586,11.612585,11.332585,11.042585,10.702585,10.452585,10.212585,9.982586,9.962585,10.072585,10.192585,10.282585,10.502585,10.662585,10.612585
8.842586,9.262586,9.742585,10.132586,10.622585,11.312586,11.932586,12.372585,12.902585,13.532585,14.032585,14.482586,15.032585,15.462585,15.852586,16.082586,16.102585,16.162586,16.392586,16.592585,16.792585,16.902586,16.862585,16.622585,16.252586,16.112585,16.212585,15.952585,15.402585,14.9225855,14.692585,14.482586,14.212585,13.862585,13.532585,13.312586,13.202585,13.182586,12.842586,12.352586,11.972586,11.792585,11.612585,11.362585,11.162585,10.892586,10.662585,10.512586,10.342586,10.1725855,9.982586,10.222586,10.502585,10.392586,10.262586,10.512586,10.792585
4.1725855,5.3925853,6.5025854,7.5725856,8.572585,9.632586,10.632586,11.382586,11.482586,11.752585,12.132586,12.652585,13.032585,13.362585,13.702585,14.092586,14.372585,14.522586,14.582585,14.712585,14.812586,14.772586,14.662585,14.682586,14.662585,14.502585,14.182586,13.742585,13.392586,13.102586,12.762586,12.402585,12.212585,12.152585,12.092586,12.012586,11.992585,11.952585,11.862585,11.662585,11.352586,11.032585,10.652585,10.282585,10.062586,9.932586,9.612585,9.312586,9.222586,9.412585,9.292585,9.362585,9.692585,10.022586,10.542585,10.862585,10.932586
-1.9974146,-1.1374146,-0.31741455,0.5525854,1.4225855,2.3325853,3.2525854,4.1425853,5.0625854,6.0025854,6.9725857,7.8925853,8.692585,9.502585,10.242585,10.912585,11.432586,11.782585,12.032585,12.482586,13.092586,13.712585,14.142586,13.952585,13.052586,12.382586,12.312586,12.432586,12.542585,12.442585,12.352586,12.412585,12.382586,12.382586,12.412585,12.272586,12.012586,11.572585,11.022586,10.532585,10.232586,9.822585,9.492585,9.012586,8.632586,8.232586,8.152585,8.502585,8.6725855,9.1725855,9.602586,9.652585,9.322585,9.082585,8.902585,9.042585,9.332585
-2.7774146,-0.97741455,0.09258545,0.5025855,1.3325855,2.3125854,3.3725855,4.1525855,4.7325854,5.1925855,5.6225853,5.9825854,6.2925854,6.5925856,7.0425854,7.5625854,8.062586,8.312586,8.522586,8.802586,8.992585,9.032585,9.312586,9.632586,9.722586,9.722586,9.462585,9.372585,9.372585,9.492585,9.532585,9.262586,9.072585,8.492585,7.6925855,7.1325855,6.7125854,6.3725853,6.3625855,6.5725856,6.3525853,6.5925856,6.9625854,7.5025854,7.7725854,7.6825852,7.6325855,7.3925853,7.1325855,7.0325856,6.6725855,6.4925857,6.2925854,5.6825852,5.6225853,5.9225855,6.2725854
-1.4374145,-1.0874145,-0.38741454,0.37258545,1.2825855,2.2725854,3.1425855,3.8325853,4.2725854,4.4425855,4.4425855,4.6225853,5.0625854,5.4425855,5.7625856,5.9825854,5.9825854,5.8325853,5.5525856,5.1025853,4.6225853,4.0525856,3.7225854,3.5525854,3.6825855,3.8925855,3.6225855,3.4025855,2.8925855,2.4225855,1.9225855,1.8625854,1.7125854,1.8425854,2.2225854,2.2825854,2.3025854,2.7125854,3.8625855,4.5925856,4.6025853,4.3625855,4.3425856,4.4225855,4.4925857,4.3025856,4.0825853,3.6525855,3.0125854,2.3725855,1.8025855,1.7225854,1.7325854,1.6725855,1.4525855,1.5025854,1.6625855
-7.4074144,-6.2474146,-5.4174147,-4.3574147,-3.1474144,-2.4274147,-1.7474146,-1.1374146,-0.76741457,-0.64741457,-0.41741455,-0.35741454,-0.5074146,-0.73741454,-0.67741454,-0.29741454,-0.14741455,0.012585449,0.21258545,0.21258545,-0.17741455,-0.7474145,-1.0574145,-0.39741457,-2.8974144,-4.6274147,-5.1974144,-4.5074143,-4.0274143,-3.4874146,-3.1074145,-2.5374146,-0.39741457,0.8725855,0.89258546,1.2025855,1.8225855,1.6225854,1.6025854,1.8725854,2.0725853,2.3625855,2.4125855,2.1525855,1.8125855,1.2725854,0.8625854,0.97258544,1.0025854,0.57258546,0.34258544,0.60258543,0.59258544,0.31258544,0.47258544,0.60258543,0.73258543
-8.727414,-10.667415,-10.247415,-8.277414,-6.9774146,-5.7574143,-5.1674147,-5.1774144,-5.7374144,-6.4474144,-6.2574143,-5.5174146,-4.7874146,-4.2474146,-3.8674145,-3.9974146,-4.0674148,-4.1774144,-4.7074146,-5.3074145,-5.6974144,-6.1174145,-6.3774147,-6.1774144,-8.477414,-9.027414,-6.7574143,-6.0674148,-5.1474147,-3.7074146,-2.7974145,-2.7974145,-1.6674145,-1.0274146,-1.1474146,-1.0474145,-0.7574146,-0.5074146,-0.12741455,0.0025854493,-0.37741455,-0.7474145,-0.48741454,-0.26741454,-0.6874145,-1.2874146,-1.6274146,-1.5774145,-1.4074146,-1.0074146,-0.27741456,0.35258543,0.6725854,0.95258546,0.97258544,0.83258545,0.57258546
-3.6874146,-4.297415,-4.0374146,-4.3374147,-4.547415,-6.3674145,-7.4774146,-7.9974146,-6.3974147,-4.2274146,-6.5674148,-6.5274143,-6.8674145,-6.7574143,-6.7074146,-6.6074147,-7.1674147,-7.0174146,-7.6474147,-7.6074147,-7.7274146,-7.4774146,-7.7574143,-7.5974145,-6.8974147,-5.8174148,-4.6274147,-5.1374145,-6.4474144,-8.257415,-6.0374146,-4.8074145,-4.2174144,-3.7974145,-3.4674146,-3.0074146,-2.7874146,-2.7174146,-2.3574145,-2.1974146,-2.7974145,-3.4574146,-3.4974146,-3.6774147,-3.6274145,-3.3174145,-3.0074146,-2.7374146,-2.2874146,-1.8674146,-1.4874146,-1.3374145,-1.1874145,-1.1174146,-0.9974145,-0.84741455,-0.67741454
-3.5474145,-2.8674145,-3.0574145,-3.6174145,-4.1574144,-4.6574144,-5.1074147,-5.7174144,-5.9174147,-6.7474146,-6.6874146,-7.5674148,-6.4774146,-5.4574146,-4.4174147,-3.7074146,-4.797415,-4.6774144,-5.3174148,-5.5374146,-5.0574145,-4.7474146,-5.5374146,-6.3074145,-5.9874144,-5.0074143,-2.0074146,-1.9474145,-1.7474146,-1.8774146,-3.8774145,-3.7174146,-3.5374146,-3.4174147,-4.0674148,-4.1574144,-4.2374144,-4.6574144,-4.7774143,-4.6974144,-4.8474145,-4.8974147,-4.8174148,-4.8074145,-4.8274145,-4.7574143,-4.5274143,-4.8674145,-5.4174147,-5.8074145,-6.1374145,-6.0974145,-6.1374145,-6.0574145,-6.1074147,-5.9674144,-5.3974147
-2.0574145,-2.6174145,-3.1374145,-3.7474146,-4.3274145,-4.9874144,-4.5974145,-4.1974144,-5.2274146,-6.5074143,-7.2174144,-5.8774147,-7.3774147,-9.037415,-11.207415,-5.3374147,-1.9874146,0.95258546,1.2925855,-2.2174146,-0.73741454,0.9325855,0.35258543,0.94258547,0.21258545,-5.1474147,-3.5974145,-2.2874146,-2.3574145,-2.0274146,-1.9974146,-3.4574146,-3.3574145,-2.2174146,-2.7774146,-3.3374145,-4.0874147,-4.6474147,-5.2474146,-5.1474147,-5.2574143,-5.1374145,-5.0974145,-5.3074145,-5.5574145,-5.8074145,-6.3174148,-6.7874146,-7.0574145,-7.0174146,-7.6874146,-8.697414,-9.717415,-10.837415,-11.237414,-11.817414,-11.587415
-2.2574146,-3.0474145,-3.1274145,-4.0174146,-4.8074145,-4.547415,-3.6574144,-3.6074145,-4.5274143,-4.3174148,-4.8274145,-6.4274144,-4.3174148,-3.6274145,-4.9474144,-2.8874145,-2.2474146,-1.3874146,-0.027414551,0.66258544,0.03258545,-0.29741454,-2.2874146,-0.76741457,-3.1674147,-1.9974146,-2.2774146,-2.2374146,-3.4174147,-3.3574145,-3.3174145,-2.8874145,-3.3774145,-3.5474145,-3.2074146,-3.1574144,-2.7974145,-1.8974146,-2.5374146,-2.6374145,-2.9574146,-3.5274146,-4.2474146,-5.4174147,-5.9074144,-5.4174147,-6.0574145,-7.0974145,-8.367414,-8.557415,-7.0574145,-7.4074144,-7.5574145,-6.8574147,-5.4874144,-5.4674144,-6.6074147
-3.0574145,-3.0774145,-3.3574145,-3.8874145,-4.0074143,-2.7274146,-2.5574145,-2.8074145,-2.3774145,-0.8774145,-0.25741455,0.90258545,1.5825855,1.5325855,-2.3174145,-3.6974146,-3.9374146,-4.1374145,-1.1174146,0.96258545,-0.9374145,-5.0374146,-8.237414,-8.417415,-7.3774147,-6.9074144,-6.4874144,-5.0574145,-5.7874146,-3.8374145,-5.6574144,-5.4174147,-5.0274143,-5.5174146,-5.4174147,-5.6774144,-6.0974145,-6.2674146,-6.0674148,-6.3274145,-6.6574144,-6.4274144,-6.5974145,-5.8274145,-5.8274145,-5.297415,-3.1174145,-0.6974146,2.3925855,-1.0974145,-5.3374147,-5.0874147,-2.8974144,-2.0174146,-2.5574145,-2.5474145,-1.8674146
-3.5374146,-3.5374146,-3.8474145,-3.0374146,-2.5974145,-1.8074145,-1.1774145,-1.3874146,0.28258544,0.27258545,0.59258544,0.8625854,1.7325854,-2.0374146,-1.6874145,-3.8274145,-3.9274147,-2.3074145,-4.7174144,-2.3874145,-2.3574145,-3.5374146,-5.5174146,-6.6474147,-7.3374147,-4.797415,-6.6774144,-5.2174144,-4.8074145,-5.1174145,-6.1574144,-6.9374146,-7.4074144,-6.6774144,-7.297415,-6.7774143,-5.8274145,-5.0974145,-4.7674146,-4.0774145,-4.4874144,-1.0774145,-4.3974147,-3.2974145,-3.3574145,-3.8374145,-1.3274145,-1.3874146,-7.7874146,0.11258545,-3.8674145,-3.0874145,-0.34741455,-3.1774147,-2.9174147,-3.3274145,-5.3974147
-2.4274147,-2.9074144,-2.3374145,-2.7674146,-2.5274146,-0.79741454,0.08258545,-0.80741453,-0.12741455,-0.48741454,0.24258545,1.3925854,-0.6374146,-2.5374146,-2.4974146,-4.8374147,-3.6474144,-3.0374146,-1.9374145,-2.1074145,-2.0774145,-4.1274147,-1.8474145,-6.6374145,-5.4874144,-3.4374146,-1.8674146,-3.3874145,-6.7274146,-8.877415,-6.0174146,-4.547415,-4.1274147,-2.5774145,-3.7474146,-3.4174147,-3.2274146,-2.4974146,-3.8774145,-4.3474145,-3.4574146,-0.61741453,0.23258545,1.3725854,-1.6874145,-5.2474146,-4.4974146,-3.6574144,-3.3074145,-2.6774147,-1.5274146,-1.7874146,-1.7274146,-4.8374147,0.5525854,-1.6474146,-0.5074146
-1.7174145,-2.1174145,-1.6574146,-1.3074145,-0.76741457,0.20258544,-0.67741454,0.16258545,0.06258545,-1.1974145,2.3925855,0.90258545,-0.38741454,-3.2774146,-4.9674144,-4.4274144,-3.8974144,-2.8874145,-2.1274145,-0.7574146,-2.8074145,-3.1974146,-2.2974145,-0.43741456,-6.1674147,-3.7474146,-3.3474145,-2.4474146,-1.8174145,-2.3174145,-5.4074144,-4.7274146,-2.7674146,-1.5074146,0.21258545,1.8125855,-0.43741456,-1.8174145,-2.6174145,-5.4774146,-5.0074143,-1.3474145,-4.3774147,-7.9474144,-5.797415,-2.5974145,0.89258546,-1.0374146,1.4925854,-0.67741454,-0.59741455,0.21258545,-1.6674145,-4.8874145,-0.39741457,0.29258546,0.69258547
