static/data/gfs.t00z.pgrb2.1p00.f8.json
{"header": {"discipline":0,"disciplineName":"Meteorological products","gribEdition":2,"gribLength":81094,"center":7,"centerName":"US National Weather Service - NCEP(WMC)","subcenter":0,"refTime":"2019-06-20T00:00:00.000Z","significanceOfRT":1,"significanceOfRTName":"Start of forecast","productStatus":0,"productStatusName":"Operational products","productType":1,"productTypeName":"Forecast products","productDefinitionTemplate":0,"productDefinitionTemplateName":"Analysis/forecast at horizontal level/layer at a point in time","parameterCategory":2,"parameterCategoryName":"Momentum","parameterNumber":3,"parameterNumberName":"V-component_of_wind","parameterUnit":"m.s-1","genProcessType":2,"genProcessTypeName":"Forecast","forecastTime":12,"surface1Type":100,"surface1TypeName":"Isobaric surface","surface1Value":100000.0,"surface2Type":255,"surface2TypeName":"Missing","surface2Value":0.0,"gridDefinitionTemplate":0,"gridDefinitionTemplateName":"Latitude_Longitude","numberPoints":65160,"shape":6,"shapeName":"Earth spherical with radius of 6,371,229.0 m","gridUnits":"degrees","resolution":48,"winds":"true","scanMode":0,"nx":360,"ny":181,"basicAngle":0,"lo1":0.0,"la1":90.0,"lo2":359.0,"la2":-90.0,"dx":1.0,"dy":1.0}, "data":
[rows 135 to 161 of 181, columns 61 to 121 of 360]
0.55758303,1.227583,1.897583,1.577583,1.787583,1.487583,1.297583,2.407583,2.517583,2.647583,4.237583,6.087583,7.907583,9.807583,11.987583,13.507583,14.707583,15.257583,15.897583,15.937583,15.977583,15.777583,15.397583,14.817583,14.037583,12.407583,10.347583,9.747583,9.237583,6.617583,7.707583,11.067583,13.197583,9.207583,-12.022417,-15.112417,-14.432417,-13.572417,-11.762417,-9.842417,-10.172417,-15.232417,-15.092417,-15.622417,-15.392417,-15.092417,-14.412417,-13.842417,-13.382417,-11.942417,-10.612417,-10.022417,-9.642417,-8.272417,-7.772417,-6.052417,-3.872417,-2.292417,-0.08241699,1.167583,2.437583
-0.832417,-0.772417,0.197583,0.337583,-0.20241699,-0.352417,-0.402417,1.187583,0.627583,-0.592417,-0.062416993,3.207583,6.067583,8.877583,11.047583,12.977583,13.897583,14.737583,15.307583,15.467583,15.827583,15.997583,15.517583,15.807583,15.557583,12.317583,8.907583,4.957583,6.867583,4.717583,6.337583,7.617583,12.687583,12.417583,-3.982417,-15.702417,-15.482417,-14.472417,-13.692417,-8.352417,-7.762417,-13.872417,-15.312417,-15.462417,-16.282417,-16.482416,-15.872417,-14.812417,-14.032417,-13.322417,-12.452417,-11.372417,-9.972417,-8.692417,-8.662417,-7.562417,-5.932417,-2.562417,-0.30241698,2.507583,6.347583
-2.072417,-1.252417,-0.562417,0.15758301,0.38758302,-1.202417,-3.132417,-3.442417,-2.032417,-2.012417,-2.302417,0.607583,3.687583,7.037583,9.477583,11.347583,12.557583,13.867583,14.777583,15.497583,15.527583,15.767583,15.967583,16.327583,16.917583,14.097583,8.277583,1.927583,3.827583,3.217583,4.487583,5.977583,6.407583,12.747583,11.727583,-12.962417,-16.432417,-15.872417,-15.412417,-11.642417,-7.872417,-8.502417,-15.042417,-15.812417,-15.362417,-16.482416,-16.752417,-15.262417,-14.202417,-13.792417,-13.262417,-10.972417,-11.062417,-10.812417,-9.442417,-7.792417,-6.352417,-4.612417,-1.862417,1.737583,3.797583
-3.782417,-2.252417,-1.562417,-0.142417,0.087583005,-0.94241697,-3.562417,-5.882417,-6.212417,-3.332417,-4.992417,-2.212417,0.507583,5.087583,7.777583,9.697583,11.157583,12.697583,14.247583,15.067583,15.597583,15.937583,16.107582,15.817583,16.257584,15.947583,10.897583,1.617583,3.737583,5.287583,3.297583,5.487583,6.227583,6.317583,12.297583,15.577583,-16.632418,-16.132418,-15.252417,-15.052417,-10.762417,-8.582417,-13.062417,-15.162417,-15.632417,-15.552417,-15.592417,-15.922417,-15.142417,-13.342417,-13.432417,-12.762417,-12.592417,-11.922417,-10.732417,-9.242417,-7.532417,-6.122417,-4.242417,-2.272417,0.437583
-6.132417,-4.572417,-2.932417,-1.442417,-1.092417,-0.75241697,-3.932417,-7.262417,-5.952417,-5.192417,-6.112417,-4.342417,-1.562417,3.197583,5.707583,8.277583,10.337583,11.527583,13.117583,14.367583,15.027583,15.617583,15.927583,15.747583,15.617583,15.037583,12.287583,3.457583,3.427583,4.377583,3.037583,3.767583,5.177583,6.967583,5.977583,11.397583,11.827583,-15.782417,-15.492417,-15.422417,-14.522417,-11.432417,-9.822417,-13.142417,-14.902417,-15.152417,-16.512417,-14.942417,-14.782417,-14.542417,-14.222417,-13.902417,-13.552417,-13.032417,-12.032417,-10.212417,-8.472417,-7.052417,-5.612417,-4.492417,-3.982417
-8.132417,-5.912417,-3.792417,-2.652417,-1.542417,-1.842417,-3.782417,-8.252417,-9.652417,-7.072417,-5.632417,-6.962417,-3.462417,0.967583,3.697583,6.477583,9.387583,10.627583,11.937583,13.427583,14.857583,15.277583,15.857583,15.667583,15.897583,17.357582,14.157583,1.377583,2.557583,4.207583,2.587583,1.737583,3.287583,4.277583,5.907583,7.087583,12.077583,5.947583,-16.152416,-15.652417,-15.602417,-14.752417,-13.102417,-10.692417,-12.492417,-14.522417,-15.562417,-15.492417,-15.062417,-14.802417,-13.402417,-14.932417,-14.782417,-13.802417,-13.192417,-12.022417,-9.832417,-8.512417,-7.032417,-6.132417,-5.492417
-10.022417,-8.022417,-5.962417,-3.332417,-1.342417,-1.362417,-2.312417,-7.892417,-11.022417,-10.362417,-8.632417,-7.012417,-4.942417,-0.192417,2.487583,4.177583,7.107583,9.367583,11.067583,12.597583,13.687583,14.827583,15.647583,15.367583,15.727583,15.897583,15.697583,8.077583,5.987583,8.067583,-0.122416995,-1.872417,0.827583,2.917583,3.087583,4.907583,5.657583,8.447583,12.427583,-14.502417,-15.972417,-16.012417,-14.952417,-13.342417,-12.732417,-12.432417,-12.982417,-14.502417,-14.202417,-14.212417,-14.732417,-14.562417,-14.542417,-14.082417,-13.742417,-13.172417,-11.922417,-10.372417,-9.502417,-8.292417,-7.442417
-10.912417,-8.992417,-7.282417,-4.882417,-2.542417,-0.812417,-2.122417,-8.082417,-12.162417,-10.602417,-10.202417,-9.522417,-5.822417,-1.982417,1.627583,3.597583,5.367583,7.717583,9.427583,10.877583,12.397583,13.137583,14.037583,14.447583,14.367583,14.227583,13.817583,13.527583,12.247583,6.997583,3.167583,2.0275831,0.10758301,-0.05241699,0.727583,2.447583,2.757583,1.537583,1.827583,6.757583,-1.012417,-15.402417,-15.562417,-16.252417,-13.882417,-13.852417,-14.242417,-13.772417,-13.462417,-14.562417,-14.302417,-14.132417,-13.952417,-13.502417,-13.602417,-12.962417,-12.312417,-11.072417,-10.542417,-9.922417,-9.212417
-10.212417,-8.972417,-8.132417,-5.952417,-3.4724169,-2.942417,-4.572417,-10.582417,-12.642417,-13.202417,-11.192417,-10.372417,-6.682417,-3.412417,0.047583006,2.317583,4.717583,6.107583,8.057583,9.057583,10.917583,11.497583,12.467583,13.067583,13.217583,13.107583,12.997583,12.787583,12.887583,14.067583,11.427583,2.977583,0.967583,2.087583,1.847583,1.327583,0.087583005,-1.422417,-1.582417,0.03758301,0.80758303,5.077583,-12.492417,-15.262417,-15.152417,-15.042417,-14.552417,-13.792417,-13.932417,-13.622417,-13.482417,-13.762417,-13.782417,-13.742417,-13.332417,-12.732417,-12.582417,-11.972417,-11.462417,-10.682417,-10.092417
-12.022417,-9.862417,-8.222417,-6.982417,-4.832417,-4.132417,-6.782417,-12.722417,-13.732417,-13.562417,-13.942417,-11.412417,-7.882417,-4.402417,-0.20241699,2.007583,4.587583,5.387583,7.237583,7.917583,8.957583,9.957583,11.207583,12.117583,12.237583,12.087583,12.127583,11.867583,11.567583,11.447583,11.127583,10.407583,9.407583,8.517583,7.747583,6.147583,6.397583,-0.842417,-4.302417,-5.432417,-4.692417,-2.782417,-0.342417,-5.502417,-14.322417,-15.242417,-14.402417,-13.172417,-14.142417,-13.852417,-13.002417,-13.352417,-13.092417,-13.242417,-13.332417,-12.972417,-12.392417,-11.972417,-11.302417,-11.432417,-11.222417
-11.942417,-10.302417,-10.442417,-7.722417,-6.442417,-5.842417,-8.852417,-13.752417,-15.492417,-14.582417,-14.492417,-12.152417,-9.182417,-6.132417,-2.842417,0.317583,3.227583,5.147583,6.797583,7.167583,7.997583,9.437583,10.577583,11.327583,11.227583,11.187583,11.027583,11.047583,11.047583,11.027583,11.237583,9.777583,10.197583,9.717583,9.477583,7.987583,9.097583,6.987583,-7.712417,-8.262417,-7.422417,-7.212417,-5.012417,-3.012417,0.827583,-12.642417,-14.472417,-14.782417,-14.062417,-12.232417,-12.002417,-12.942417,-12.672417,-12.512417,-12.862417,-13.042417,-12.982417,-12.462417,-11.762417,-11.122417,-10.982417
-13.922417,-13.132417,-11.582417,-8.672417,-6.882417,-7.632417,-11.262417,-14.962417,-15.682417,-16.812416,-15.832417,-13.342417,-10.912417,-7.892417,-4.422417,-0.932417,1.667583,4.167583,5.877583,6.747583,7.777583,8.977583,10.317583,11.427583,10.707583,10.137583,10.177583,10.377583,10.537583,10.857583,11.257583,11.397583,11.107583,11.147583,11.327583,11.877583,13.697583,16.837584,-4.242417,-6.942417,-6.582417,-7.612417,-6.782417,-7.692417,-5.912417,-3.782417,-10.822417,-12.842417,-13.182417,-13.502417,-13.942417,-12.492417,-11.922417,-11.682417,-11.732417,-11.772417,-11.952417,-12.002417,-11.902417,-11.952417,-11.372417
-14.662417,-14.322417,-11.872417,-10.842417,-9.372417,-9.842417,-14.602417,-16.292418,-17.092417,-17.442417,-16.252417,-14.582417,-12.572417,-9.622417,-6.362417,-2.742417,0.837583,3.537583,4.517583,5.947583,7.307583,8.617583,10.097583,11.007583,10.407583,9.987583,10.357583,10.897583,11.367583,11.467583,11.267583,11.127583,11.387583,11.487583,11.357583,11.587583,11.937583,11.237583,11.487583,3.787583,-7.562417,-7.282417,-8.402417,-7.702417,-7.312417,-6.792417,-5.512417,-9.972417,-11.512417,-12.372417,-12.772417,-12.752417,-12.072417,-12.182417,-12.682417,-11.632417,-11.252417,-11.382417,-11.152417,-11.092417,-10.502417
-15.722417,-14.652417,-13.002417,-11.062417,-10.972417,-12.582417,-16.712418,-18.742416,-19.252417,-17.472418,-16.842417,-15.542417,-13.682417,-11.282417,-8.192417,-4.822417,-1.152417,1.767583,3.497583,4.807583,6.127583,7.107583,8.687583,9.617583,9.947583,10.097583,11.217583,11.717583,11.887583,11.877583,11.777583,11.487583,11.277583,11.457583,11.467583,10.917583,10.937583,11.237583,10.707583,10.377583,11.387583,-5.262417,-8.382417,-8.682417,-8.032417,-8.092417,-6.672417,-6.472417,-7.612417,-10.682417,-12.082417,-12.052417,-11.652417,-11.702417,-11.332417,-11.252417,-10.682417,-10.632417,-10.652417,-10.332417,-9.922417
-16.342417,-14.402417,-13.222417,-12.522417,-11.902417,-15.092417,-18.332417,-20.082417,-20.412416,-19.822416,-17.182417,-16.362417,-14.942417,-12.842417,-10.062417,-6.442417,-3.312417,-1.202417,2.057583,3.267583,4.157583,5.427583,6.917583,8.397583,9.407583,9.307583,10.867583,11.677583,12.147583,12.567583,12.577583,12.437583,12.447583,12.217583,11.967583,11.617583,10.537583,9.207583,10.127583,11.137583,10.477583,11.077583,5.147583,-9.882417,-9.492417,-9.222417,-8.642417,-7.352417,-7.182417,-8.682417,-9.152417,-9.672417,-9.942417,-10.142417,-10.362417,-10.062417,-10.102417,-10.012417,-9.612417,-8.702417,-8.742417
-15.532417,-14.682417,-13.542417,-12.472417,-13.172417,-16.572416,-20.252417,-21.432417,-21.012417,-20.452417,-18.492416,-16.852417,-15.832417,-14.202417,-11.822417,-8.902417,-6.452417,-4.562417,-1.522417,1.257583,2.747583,4.047583,5.867583,6.617583,6.687583,7.127583,10.527583,11.017583,11.547583,12.037583,12.567583,13.217583,13.297583,12.877583,12.687583,12.727583,11.327583,8.677583,8.187583,8.797583,10.427583,9.187583,8.777583,9.117583,6.417583,2.387583,-0.39241698,-4.322417,-6.152417,-6.292417,-5.152417,-5.872417,-6.992417,-7.542417,-7.572417,-6.532417,-7.382417,-7.122417,-6.722417,-6.582417,-5.652417
-15.452417,-13.822417,-13.032417,-13.742417,-15.682417,-19.322416,-21.442417,-21.872417,-21.532417,-20.672417,-18.912416,-17.472418,-15.582417,-13.892417,-12.462417,-9.702417,-8.332417,-6.832417,-4.602417,-1.772417,0.487583,2.437583,3.717583,4.367583,5.007583,5.867583,7.387583,7.747583,9.087583,10.247583,10.957583,11.647583,12.097583,12.607583,11.677583,11.307583,10.967583,10.007583,7.087583,6.427583,7.137583,7.047583,7.757583,6.337583,3.947583,1.707583,2.577583,2.597583,0.817583,0.017583007,0.44758302,1.127583,1.557583,0.18758301,-1.602417,-2.642417,-3.482417,-2.092417,-2.742417,-2.262417,-1.762417
-14.202417,-14.022417,-13.322417,-14.502417,-16.772417,-21.722418,-21.722418,-21.662416,-20.432417,-19.272417,-17.912416,-15.182417,-12.262417,-11.812417,-11.682417,-10.182417,-8.682417,-7.662417,-5.032417,-3.592417,-1.442417,0.25758302,1.487583,2.817583,3.407583,4.517583,5.677583,5.757583,5.587583,5.827583,6.897583,7.127583,7.627583,9.047583,7.987583,7.757583,7.567583,8.217583,6.687583,6.237583,5.107583,4.907583,5.797583,5.727583,4.907583,2.907583,1.627583,1.777583,1.077583,0.497583,-0.582417,-1.422417,-1.222417,-1.712417,-1.972417,-1.792417,-2.4724169,-2.742417,-2.352417,-0.39241698,-1.232417
-13.482417,-13.152417,-14.502417,-15.202417,-20.262417,-20.652416,-21.282417,-19.512417,-18.412416,-16.702417,-15.662417,-13.842417,-11.862417,-9.512417,-8.842417,-7.902417,-7.762417,-6.692417,-5.192417,-3.532417,-1.762417,-0.292417,0.927583,1.7175831,2.217583,2.897583,3.497583,3.907583,4.487583,4.587583,4.697583,4.587583,5.137583,5.507583,5.727583,6.447583,5.887583,6.197583,6.577583,5.837583,5.387583,4.587583,3.737583,2.877583,3.247583,3.037583,2.487583,2.087583,1.957583,1.827583,1.697583,1.157583,0.277583,0.0075830077,-0.402417,-1.642417,-1.802417,-1.7824169,-2.082417,-2.862417,-3.552417
-11.982417,-12.372417,-15.232417,-18.232416,-18.942417,-19.082417,-18.782417,-17.522417,-16.512417,-15.282417,-13.652417,-11.742417,-10.452417,-9.102417,-7.312417,-7.232417,-6.802417,-6.292417,-5.062417,-3.102417,-1.482417,-0.732417,0.44758302,1.977583,3.007583,3.237583,3.047583,2.947583,2.947583,2.7775831,2.647583,2.887583,3.537583,3.367583,3.607583,3.577583,4.047583,5.137583,5.197583,5.267583,5.167583,4.947583,4.377583,4.087583,4.247583,3.5275831,2.577583,1.627583,0.41758302,-0.122416995,-0.252417,-0.452417,-0.712417,-1.4124169,-1.822417,-2.042417,-2.022417,-1.882417,-1.562417,-2.982417,-3.252417
-12.352417,-14.872417,-15.952417,-16.692417,-16.842417,-16.872417,-16.272417,-15.692417,-14.762417,-13.492417,-11.732417,-10.152417,-8.922417,-7.292417,-5.592417,-5.692417,-5.402417,-4.532417,-3.402417,-1.822417,-0.122416995,1.297583,2.187583,2.707583,2.757583,2.847583,2.967583,2.797583,2.287583,1.9675831,2.157583,2.007583,1.5875831,1.5875831,2.377583,1.907583,1.407583,0.027583009,2.827583,3.917583,3.567583,0.697583,2.767583,2.597583,2.977583,2.747583,1.867583,0.10758301,-0.462417,-2.932417,-2.152417,1.5875831,3.847583,4.887583,-0.042416994,-2.852417,-3.312417,-3.2224169,-3.552417,-3.362417,-3.262417
-5.212417,-9.212417,-10.522417,-10.892417,-10.352417,-9.832417,-8.232417,-5.982417,-3.042417,-1.512417,-1.542417,-0.822417,-0.732417,-0.69241697,-0.63241696,-0.572417,-0.642417,-0.42241699,-0.15241699,0.927583,1.767583,2.037583,2.337583,2.567583,3.587583,3.497583,3.397583,2.407583,2.577583,1.657583,1.327583,1.137583,0.99758303,0.637583,0.697583,0.837583,0.857583,0.347583,3.567583,3.037583,0.517583,2.077583,2.847583,2.567583,0.587583,2.0275831,4.317583,-3.182417,-3.902417,-1.932417,-1.552417,0.407583,3.547583,11.147583,8.237583,3.927583,-1.692417,-1.632417,-1.372417,-1.982417,-1.802417
6.337583,5.287583,5.487583,5.497583,4.537583,4.047583,4.367583,5.197583,6.177583,6.687583,5.997583,5.027583,4.217583,3.437583,2.447583,1.577583,1.367583,1.567583,1.9675831,2.007583,2.047583,2.647583,2.517583,2.497583,0.967583,2.667583,2.567583,9.717583,8.617583,5.597583,9.457583,9.787583,9.617583,10.857583,7.217583,4.487583,5.047583,4.807583,7.527583,3.447583,1.507583,-1.652417,-1.372417,0.907583,3.867583,4.957583,5.947583,4.747583,3.317583,4.017583,4.377583,-1.702417,-2.732417,1.137583,2.937583,0.837583,1.5875831,0.967583,-2.032417,-3.552417,-3.202417
1.577583,4.237583,4.567583,4.297583,4.947583,7.277583,7.977583,12.327583,15.007583,13.527583,11.637583,9.497583,7.567583,6.537583,4.987583,3.677583,2.947583,2.887583,2.117583,0.197583,1.2175831,3.817583,6.207583,8.177583,7.787583,7.647583,9.877583,10.537583,9.727583,7.497583,7.007583,7.267583,7.467583,7.337583,6.887583,6.077583,5.927583,5.447583,6.377583,2.887583,-0.39241698,-1.592417,-2.132417,-2.432417,-1.762417,-0.952417,0.41758302,1.677583,1.987583,0.44758302,0.35758302,0.167583,-0.322417,-0.672417,-0.062416993,-0.30241698,0.06758301,0.18758301,0.407583,0.397583,0.06758301
-2.212417,-3.242417,-2.432417,-2.542417,0.09758301,1.997583,3.0275831,3.477583,5.247583,8.707583,8.837583,9.317583,8.697583,6.707583,2.737583,1.397583,1.267583,0.217583,0.627583,0.737583,2.797583,4.897583,6.387583,6.547583,6.807583,6.977583,7.977583,7.747583,7.617583,7.337583,6.957583,6.727583,6.567583,6.437583,6.017583,5.217583,5.117583,5.927583,4.997583,2.577583,-1.742417,-3.362417,-3.772417,-3.342417,-3.182417,-2.532417,-2.462417,-1.842417,-0.88241696,-0.33241698,-0.322417,-0.972417,-1.792417,-1.932417,-1.932417,-1.512417,-1.272417,-1.112417,-1.4124169,-1.382417,-1.432417
-9.562417,-8.102417,-6.702417,-5.522417,-0.122416995,0.307583,0.41758302,1.487583,6.137583,8.477583,8.977583,9.417583,6.257583,-0.42241699,2.437583,2.547583,1.597583,0.337583,-0.11241699,0.887583,1.267583,2.487583,3.637583,4.377583,5.827583,6.267583,6.467583,6.477583,6.107583,5.937583,5.847583,5.657583,5.387583,5.087583,4.637583,4.307583,3.917583,3.627583,2.797583,1.127583,-1.172417,-2.602417,-3.272417,-3.382417,-3.432417,-3.462417,-3.092417,-3.112417,-2.542417,-1.562417,-0.742417,-0.712417,-1.422417,-1.832417,-2.232417,-2.412417,-2.622417,-2.862417,-3.082417,-3.052417,-3.002417
-4.002417,-3.392417,-1.372417,-0.862417,-1.2824169,2.387583,2.747583,4.657583,7.857583,7.017583,6.617583,5.467583,-1.422417,-3.932417,-4.452417,-3.7224169,-2.712417,-2.152417,-1.862417,-1.492417,-0.602417,0.717583,1.797583,2.897583,3.817583,4.347583,4.567583,4.407583,4.197583,4.057583,3.947583,3.717583,3.697583,3.737583,3.737583,3.357583,2.627583,2.107583,1.207583,0.11758301,-1.482417,-2.532417,-3.262417,-3.692417,-3.822417,-3.952417,-3.982417,-3.842417,-3.462417,-2.912417,-2.572417,-2.162417,-1.902417,-2.082417,-2.4724169,-2.702417,-2.832417,-2.952417,-3.242417,-3.322417,-3.392417
