static/data/gfs.t00z.pgrb2.1p00.f6.json
{"header": {"discipline":0,"disciplineName":"Meteorological products","gribEdition":2,"gribLength":79985,"center":7,"centerName":"US National Weather Service - NCEP(WMC)","subcenter":0,"refTime":"2019-06-20T00:00:00.000Z","significanceOfRT":1,"significanceOfRTName":"Start of forecast","productStatus":0,"productStatusName":"Operational products","productType":1,"productTypeName":"Forecast products","productDefinitionTemplate":0,"productDefinitionTemplateName":"Analysis/forecast at horizontal level/layer at a point in time","parameterCategory":2,"parameterCategoryName":"Momentum","parameterNumber":2,"parameterNumberName":"U-component_of_wind","parameterUnit":"m.s-1","genProcessType":2,"genProcessTypeName":"Forecast","forecastTime":9,"surface1Type":100,"surface1TypeName":"Isobaric surface","surface1Value":100000.0,"surface2Type":255,"surface2TypeName":"Missing","surface2Value":0.0,"gridDefinitionTemplate":0,"gridDefinitionTemplateName":"Latitude_Longitude","numberPoints":65160,"shape":6,"shapeName":"Earth spherical with radius of 6,371,229.0 m","gridUnits":"degrees","resolution":48,"winds":"true","scanMode":0,"nx":360,"ny":181,"basicAngle":0,"lo1":0.0,"la1":90.0,"lo2":359.0,"la2":-90.0,"dx":1.0,"dy":1.0}, "data":
[rows 26 to 51 of 181, columns 118 to 176 of 360]
2.086626,1.546626,1.7166259,0.87662596,3.196626,3.046626,1.016626,-1.373374,1.606626,3.966626,7.616626,4.576626,-0.023374023,0.25662598,-0.033374023,-0.41337404,-1.003374,-1.853374,-6.553374,-1.133374,-5.323374,-5.883374,-4.273374,-1.2833741,-0.603374,-1.353374,-1.843374,-2.033374,-2.893374,-4.293374,-0.81337404,-1.003374,1.186626,1.4566259,0.62662596,-0.94337404,-1.013374,-1.583374,0.42662597,-3.053374,-1.713374,-2.573374,-1.553374,0.31662598,-1.383374,-0.543374,-0.24337402,-0.853374,-1.0333741,0.026625976,1.066626,1.196626,3.066626,5.216626,2.7866259,2.606626,1.2066259,2.056626,5.276626
2.176626,1.806626,0.74662596,1.356626,3.0266259,1.316626,2.186626,0.47662598,1.306626,0.47662598,-0.29337403,0.046625976,1.876626,2.696626,1.366626,-0.68337405,2.066626,2.156626,-1.313374,0.656626,0.726626,-3.373374,-3.733374,-6.423374,-4.483374,-3.753374,-2.253374,0.13662598,-0.473374,0.94662595,-0.923374,0.14662598,1.4566259,0.22662598,-2.173374,-1.0433741,-0.87337404,-1.503374,-0.923374,0.15662597,-4.603374,-1.5233741,-1.433374,-1.353374,-1.4133741,0.61662596,0.12662597,-1.213374,-2.263374,1.246626,1.986626,1.2166259,-0.42337403,1.246626,2.266626,-0.913374,-0.22337402,-1.453374,0.61662596
0.886626,1.376626,1.416626,1.4666259,-3.593374,-2.043374,0.35662597,-0.62337404,1.876626,0.786626,0.726626,1.2166259,0.536626,0.56662595,0.48662597,1.006626,0.75662595,-2.263374,-0.43337402,0.606626,0.69662595,0.20662598,-0.313374,-0.87337404,-1.5233741,-1.383374,-1.423374,-0.76337403,-0.543374,-0.21337402,0.23662597,-0.41337404,-0.27337402,-0.37337402,-0.663374,-1.223374,-1.803374,-5.443374,-0.863374,-0.93337405,-0.20337403,-0.953374,-2.013374,-3.883374,-1.843374,0.07662597,-0.76337403,0.016625976,0.406626,0.0066259764,-0.88337404,-1.0333741,0.766626,1.856626,0.066625975,-1.7833741,-0.703374,3.666626,8.186626
0.606626,0.86662596,0.80662596,1.056626,-2.9633741,-4.533374,-3.423374,-2.983374,-1.933374,-1.553374,-1.2733741,-1.423374,-1.393374,0.30662596,0.45662597,-0.36337402,1.026626,2.976626,0.096625976,0.75662595,0.546626,1.406626,-0.23337403,-1.733374,1.2266259,1.006626,0.17662598,-1.0333741,-0.773374,0.47662598,-0.48337403,-0.16337402,0.496626,0.23662597,-0.863374,0.546626,-1.0433741,-1.313374,-0.533374,-1.833374,0.716626,-2.513374,-0.68337405,-2.053374,-7.5933743,-6.013374,-3.313374,-2.913374,-1.113374,-1.013374,-1.253374,-1.623374,1.266626,1.4666259,2.126626,9.486626,7.526626,6.466626,6.066626
3.546626,3.046626,-1.203374,-0.343374,3.056626,-1.353374,-1.613374,0.26662597,-0.923374,0.536626,0.516626,3.0366259,3.216626,0.976626,1.4766259,1.516626,2.346626,3.596626,0.066625975,1.696626,4.256626,1.7166259,-2.083374,-4.133374,-2.733374,-0.983374,0.98662597,1.136626,-1.893374,1.296626,-1.263374,-0.88337404,0.44662598,0.08662598,-1.5333741,-1.093374,-1.143374,-1.883374,-0.41337404,-0.80337405,1.176626,2.326626,-0.40337402,-1.483374,-1.933374,-2.133374,-5.383374,-2.633374,-4.133374,-1.303374,-0.93337405,-0.733374,-1.233374,3.956626,6.566626,8.566626,8.136626,7.366626,5.856626
1.2266259,2.376626,-1.983374,-2.013374,-0.903374,1.056626,1.9566259,-0.593374,-0.23337403,-3.093374,0.786626,3.956626,2.356626,3.246626,1.616626,0.026625976,0.18662597,1.116626,0.38662598,1.5866259,1.756626,2.666626,-0.29337403,-2.123374,-0.253374,1.516626,1.4666259,1.946626,2.476626,0.586626,-2.293374,-2.9733741,-4.193374,-0.733374,-1.693374,-2.243374,-0.793374,2.266626,3.246626,4.166626,4.176626,1.056626,-2.733374,-1.9133741,-1.2733741,-2.073374,-2.563374,-1.093374,-0.44337404,1.146626,2.916626,4.176626,4.696626,4.616626,4.1566257,4.496626,5.296626,5.706626,5.696626
1.356626,1.376626,2.246626,-0.39337403,-0.22337402,1.786626,-0.23337403,0.55662596,0.666626,-2.193374,1.416626,-0.50337404,0.68662596,1.7266259,3.496626,0.786626,1.106626,1.196626,0.546626,0.646626,2.126626,5.366626,1.076626,5.036626,3.316626,3.646626,4.676626,3.866626,2.926626,2.376626,2.176626,-2.553374,-2.543374,-1.473374,-3.4733741,-5.383374,-3.763374,-1.803374,-0.523374,2.7766259,4.926626,3.496626,0.17662598,-1.463374,-1.4133741,-4.233374,-0.41337404,1.736626,0.966626,2.716626,4.356626,4.936626,5.036626,5.186626,4.636626,4.046626,4.036626,4.216626,4.136626
0.16662598,-2.003374,0.98662597,1.616626,0.436626,6.426626,0.07662597,-0.23337403,-0.023374023,-0.903374,-1.0233741,-1.323374,-0.783374,-0.12337402,0.666626,1.526626,2.196626,0.29662597,0.86662596,0.516626,0.606626,5.536626,5.636626,4.196626,4.876626,4.426626,4.856626,4.826626,4.646626,5.1566257,6.216626,6.746626,4.146626,0.15662597,-3.093374,-4.733374,-5.393374,-2.993374,1.0866259,2.046626,2.586626,1.246626,-1.173374,1.636626,2.486626,3.376626,4.316626,3.916626,5.056626,5.336626,5.726626,5.446626,5.396626,4.576626,4.176626,4.296626,3.386626,3.356626,4.1566257
7.076626,0.906626,-0.913374,2.236626,-0.45337403,1.0966259,3.476626,0.546626,-1.513374,-0.953374,0.44662598,1.006626,-0.75337404,-2.103374,0.41662598,-0.56337404,0.436626,-1.183374,0.666626,0.74662596,4.236626,2.846626,3.5366259,3.376626,2.826626,2.256626,1.756626,2.056626,1.526626,2.746626,3.566626,3.886626,3.086626,1.0866259,-0.09337402,-1.093374,-1.973374,-0.55337405,-0.253374,2.796626,-0.87337404,-1.983374,0.276626,-1.2733741,0.39662597,0.61662596,2.736626,3.406626,5.506626,4.566626,5.876626,7.666626,5.996626,4.596626,4.286626,3.556626,2.406626,2.596626,3.016626
3.756626,2.496626,0.636626,0.11662598,0.26662597,-0.673374,0.606626,-1.823374,-1.0333741,0.496626,-0.46337402,0.576626,1.446626,1.246626,0.14662598,-0.843374,0.406626,-0.88337404,-1.5233741,-0.39337403,-1.313374,0.24662597,0.07662597,-0.63337404,-0.923374,-0.99337405,-0.56337404,0.11662598,0.096625976,0.17662598,0.776626,0.07662597,-2.013374,0.096625976,2.386626,3.596626,2.366626,1.686626,2.946626,-1.313374,-1.313374,0.42662597,-2.373374,0.62662596,1.116626,5.846626,5.446626,4.576626,-0.39337403,5.676626,6.576626,6.276626,5.456626,4.476626,3.056626,1.776626,1.516626,1.496626,1.106626
-0.23337403,-2.393374,-0.51337403,-0.40337402,-1.353374,-2.843374,-1.2933741,-1.803374,-0.723374,-1.693374,-0.723374,-2.143374,-2.263374,-3.283374,-2.573374,-4.373374,-0.903374,-1.483374,-0.12337402,-0.643374,-0.87337404,0.576626,-0.603374,-0.75337404,-0.863374,-1.5233741,-2.783374,-2.563374,-2.573374,-2.493374,-1.733374,-1.253374,-0.523374,1.5966259,4.376626,6.026626,4.426626,2.606626,0.23662597,-1.7833741,0.47662598,-1.173374,-0.733374,4.036626,4.276626,5.6566257,6.266626,7.686626,6.946626,6.356626,6.216626,5.056626,4.226626,2.876626,1.0866259,-0.16337402,-0.10337403,-0.713374,-0.863374
-1.393374,-3.303374,-2.433374,-3.173374,-1.363374,-2.153374,-2.513374,-1.513374,-0.793374,-0.87337404,0.406626,-0.56337404,-2.503374,-1.313374,-1.2833741,-3.073374,-2.113374,-1.313374,-1.303374,-2.653374,-0.93337405,-0.973374,-0.48337403,-1.473374,-2.603374,-2.773374,-4.283374,-3.873374,-3.503374,-2.343374,-0.74337405,0.75662595,2.846626,4.636626,4.976626,4.206626,2.936626,0.916626,-0.833374,-2.703374,-0.023374023,0.75662595,4.976626,4.756626,5.416626,5.936626,7.446626,6.876626,6.466626,6.016626,4.996626,3.766626,2.576626,1.106626,-0.543374,-1.1633741,-1.943374,-2.523374,-0.603374
-2.653374,-3.693374,-1.823374,-1.883374,-2.923374,-1.833374,-1.433374,-1.823374,-1.093374,0.45662597,-0.27337402,0.0066259764,2.906626,1.696626,0.20662598,-0.863374,-2.483374,-2.033374,-1.673374,-0.88337404,-2.403374,-2.503374,-0.55337405,-2.393374,-3.293374,-2.293374,-3.823374,-3.693374,-2.633374,-1.683374,-0.21337402,1.056626,2.406626,3.016626,3.926626,4.286626,2.766626,3.336626,2.996626,0.32662597,-0.48337403,5.776626,5.056626,5.216626,6.206626,5.516626,5.196626,4.196626,4.596626,3.746626,2.836626,1.636626,0.29662597,-0.45337403,-1.443374,-2.173374,-2.773374,-1.2733741,0.16662598
-2.893374,-3.233374,-0.51337403,-3.293374,-2.833374,-0.57337403,-1.073374,-3.243374,-3.573374,-2.033374,-2.333374,-1.303374,-0.46337402,-0.16337402,0.86662596,-0.21337402,-2.143374,-2.823374,-1.7733741,0.86662596,-3.313374,-1.083374,-2.063374,-2.423374,-1.073374,-1.003374,-0.22337402,0.61662596,0.586626,0.69662595,0.94662595,0.956626,0.14662598,2.066626,3.646626,4.496626,3.466626,4.076626,1.386626,3.746626,5.116626,4.946626,5.686626,4.386626,4.396626,4.166626,3.346626,2.916626,1.776626,1.2266259,0.31662598,-0.833374,-1.6533741,-1.643374,-1.553374,-1.443374,-1.383374,-0.45337403,0.14662598
-0.863374,-3.553374,-3.893374,-2.703374,-2.543374,-2.083374,-0.923374,-2.2233741,-1.723374,-2.873374,-2.623374,-1.6633741,-0.20337403,0.74662596,-1.143374,-1.923374,-2.173374,-2.823374,-5.053374,-1.963374,-1.613374,-4.193374,-2.603374,-1.833374,-0.51337403,0.34662598,-0.69337404,-3.543374,-3.583374,-3.543374,-2.793374,-0.75337404,0.906626,1.936626,1.936626,3.836626,6.186626,2.846626,7.486626,6.596626,5.266626,4.456626,3.806626,3.086626,2.2766259,1.686626,0.67662597,-0.29337403,-0.983374,-1.743374,-3.793374,-3.863374,-3.153374,-3.343374,-2.573374,-2.243374,-0.713374,-0.08337402,1.046626
1.676626,-1.393374,-2.163374,-2.393374,-2.423374,-2.943374,-2.293374,-3.663374,-3.383374,-3.143374,-1.443374,-2.7233741,0.35662597,-0.863374,-2.163374,-0.56337404,-3.093374,-3.403374,-3.443374,-2.063374,-2.243374,-2.873374,-2.873374,-2.363374,0.596626,-0.74337405,-1.843374,0.81662595,-0.343374,-1.553374,-1.763374,-0.36337402,2.7866259,3.816626,4.586626,5.016626,3.846626,3.506626,3.366626,3.316626,3.426626,3.006626,1.986626,0.646626,-0.80337405,-3.203374,-4.023374,-5.173374,-5.913374,-6.403374,-6.703374,-5.453374,-4.663374,-3.893374,-2.593374,-1.763374,-0.56337404,1.016626,2.306626
1.316626,-4.473374,-3.363374,-2.733374,-2.943374,-3.393374,-2.773374,-3.103374,-2.553374,-2.9733741,-3.063374,-2.823374,-1.173374,-4.323374,-4.083374,-2.283374,-3.613374,-1.243374,0.636626,-2.753374,-3.153374,-1.583374,-3.103374,-2.053374,-2.543374,-1.613374,-2.823374,-2.113374,-2.193374,-3.573374,-1.263374,-0.45337403,-1.453374,-0.12337402,1.2266259,1.686626,1.146626,1.016626,0.61662596,0.836626,-0.18337402,-0.29337403,-2.193374,-2.543374,-4.923374,-7.613374,-7.933374,-8.903374,-8.693374,-9.163374,-8.613374,-8.6033745,-7.603374,-5.0933743,-3.373374,0.19662598,2.436626,4.176626,4.626626
0.066625975,2.056626,-1.1533741,-4.113374,-3.943374,-3.753374,-4.893374,-2.493374,-3.123374,-0.82337403,-0.053374022,-0.44337404,-1.7733741,0.19662598,-3.913374,-4.963374,-0.23337403,-0.51337403,0.35662597,-3.113374,-1.473374,-2.403374,-3.193374,-3.693374,-1.483374,-1.7833741,-4.863374,-4.813374,-5.123374,-4.583374,-2.023374,-3.593374,-6.803374,-3.9633741,-4.233374,-2.793374,-2.753374,-3.323374,-2.753374,-3.513374,-4.263374,-4.763374,-5.173374,-5.613374,-5.833374,-7.573374,-8.213374,-10.053374,-10.643374,-9.833374,-7.143374,-3.453374,-0.913374,1.576626,3.066626,3.216626,3.966626,3.836626,3.2766259
-1.133374,-6.663374,-2.863374,-1.713374,-4.063374,-4.503374,-4.043374,-4.173374,-3.003374,-1.353374,2.456626,0.08662598,1.8366259,-0.09337402,-2.393374,-1.6533741,0.21662597,-2.983374,-3.103374,-1.943374,-2.393374,-5.633374,-5.563374,-5.663374,-3.583374,-6.763374,-6.693374,-4.393374,-2.793374,-2.193374,-6.8433743,-5.253374,-4.0933743,-6.513374,-5.243374,-4.383374,-6.453374,-5.993374,-6.003374,-6.243374,-6.603374,-6.203374,-7.023374,-6.083374,-6.003374,-7.723374,-8.753374,-9.923374,-8.793374,-7.703374,-5.563374,-3.363374,-2.153374,-0.653374,1.436626,2.676626,1.986626,1.636626,0.606626
-7.113374,1.326626,-4.033374,-1.093374,-1.573374,-3.023374,-2.093374,-3.803374,-2.013374,-0.953374,-0.603374,2.196626,2.446626,2.396626,1.406626,-0.313374,-1.843374,-3.933374,-1.723374,-7.053374,-5.313374,-4.913374,-6.213374,-5.153374,-3.673374,-4.653374,-6.313374,-6.523374,-4.873374,-0.82337403,-4.933374,-9.173374,-10.633374,-9.673374,-9.233374,-8.083374,-9.1033745,-7.143374,-7.783374,-8.083374,-7.323374,-6.123374,-6.233374,-5.283374,-5.773374,-7.073374,-7.043374,-7.603374,-7.773374,-7.493374,-7.023374,-5.893374,-4.033374,-3.513374,-1.113374,1.526626,1.176626,1.166626,0.61662596
-4.073374,-0.16337402,-6.173374,-3.563374,-1.0333741,1.906626,0.37662598,-0.88337404,-1.143374,-0.543374,3.406626,0.766626,4.416626,3.476626,4.436626,0.25662598,-2.363374,-2.553374,-5.113374,-2.703374,-2.763374,-1.303374,-0.893374,-1.853374,1.066626,-1.373374,-0.37337402,-0.713374,-4.393374,-4.8433743,-2.683374,-0.253374,-3.343374,-7.953374,-10.233374,-8.333374,-9.373374,-8.563374,-8.673374,-9.123374,-8.283374,-7.113374,-7.063374,-5.863374,-5.513374,-5.833374,-4.673374,-2.583374,-2.503374,-4.703374,-7.423374,-7.053374,-6.803374,-5.773374,-4.423374,-2.013374,0.12662597,0.0066259764,1.4666259
-3.793374,-3.123374,-6.623374,-5.303374,-5.713374,-4.053374,-3.083374,-0.10337403,0.716626,1.036626,4.316626,4.726626,-1.703374,-0.533374,-5.893374,-0.87337404,-3.163374,-5.333374,-2.133374,-1.173374,-0.12337402,-2.513374,-2.233374,-0.17337403,0.0066259764,-3.513374,-1.313374,-3.203374,-4.763374,-2.193374,1.0866259,0.07662597,-4.273374,-6.713374,-8.8533745,-7.233374,-8.783374,-9.143374,-9.673374,-9.733374,-9.193374,-8.253374,-7.693374,-6.553374,-5.103374,-4.443374,-2.903374,-2.123374,-2.493374,-5.403374,-9.553374,-8.003374,-8.013374,-5.953374,-4.893374,-3.323374,-2.943374,-1.343374,0.98662597
-1.393374,-2.423374,-5.553374,-6.723374,-7.163374,-6.653374,-5.053374,-2.273374,-0.43337402,0.37662598,2.996626,1.106626,0.41662598,-1.9133741,-1.433374,-0.343374,-1.6533741,-0.913374,-0.43337402,-0.33337402,-1.453374,-1.243374,2.456626,-5.523374,-2.993374,-2.2233741,-3.153374,-4.563374,-3.503374,0.25662598,0.62662596,-1.973374,-5.563374,-7.443374,-8.283374,-8.233374,-9.893374,-9.263374,-10.403374,-10.543374,-11.163374,-10.173374,-8.593374,-6.993374,-6.383374,-3.073374,-0.923374,0.596626,2.956626,3.406626,-2.983374,-9.873374,-7.313374,-5.283374,-4.243374,-3.753374,-4.123374,-3.903374,-1.5333741
-0.703374,-2.243374,-5.633374,0.466626,5.306626,6.026626,-1.453374,2.486626,3.956626,2.216626,6.126626,-0.953374,0.39662597,-0.033374023,3.486626,0.35662597,0.61662596,0.24662597,0.23662597,0.68662596,0.23662597,-0.853374,-0.13337402,-5.613374,-4.363374,-3.943374,-3.433374,-1.943374,-1.263374,-0.613374,-2.393374,-4.583374,-7.313374,-9.373374,-9.193374,-11.1033745,-10.773374,-11.563374,-11.033374,-11.963374,-11.673374,-11.803374,-9.643374,-8.003374,-6.353374,-4.323374,-1.393374,2.2766259,5.636626,6.316626,3.386626,-4.103374,-6.333374,-5.133374,-4.303374,-4.073374,-4.783374,-5.103374,-5.263374
1.4666259,-1.333374,3.696626,3.336626,-0.63337404,-0.35337403,0.466626,0.98662597,2.326626,3.476626,4.536626,3.396626,1.506626,2.466626,3.916626,2.176626,1.436626,1.416626,0.21662597,-0.793374,0.016625976,-0.24337402,2.046626,-0.37337402,-1.233374,-4.013374,-3.643374,-2.163374,-0.923374,-1.983374,-5.243374,-7.5933743,-8.013374,-8.873374,-11.243374,-12.123374,-13.143374,-12.623374,-12.293374,-13.523374,-14.013374,-12.903374,-11.6033745,-11.633374,-9.883374,-6.923374,-3.7233741,-0.30337402,3.256626,3.866626,3.636626,-1.943374,-4.313374,-3.823374,-3.263374,-3.853374,-4.953374,-5.143374,-5.883374
1.046626,0.25662598,-0.29337403,-0.29337403,0.07662597,0.67662597,2.596626,5.456626,4.9066257,2.346626,4.936626,-0.033374023,0.26662597,1.386626,3.216626,3.7866259,2.016626,1.5866259,-0.043374024,-0.32337403,-0.313374,1.4666259,1.7066259,0.046625976,-1.893374,-4.253374,-2.563374,-1.633374,-1.7733741,-3.423374,-6.243374,-7.403374,-7.273374,-7.443374,-8.443374,-11.313374,-11.363374,-12.753374,-9.053374,-0.963374,-0.10337403,-2.693374,-3.2133741,-4.263374,-5.013374,-6.143374,-1.763374,2.336626,4.746626,4.456626,1.126626,-0.723374,-2.923374,-4.163374,-4.713374,-4.763374,-4.433374,-6.463374,-5.683374
