static/data/gfs.t00z.pgrb2.1p00.f8.json
{"header": {"discipline":0,"disciplineName":"Meteorological products","gribEdition":2,"gribLength":80443,"center":7,"centerName":"US National Weather Service - NCEP(WMC)","subcenter":0,"refTime":"2019-06-20T00:00:00.000Z","significanceOfRT":1,"significanceOfRTName":"Start of forecast","productStatus":0,"productStatusName":"Operational products","productType":1,"productTypeName":"Forecast products","productDefinitionTemplate":0,"productDefinitionTemplateName":"Analysis/forecast at horizontal level/layer at a point in time","parameterCategory":2,"parameterCategoryName":"Momentum","parameterNumber":2,"parameterNumberName":"U-component_of_wind","parameterUnit":"m.s-1","genProcessType":2,"genProcessTypeName":"Forecast","forecastTime":12,"surface1Type":100,"surface1TypeName":"Isobaric surface","surface1Value":100000.0,"surface2Type":255,"surface2TypeName":"Missing","surface2Value":0.0,"gridDefinitionTemplate":0,"gridDefinitionTemplateName":"Latitude_Longitude","numberPoints":65160,"shape":6,"shapeName":"Earth spherical with radius of 6,371,229.0 m","gridUnits":"degrees","resolution":48,"winds":"true","scanMode":0,"nx":360,"ny":181,"basicAngle":0,"lo1":0.0,"la1":90.0,"lo2":359.0,"la2":-90.0,"dx":1.0,"dy":1.0}, "data":
[rows 25 to 49 of 181, columns 116 to 173 of 360]
-1.6233032,1.4566967,1.5666968,1.9066968,0.6466968,1.9766967,-0.39330322,-1.8233032,-1.2733033,2.5866969,2.9166968,2.2566967,-5.253303,-5.7433033,-5.7233033,-4.6833034,-2.0633032,0.75669676,-1.9233032,0.0066967774,-0.063303225,-1.1733032,-0.8533032,-2.2133033,-2.2533033,-0.7633032,-2.3433032,-1.6233032,0.31669676,0.06669678,-1.5133033,3.3666968,-1.1433033,0.4466968,2.9066968,0.8466968,-0.39330322,-1.6133032,-0.8333032,-1.6433033,-0.75330323,-0.16330323,-1.4833032,-0.75330323,-3.3833032,-1.3433032,-0.7733032,0.9066968,-0.54330325,-0.73330325,0.016696777,0.42669678,0.9766968,0.46669677,2.6966968,5.3766966,3.9866967,2.1166968
0.036696777,0.93669677,2.7066967,2.1966968,2.2166967,1.0066968,5.0666966,3.056697,1.0266968,-0.5333032,2.3666968,4.426697,1.1266968,-0.50330323,-0.8433032,-2.5033033,0.0066967774,-0.43330324,-0.62330323,-1.6433033,-1.5333033,1.5466968,-3.9533033,-3.943303,-1.7533032,-0.26330322,-1.0933032,0.94669676,-1.5333033,0.4166968,-2.3133032,-1.3033032,-0.50330323,-0.21330322,0.6166968,-0.44330323,0.56669676,-1.5833032,-0.56330323,-1.2833033,-0.9133032,-1.9633032,-1.8233032,-1.7233032,-1.1233032,-0.2733032,-1.3433032,-0.9033032,-0.9433032,-0.8933032,-0.6633032,-0.8333032,0.69669676,1.6666968,2.1866968,4.016697,1.0666968,1.4066968
0.50669676,-1.3833032,2.2266967,2.0266967,1.7566968,1.9766967,4.926697,4.4466968,2.6366968,-1.2333032,-0.15330322,1.7066967,1.4766967,1.1866968,1.2566968,3.1466968,2.8766968,2.9166968,3.0766969,-1.9333032,-0.4933032,0.2566968,0.5866968,-1.7233032,-1.8233032,-2.5733032,-3.3133032,-1.4133033,-1.6133032,-0.8433032,0.5266968,0.2866968,-0.4933032,-0.053303223,1.8266968,-1.1033032,-0.25330323,-1.6633033,-0.35330322,-1.6433033,-1.4033033,-1.8933033,-3.0233033,-1.6933032,-0.8333032,-1.4733032,-1.7233032,-0.98330325,1.0866967,-0.103303224,0.94669676,2.7266967,0.5966968,2.3766968,0.12669678,0.87669677,2.3866968,-0.41330323
2.7866967,0.8666968,1.4766967,1.6866968,0.7266968,-0.6433032,-0.9633032,0.57669675,1.9066968,1.1166968,2.2266967,1.1966968,2.0466967,1.4966968,1.0066968,2.4166968,-2.7633033,0.9766968,3.4766967,4.686697,-0.21330322,-0.5133032,1.4466968,0.5366968,-1.0833032,-0.11330322,-1.0533032,-1.1233032,-1.2733033,-0.6633032,-0.86330324,1.3166968,0.42669678,0.18669678,-0.87330323,-0.5733032,-1.2133032,-0.56330323,-2.1133032,-2.7633033,-0.40330324,-0.67330325,-1.0833032,-1.4633032,1.5366968,-2.0833032,-1.8833032,0.026696777,-0.11330322,-0.3033032,-0.063303225,-0.6433032,-0.5833032,-1.1133032,-0.8233032,1.1166968,1.7166967,-1.1833032
1.1266968,1.8566967,0.9666968,2.2466967,-1.1133032,0.63669676,-2.4833033,-1.1433033,-1.1633033,0.48669678,0.95669675,1.0766968,0.5466968,0.68669677,1.1966968,-0.47330323,1.1066967,0.8066968,1.4666967,2.7866967,0.87669677,0.8666968,0.50669676,0.75669676,-0.75330323,-0.8333032,-0.15330322,1.1466968,-0.29330322,0.16669677,0.4166968,0.62669677,0.93669677,0.7866968,0.32669678,-0.8533032,-1.0133033,-0.45330322,0.086696774,-1.4333032,-0.023303222,-2.6233032,-3.1433032,-5.423303,-2.5933032,-1.9933032,-6.403303,-6.003303,-3.7633033,-2.3033032,-1.2233032,-2.8333032,-1.9033033,-0.7833032,1.3566967,0.19669677,2.2366967,14.536696
1.0266968,1.0966967,0.036696777,1.9566967,2.3366969,1.6066967,-0.5933032,0.8466968,-0.61330324,-1.4033033,-0.42330322,-0.50330323,1.5066968,1.7366967,2.0766969,1.8966968,-0.12330322,0.4466968,0.50669676,-0.98330325,0.14669678,1.3966968,1.5566968,1.6666968,-2.5633032,-1.8433032,-1.5233033,-0.4933032,1.2466968,1.0766968,-1.4233032,1.0166968,-1.1733032,-2.0333033,0.12669678,-0.6033032,-0.35330322,-0.5933032,-0.6033032,-0.16330323,1.0066968,2.4866967,3.1866968,2.806697,0.27669677,-0.40330324,-2.0933032,-1.9433032,-6.4333034,-3.3333032,-4.863303,-0.7633032,0.69669676,1.8466967,1.8066968,7.4666967,7.706697,8.596697
0.29669678,0.9666968,2.0066967,1.8166968,1.7066967,0.63669676,0.62669677,0.68669677,2.1666968,-0.7833032,-1.7233032,0.34669676,1.2366967,1.4966968,2.1366968,2.7266967,1.3966968,0.46669677,0.9266968,0.56669676,-0.24330322,1.5666968,2.056697,1.4566967,-1.7333032,-1.7833033,0.70669675,1.1766968,2.1066968,1.8866968,2.8866968,0.06669678,-2.6433032,-4.5833035,-8.703303,-2.1433032,-1.2033032,-1.5733032,-0.9033032,1.5066968,2.7266967,3.9066968,6.0466967,4.556697,0.49669677,-2.0233033,-1.0033032,-0.24330322,-0.6333032,-0.67330325,-0.42330322,1.7566968,3.6166968,5.016697,5.636697,6.7566967,8.166697,7.9166965
1.4266968,0.9666968,2.3566968,3.8866968,1.0866967,1.1766968,0.8066968,2.1266968,-1.0033032,-3.0733032,-2.2533033,0.8066968,0.69669676,-0.8233032,1.5066968,2.0966969,1.6266968,0.62669677,0.9666968,1.1766968,1.0066968,0.88669676,1.3166968,2.2866967,0.5366968,4.1266966,3.0766969,3.3866968,4.0866966,3.5966969,4.0266967,2.316697,-0.04330322,-3.9633033,-4.363303,-4.9133034,-5.753303,-5.1033034,-4.1433034,-2.2633033,-1.9333032,0.2866968,3.0766969,2.3466969,2.4666967,-1.2933033,-0.39330322,-0.5133032,2.8766968,3.0766969,2.4266968,3.3466969,5.1266966,4.9666967,4.096697,4.5266967,6.3766966,7.1966968
0.8066968,1.0166968,1.0366968,-0.20330322,0.06669678,0.13669677,2.7766967,0.31669676,2.2666967,-1.3133032,0.9666968,-1.6233032,0.69669676,-1.1633033,0.026696777,-0.19330323,0.49669677,1.3766968,0.5366968,-0.22330323,0.2866968,1.1666968,1.3866968,4.8566966,4.6066966,4.886697,3.9066968,4.686697,4.1666965,4.1266966,4.906697,4.556697,5.266697,4.326697,0.5866968,-1.0533032,-3.683303,-4.4533033,-4.153303,-3.8233032,-1.6833032,-1.2433032,0.14669678,-0.4933032,-0.29330322,-1.6033032,0.82669675,5.6066966,4.3966966,5.596697,3.1366968,5.906697,6.846697,6.0266967,5.556697,5.266697,5.726697,6.726697
0.82669675,2.1766968,1.2466968,-0.38330323,-0.8233032,-0.4933032,0.5266968,2.4866967,1.4766967,1.3366967,-0.24330322,-0.8233032,0.026696777,-0.8533032,-0.17330322,-0.053303223,-0.18330322,-1.0133033,-0.07330322,0.33669677,0.50669676,1.2966968,4.516697,3.1966968,3.2966967,2.6466968,2.3466969,2.3966968,2.4266968,2.9266968,2.9166968,3.0766969,4.636697,5.2966967,4.906697,2.0766969,1.4966968,0.5966968,-1.9233032,-0.56330323,-1.1233032,1.3866968,-1.5233033,-0.98330325,-0.7033032,-0.3033032,0.6566968,3.066697,4.2166967,4.246697,6.0266967,5.5466967,7.4166965,7.226697,5.3966966,5.0066967,5.426697,6.496697
1.1566968,1.8866968,2.9866967,1.8366967,-1.3233032,-1.6933032,4.5666966,1.2366967,2.9266968,-0.35330322,1.0266968,0.6566968,1.3866968,1.1666968,0.63669676,0.26669678,0.5266968,-0.37330323,-1.2233032,-0.093303226,-2.3233032,0.57669675,-0.12330322,0.40669677,0.04669678,0.12669678,-0.17330322,-0.21330322,0.46669677,0.6766968,1.2966968,1.8766968,1.9966968,2.2666967,2.4466968,1.9366968,1.9466968,4.076697,4.5666966,2.8966968,2.2266967,-1.2333032,-0.92330325,0.8466968,-2.5433033,-0.12330322,1.6566968,5.096697,5.3766966,6.156697,2.2766967,7.7366967,8.066697,5.4666967,4.8766966,4.616697,4.8166966,4.1066966
1.3466967,0.7866968,0.19669677,-0.8833032,-1.0433033,-0.4633032,-0.56330323,-1.6033032,-1.0533032,-0.48330322,-0.5933032,-1.0933032,0.69669676,0.076696776,-0.39330322,-1.0033032,-1.7333032,-1.4733032,-1.4333032,-0.023303222,-0.7033032,-0.17330322,-0.08330322,-0.07330322,0.056696776,-1.3633032,-3.7433033,-0.74330324,-1.9733032,-2.4733033,-2.1633031,-2.2933033,-2.1433032,-1.3633032,-1.5733032,0.50669676,2.0166967,4.656697,4.206697,2.8666968,1.7666968,-1.3833032,-0.21330322,-1.4433032,-1.0233033,4.8966966,5.266697,5.6666965,6.786697,7.786697,6.7566967,7.0466967,5.7566967,4.5066967,3.6366968,3.0866969,2.7666967,1.6966968
-0.2733032,0.8966968,-1.8033032,-2.1133032,-0.8333032,-1.4533032,-0.3633032,-0.7733032,-0.61330324,-0.9033032,-0.73330325,-0.35330322,-0.7733032,-0.61330324,-2.9033031,-2.443303,-1.2833033,-1.3933033,-1.2733033,-0.56330323,0.20669678,-1.6533033,-1.0033032,-0.5333032,-1.0033032,-1.0033032,-4.6233034,-3.0333033,-4.003303,-4.043303,-3.8833032,-2.9233031,-2.5133033,-1.4133033,0.4166968,2.4766967,3.5466967,4.2766967,4.366697,3.1766968,2.0166967,-0.9433032,-0.8833032,1.3966968,5.186697,3.9966967,5.6466966,6.386697,5.906697,5.6666965,4.766697,4.516697,3.5466967,2.6566968,2.2966967,1.2666968,0.34669676,0.10669678
0.94669676,-0.7833032,-1.8433032,-1.7133032,-1.3633032,-2.0633032,-1.5833032,-0.39330322,-1.7733033,-0.75330323,0.48669678,0.50669676,2.316697,1.8266968,2.4066968,1.7366967,1.4166968,-0.41330323,-1.4333032,-0.5833032,0.9266968,-1.2533032,-1.6733032,-0.9533032,-3.3033032,-1.2733033,-3.7633033,-2.2633033,-4.7033033,-4.903303,-3.9833033,-2.9233031,-1.3833032,-0.13330323,1.5666968,3.3766968,4.6466966,4.206697,3.9866967,5.936697,3.9266968,-0.7033032,-0.39330322,5.366697,4.9666967,5.6466966,5.7366967,4.476697,3.7666967,2.9966967,2.5466967,2.2466967,2.0066967,0.74669677,0.3866968,-0.47330323,-0.68330324,-0.3633032
-0.13330323,-1.6633033,-2.183303,-0.48330322,-1.8133032,-2.2833033,-1.9433032,-0.98330325,-1.1333032,-2.4233031,-0.8833032,-0.053303223,1.4766967,0.31669676,0.46669677,0.7366968,1.1166968,-1.3433032,-0.7633032,-1.1933032,0.81669676,1.6666968,-2.1333032,-1.1133032,-1.4633032,-1.3133032,-3.5433033,-1.8533032,-0.81330323,0.57669675,-0.5333032,-1.5233033,-1.6133032,-0.44330323,0.30669677,0.93669677,1.5066968,3.5066967,2.6566968,4.866697,-0.31330323,4.186697,5.426697,5.6666965,5.7766967,4.0866966,3.4266968,1.8966968,0.9166968,0.76669675,0.06669678,0.26669678,-0.5733032,-1.0133033,-0.7033032,-0.92330325,-1.2633033,-0.16330323
-0.5233032,1.3566967,-3.0633032,-3.6133032,-3.7733033,-2.2933033,-1.6633033,-0.8833032,-1.1433033,-2.0533032,-2.3833032,-1.0333033,-1.2333032,1.3166968,-0.40330324,0.076696776,-0.053303223,-0.6633032,-1.1833032,-0.87330323,-0.14330322,-1.6533033,-3.3933032,-2.5233033,-1.3433032,0.40669677,-0.15330322,-1.2133032,-0.023303222,-3.7533033,-3.9033031,-0.8833032,1.0666968,0.70669675,1.5466968,3.1766968,5.676697,6.766697,5.246697,1.1666968,7.0266967,5.1466966,4.3566966,4.076697,2.2766967,0.7166968,-0.12330322,-1.7233032,-2.2433033,-3.6433032,-3.8433032,-3.7333033,-3.5933032,-4.113303,-3.8733032,-2.433303,-1.7733033,-0.9633032
-6.0133033,4.436697,6.2366967,1.0766968,-3.8733032,-3.5733032,-1.9533032,-1.6733032,-2.2833033,-2.0833032,-2.6733031,-2.683303,-1.8333032,-1.1833032,1.8666968,-0.25330323,-0.54330325,-0.3633032,-1.0333033,-3.3633032,-3.933303,-2.1233032,-1.4533032,-1.8633032,-1.1033032,-2.9033031,-0.9433032,-1.7633033,-5.5333033,-0.7733032,-1.0633032,-0.87330323,-0.6033032,1.5866967,1.9366968,3.5966969,2.6566968,3.056697,2.0466967,2.4666967,1.9966968,1.9866967,1.0066968,-0.61330324,-0.38330323,-2.4633033,-4.023303,-5.8533034,-7.1033034,-8.023303,-8.473303,-8.813303,-7.923303,-6.4533033,-5.523303,-2.943303,-0.5333032,1.2466968
-2.1233032,-1.2233032,-4.963303,-3.0333033,-5.0333033,0.4166968,-0.47330323,-2.2833033,-3.4933033,-3.3033032,-1.6133032,-1.6833032,-2.3433032,-1.4433032,0.4466968,0.36669677,-1.0633032,-0.80330324,-2.1533031,-1.3233032,0.6766968,-2.9233031,-1.7433032,-0.87330323,-4.3933034,-1.6833032,-7.823303,-3.7233033,-4.0133033,-2.9633033,-2.7033033,-1.6533033,-0.6333032,-1.7933033,-2.8733032,-2.0033033,-2.9833033,-1.6933032,0.23669678,-0.35330322,-1.5533032,-2.8433032,-4.0533032,-3.193303,-3.7633033,-6.1233034,-7.6033034,-7.233303,-7.593303,-10.2933035,-11.303303,-11.883304,-9.973303,-8.033303,-6.1233034,-2.9533033,0.43669677,4.1266966
-1.5133033,-2.7233033,0.29669678,0.056696776,-2.5733032,-2.3933032,-1.6333032,-2.1433032,-2.3633032,-2.4133031,-1.8433032,-1.6733032,-1.0533032,-0.79330325,0.35669678,-1.8933033,-3.1233032,-1.6333032,-3.5833032,-0.15330322,-0.6333032,-1.8633032,-1.1633033,-5.523303,-4.813303,-4.823303,-2.4633033,-1.2433032,-5.323303,-4.843303,-4.173303,-4.4933033,-3.1233032,-2.4133031,-5.733303,-5.523303,-5.9533033,-5.3333035,-3.4033031,-3.2633033,-4.273303,-6.713303,-5.503303,-7.1233034,-6.5133033,-7.2633033,-6.093303,-7.753303,-9.743303,-11.733303,-10.2933035,-7.6033034,-4.043303,-2.2133033,-1.0033032,0.39669678,2.6066968,3.6266968
-1.3633032,-3.6033032,-5.3533034,-1.3533032,0.4466968,-2.8533032,-3.2133033,-4.1433034,-1.6933032,-1.6033032,-1.2833033,0.39669678,2.6266968,-2.2633033,1.3766968,0.70669675,0.4166968,-4.5133033,-2.443303,-3.8633032,-1.4433032,-1.7933033,-3.3133032,-4.7233033,-8.253304,-8.393303,-4.213303,-5.9733033,-5.7833033,-4.2033033,-4.483303,-5.6433034,-9.283303,-1.3133032,-4.3033032,-9.033303,-6.6633034,-6.4133034,-5.0133033,-6.593303,-6.843303,-7.043303,-7.133303,-7.363303,-7.463303,-6.863303,-7.0833035,-6.713303,-8.533303,-8.933303,-8.183303,-7.903303,-6.5133033,-3.9533033,-2.9833033,-0.80330324,1.0966967,2.4066968
-3.9933033,-4.9133034,-5.4733033,-2.3133032,-0.7133032,3.1366968,-3.2633033,-3.8633032,-3.3633032,-2.9833033,-1.3733032,-1.0033032,0.30669677,0.95669675,0.40669677,1.8766968,2.8466969,2.5366967,-1.9833032,-4.9133034,-1.6733032,-7.523303,-5.773303,-3.5333033,-2.183303,-8.103303,-2.9233031,-4.4533033,-5.813303,-6.633303,-4.6633034,-0.56330323,-4.0533032,-4.073303,-6.313303,-8.053303,-7.483303,-8.093304,-6.483303,-7.633303,-7.593303,-7.6233034,-7.043303,-7.6033034,-6.613303,-6.563303,-6.883303,-6.2033033,-5.213303,-6.233303,-6.3033032,-7.1833034,-7.9333034,-6.9933033,-5.383303,-3.1233032,-1.5133033,1.1866968
-4.273303,-3.4133031,-1.0333033,-4.0333033,-4.7833033,-0.9533032,3.2966967,-2.433303,-2.9933033,-3.3233032,-3.9533033,-0.6533032,-0.9533032,0.2566968,0.50669676,3.0766969,1.1166968,-0.08330322,-1.5533032,-1.9933032,-6.063303,-3.933303,-2.6633031,-1.5933032,-1.4233032,-3.0133033,-0.9533032,-0.54330325,-0.18330322,-2.1433032,-4.3033032,-5.253303,-2.0833032,0.7166968,-1.1333032,-5.593303,-8.243303,-8.893303,-8.913303,-8.093304,-8.723303,-8.203303,-7.793303,-7.2233033,-7.503303,-7.7233033,-7.093303,-5.193303,-3.2633033,-2.3833032,-3.8633032,-6.8933034,-8.833303,-8.483303,-7.8933034,-5.653303,-2.8833032,-1.0133033
-3.3333032,-3.8333032,-1.7033032,-5.863303,-7.3533034,-4.363303,-0.9533032,0.95669675,-1.1933032,1.1366968,0.5366968,-0.053303223,0.93669677,2.0966969,0.4766968,-0.023303222,-1.6833032,-0.29330322,-2.4633033,-6.233303,-6.943303,-4.6033034,-2.0633032,-1.6933032,-3.4733033,-1.0933032,-0.5833032,-0.8233032,-1.8033032,-4.003303,-4.023303,-3.0533032,0.33669677,-0.2733032,-3.3133032,-5.2033033,-6.9933033,-8.523303,-7.9533033,-9.073303,-8.833303,-9.383304,-9.833303,-9.973303,-9.383304,-8.343304,-6.7633033,-5.323303,-3.5633032,-1.5333033,-1.3133032,-3.1533031,-7.9333034,-9.593304,-7.8033032,-5.943303,-4.1833034,-2.933303
-3.6333032,-1.3433032,-0.74330324,-3.3433032,-5.323303,-4.0133033,-2.4533033,-2.0533032,-1.6233032,-1.2233032,-0.8533032,-0.0033032226,0.016696777,1.9966968,2.0366967,5.6266966,-1.4833032,-2.2733033,0.056696776,0.20669678,0.13669677,-2.943303,-2.3433032,-1.4033033,-2.9233031,-3.2133033,-2.3633032,-3.8933032,-4.113303,-5.193303,-6.003303,-2.8333032,-1.4533032,-1.8033032,-4.9133034,-6.6633034,-7.613303,-8.733303,-9.103303,-9.773303,-11.153303,-10.803303,-11.803303,-12.0433035,-11.493303,-10.873303,-8.943303,-5.7833033,-4.133303,-1.0033032,1.0566968,6.246697,4.616697,-6.313303,-7.4533033,-5.003303,-3.4633033,-3.7133033
-3.6233032,-4.8933034,-0.4633032,-5.7833033,-8.503304,-3.8733032,-5.843303,-2.1633031,-1.4433032,0.15669678,-0.43330324,0.6566968,0.94669676,2.2566967,-2.7133033,-2.2433033,0.20669678,-5.073303,-2.7333033,1.7466968,0.04669678,-1.0633032,-2.1033032,-2.2533033,-4.633303,-4.7633033,-3.2933033,-2.4633033,-3.5333033,-4.7433033,-4.6433034,-3.2133033,-3.2633033,-4.6033034,-7.273303,-7.823303,-9.183303,-9.363303,-10.403303,-11.623303,-13.583303,-12.113303,-13.013303,-14.513303,-12.593304,-13.003304,-11.253304,-7.593303,-5.733303,-1.4633032,1.6266968,5.406697,3.816697,-0.92330325,-6.133303,-5.0833035,-3.2033033,-2.3633032
