static/data/gfs.t00z.pgrb2.1p00.f2.json
{"header": {"discipline":0,"disciplineName":"Meteorological products","gribEdition":2,"gribLength":79932,"center":7,"centerName":"US National Weather Service - NCEP(WMC)","subcenter":0,"refTime":"2019-06-20T00:00:00.000Z","significanceOfRT":1,"significanceOfRTName":"Start of forecast","productStatus":0,"productStatusName":"Operational products","productType":1,"productTypeName":"Forecast products","productDefinitionTemplate":0,"productDefinitionTemplateName":"Analysis/forecast at horizontal level/layer at a point in time","parameterCategory":2,"parameterCategoryName":"Momentum","parameterNumber":2,"parameterNumberName":"U-component_of_wind","parameterUnit":"m.s-1","genProcessType":2,"genProcessTypeName":"Forecast","forecastTime":3,"surface1Type":100,"surface1TypeName":"Isobaric surface","surface1Value":100000.0,"surface2Type":255,"surface2TypeName":"Missing","surface2Value":0.0,"gridDefinitionTemplate":0,"gridDefinitionTemplateName":"Latitude_Longitude","numberPoints":65160,"shape":6,"shapeName":"Earth spherical with radius of 6,371,229.0 m","gridUnits":"degrees","resolution":48,"winds":"true","scanMode":0,"nx":360,"ny":181,"basicAngle":0,"lo1":0.0,"la1":90.0,"lo2":359.0,"la2":-90.0,"dx":1.0,"dy":1.0}, "data":
[rows 78 to 103 of 181, columns 285 to 341 of 360]
-18.143034,-16.843035,-14.673035,-14.883035,-16.133034,-13.183035,-12.993034,-13.443035,-12.743034,-13.163034,-13.563035,-12.113034,-12.3330345,-8.473035,-9.503035,-9.523035,-8.613034,-11.023035,-10.6230345,-10.643035,-11.603035,-11.683035,-11.763035,-11.503035,-11.893035,-11.823034,-11.483035,-11.243034,-11.213035,-11.323034,-11.593035,-11.423035,-11.903034,-11.703034,-10.903034,-10.903034,-10.733035,-10.493034,-9.3730345,-8.323034,-8.493034,-8.0830345,-7.9430346,-7.573035,-7.223035,-6.283035,-5.0630345,-4.033035,-4.5230346,-3.5230346,-1.8330346,-0.86303467,0.50696534,0.63696533,2.3869653,3.9669654,4.5869656
-9.713035,-1.7330346,0.5269653,-5.2330346,-9.553035,-8.553035,-1.8030347,-13.793035,-13.033034,-10.853035,-10.443035,-8.8730345,-9.023035,-7.9830346,-9.453034,-8.953034,-8.3330345,-9.813035,-10.1230345,-10.933035,-11.773035,-11.6230345,-11.273035,-11.6230345,-12.223035,-11.963035,-11.763035,-11.1230345,-10.943035,-10.813035,-11.403034,-11.443035,-11.473035,-11.1230345,-11.363034,-10.923035,-10.543035,-10.1230345,-8.843035,-8.803035,-7.8630347,-7.8430347,-7.9830346,-7.323035,-7.2530346,-5.183035,-4.6330347,-3.7430346,-3.0230346,-3.6030347,-0.47303468,0.6469653,1.5069653,2.7169654,2.6869652,3.0469654,4.176965
1.2769654,-1.1230347,-2.5830348,2.2769654,-1.2630347,-2.7130346,-1.5430347,-0.67303467,-0.99303466,-0.10303467,-0.27303466,-3.2430346,-2.8330348,-9.863034,-10.143035,-9.543035,-8.283034,-8.413034,-8.913034,-10.303035,-12.113034,-11.613034,-11.213035,-11.643035,-12.473035,-12.323034,-11.553035,-11.463035,-11.093035,-10.933035,-11.523035,-10.973035,-10.963035,-10.983035,-10.753035,-10.433035,-10.293035,-9.513035,-9.683035,-8.753035,-8.023035,-7.6130347,-8.243034,-7.4130344,-6.553035,-5.2530346,-5.2530346,-4.4130344,-3.2430346,-2.5530348,-2.4130347,-0.42303467,0.50696534,0.56696534,1.0569654,1.7969654,3.2869654
1.9969653,-1.7130346,1.3169653,2.6369653,-0.7330347,0.73696536,-1.0530347,-2.2130346,-3.1030347,-4.3530345,-3.2030346,-6.803035,-6.2930346,-7.3630347,-8.263035,-9.543035,-7.2930346,-7.1730347,-8.033034,-10.253035,-11.603035,-11.673035,-10.733035,-11.183035,-11.6230345,-11.963035,-11.753035,-11.443035,-10.763035,-10.543035,-10.8730345,-10.513035,-9.913034,-9.743034,-9.913034,-9.793035,-10.043035,-9.133035,-8.643035,-8.143035,-8.433035,-7.9630346,-7.5230346,-7.6430345,-7.0030346,-6.533035,-5.0930347,-3.7230346,-2.3930347,-1.5730346,-2.6830347,-0.06303467,-0.80303466,-0.5430347,-0.25303468,0.5869653,1.6369653
-0.113034666,1.8369653,-0.7830347,-2.1730347,0.79696536,-1.2730347,-1.8830347,-3.1630347,-2.2030346,-6.1730347,-8.273035,-7.263035,-2.2830346,-4.4030347,-3.0030346,-5.0230346,-7.3930345,-7.8930345,-8.893035,-8.673035,-9.3330345,-10.563035,-11.043035,-10.563035,-10.433035,-10.823034,-10.603035,-11.053035,-10.183035,-9.703034,-9.683035,-9.183035,-9.453034,-9.203034,-9.153034,-8.953034,-8.633035,-8.243034,-8.323034,-8.363034,-8.853035,-7.243035,-8.723035,-7.4030347,-6.3330345,-3.4930346,-1.5630347,-0.31303465,-1.0530347,-1.2430347,-0.32303467,-0.8330347,-0.46303466,0.8969653,0.92696536,0.57696533,0.5269653
1.3769653,0.24696533,-2.4630346,1.2169653,-0.033034667,2.0469654,-2.8930347,-0.8930347,-1.8730347,0.25696534,-2.6230347,-2.3130348,-2.9330347,-2.2730346,-2.8730347,-1.9930347,-2.6430347,-7.7930346,-9.383035,-8.113034,-9.463035,-9.713035,-9.3330345,-10.143035,-10.243034,-9.593035,-9.733035,-10.223035,-10.053035,-7.8930345,-8.183035,-8.693035,-8.543035,-8.093035,-7.0930347,-6.8930345,-6.3730345,-7.0230346,-7.5430346,-7.0930347,-7.183035,-10.433035,-6.0430346,-3.2730346,-4.0930347,-4.1330347,-2.3130348,-1.6930346,-1.3630347,-2.4930346,-0.34303465,-0.09303467,0.28696534,-1.6230347,-1.2630347,-1.8430346,-0.45303467
1.6569654,-1.7030346,-1.7530347,0.87696534,0.49696532,1.6869653,2.9569654,0.056965332,-1.0930346,-0.003034668,1.6569654,-1.0030347,-0.34303465,-0.7730347,-0.99303466,0.26696533,-1.1730347,-5.6030345,-8.483035,-8.3330345,-6.8830347,-8.563035,-8.443035,-8.933035,-9.243034,-8.863034,-9.303035,-9.103035,-8.543035,-8.013035,-7.3730345,-7.7330346,-7.4630346,-7.263035,-5.473035,-4.6430345,-4.303035,-6.033035,-7.933035,-5.1230345,-4.203035,-8.283034,-5.823035,-3.5130346,-4.9430346,-5.933035,-4.553035,-2.4530346,-1.2030346,-2.0930347,-0.99303466,-1.4030347,-0.29303467,-1.4730346,-2.7130346,-2.0030346,-2.0630348
2.1669652,-1.8830347,0.49696532,-0.21303467,-0.99303466,0.8569653,2.9169652,0.6669653,-0.93303466,-0.19303466,0.31696534,0.096965335,-0.41303468,-1.1830347,-1.0630347,-0.48303467,-0.56303465,-2.6530347,-3.1730347,-4.3630347,-4.0830345,-1.2430347,-1.7030346,-7.8630347,-8.463035,-8.303035,-8.263035,-8.493034,-7.743035,-7.1530347,-6.6130347,-6.303035,-6.3130345,-4.3530345,-3.9430346,-4.0230346,0.14696532,-0.17303467,-2.2530346,0.20696533,-3.6930346,-8.603035,-5.2530346,-4.4030347,-6.283035,-6.1430345,-6.1930346,-4.013035,-2.6030347,-3.4430346,-1.8830347,-2.0230346,-0.8530347,-0.7930347,-2.1730347,-2.6430347,-2.3130348
1.4269654,0.22696534,0.46696532,-0.87303466,0.7269653,0.46696532,0.07696533,0.47696534,0.28696534,-0.9830347,-1.5730346,0.69696534,0.036965333,-0.31303465,-0.8530347,-0.95303464,-0.51303464,-1.1830347,-1.5530347,-0.43303466,-1.8830347,-1.8830347,-1.9930347,-0.93303466,-5.5930347,-5.8830347,-6.4130344,-6.1430345,-6.223035,-4.3730345,-4.473035,-2.8430347,-8.203034,1.1069653,-0.15303467,-0.86303467,-0.18303467,-0.9030347,-2.1330347,-1.3230346,-4.1730347,-7.7130346,-7.3530345,-5.3330345,-7.0230346,-5.683035,-5.6930346,-5.2530346,-4.493035,-4.0230346,-3.2230346,-2.3530347,-1.5630347,0.07696533,-2.7230346,-3.0430346,-2.6230347
-2.3730347,0.5869653,0.036965333,0.13696533,-0.29303467,0.39696532,-0.76303464,0.50696534,0.29696533,-0.083034664,-0.9130347,-0.56303465,0.6469653,-1.1730347,-2.6530347,-2.2630346,-0.41303468,-1.1830347,-1.1330347,-0.51303464,-1.4630346,-1.5830346,-1.2830347,-1.2530347,-2.9330347,-4.6230345,-3.7630346,-5.8630347,-2.9030347,-5.723035,-6.1430345,-4.013035,-3.4130347,-0.04303467,-1.6030346,-2.7930346,-2.7030346,-3.1430347,-3.2430346,-3.2430346,-5.0830345,-6.5430346,-7.933035,-6.8430347,-6.0230346,-7.1730347,-5.993035,-5.323035,-5.0030346,-4.6530347,-4.553035,-3.2730346,-2.3330348,-1.8530346,-2.9330347,-2.8030348,-2.9430346
0.94696534,-0.30303466,0.016965332,0.33696532,-0.04303467,-0.113034666,-0.30303466,0.5169653,0.7269653,-0.57303464,-0.88303465,-1.2730347,0.40696535,-0.80303466,-1.7530347,0.006965332,-0.99303466,-0.36303467,-1.8430346,-1.6230347,-1.2330346,-1.6330347,-0.6630347,-1.6330347,-1.9530346,-5.1230345,-5.2130346,-5.1030345,-4.533035,-7.1030345,-3.5430346,-4.033035,-4.9130344,-3.7830346,-4.183035,-5.1230345,-4.4130344,-4.433035,-4.933035,-5.223035,-6.0830345,-6.4030347,-7.1030345,-7.0030346,-6.823035,-7.0430346,-6.8530345,-6.8830347,-4.9030347,-5.3830347,-5.223035,-4.5930347,-3.5030346,-2.0530348,-1.6330347,-2.7930346,-3.9030347
-1.1930346,-0.93303466,-0.06303467,0.10696533,-0.09303467,-0.86303467,-0.81303465,-0.21303467,0.8469653,-1.5930346,0.24696533,0.69696534,1.1569654,-1.0630347,-1.6230347,-0.9030347,-1.2430347,-1.2830347,-0.81303465,-1.3630347,-1.3030347,-0.6630347,-1.1530347,-1.1430347,-3.7330346,-5.013035,-5.8930345,-6.5930347,-7.323035,-6.1630344,-5.4630346,-5.5030346,-5.5830345,-5.3730345,-5.3130345,-5.9630346,-4.9430346,-6.1130347,-5.9130344,-6.053035,-6.8430347,-7.0930347,-7.433035,-6.9630346,-7.2130346,-6.5930347,-7.7530346,-7.283035,-5.6630344,-5.4630346,-7.0030346,-5.1230345,-3.3830347,-1.8130347,-0.57303464,-3.5430346,-4.033035
-1.4330347,-0.21303467,-0.7330347,-0.24303466,-0.61303467,-0.29303467,-0.51303464,-0.69303465,-0.7830347,-2.2230346,-1.8730347,-2.5730348,-2.2830346,-1.7530347,-1.7430347,-1.1030346,-1.1930346,-1.0930346,-0.9730347,-1.5130347,-1.7830347,-0.75303465,-1.0630347,-0.5930347,-6.4030347,-4.533035,-6.763035,-7.3930345,-7.2930346,-7.3830347,-5.9430346,-5.803035,-6.6530347,-6.243035,-6.8330345,-6.263035,-6.7530346,-6.053035,-6.8630347,-7.3330345,-6.3630347,-7.0230346,-7.8930345,-7.763035,-7.6530347,-7.283035,-6.933035,-7.3330345,-7.053035,-6.6630344,-6.5230346,-5.743035,-4.5930347,-3.0230346,-0.7830347,-4.0430346,-4.7930346
-0.69303465,-0.68303466,-1.1830347,-0.5430347,-0.8530347,-1.1330347,-1.2030346,-1.2630347,-1.3430346,-2.1730347,-1.5730346,-2.9230347,-3.0730348,-3.0830348,-1.8230346,-1.1430347,-0.68303466,-1.4430346,-1.1630347,-1.1430347,-1.3030347,-1.5730346,-0.80303466,-1.4530346,-3.1830347,-3.0930347,-4.053035,-4.6330347,-4.1930346,-7.3830347,-5.683035,-5.8530345,-6.453035,-8.593035,-8.903034,-8.193035,-8.153034,-7.6730347,-8.103035,-6.6030345,-7.6730347,-6.8830347,-7.1630344,-8.143035,-7.4430346,-6.453035,-7.5030346,-6.6930346,-8.413034,-7.1230345,-7.0030346,-6.0830345,-5.6930346,-5.4030347,-3.0830348,-3.7030346,-4.7330346
0.5369653,-0.5330347,-1.2430347,-0.9030347,-0.9630347,-0.9030347,-0.76303464,-0.8430347,-1.6330347,-2.2730346,-2.1530347,-2.1330347,-2.8430347,-3.3530347,-2.9830346,-1.7930347,-1.4130347,-1.6230347,-2.0530348,-3.4430346,-3.4630346,-2.5630348,-2.8930347,-3.5630348,-3.2930346,-2.6030347,-3.7330346,-2.4430346,-3.1630347,-3.0230346,-3.0530348,-5.953035,-5.7730346,-7.3130345,-9.223035,-8.163034,-8.003035,-8.793035,-8.773035,-7.573035,-5.7330346,-7.1330347,-5.8430347,-8.443035,-6.993035,-7.263035,-7.243035,-7.5830345,-7.9830346,-6.7930346,-7.3330345,-6.803035,-6.1430345,-6.263035,-5.493035,-2.2630346,-4.9630346
0.13696533,-1.0330347,-1.0830346,-1.3730347,-1.1130347,-0.86303467,-1.5830346,-0.41303468,-0.99303466,-0.27303466,-1.6630347,-0.70303464,-1.6830347,-3.9030347,-2.9330347,-3.3830347,-3.0730348,-3.3630347,-3.0930347,-1.7130346,-2.6230347,-1.2930347,-0.62303466,-2.1430347,-1.7030346,-1.7130346,-1.5430347,-2.4530346,-0.6030347,-1.5530347,-1.6030346,-1.7530347,-2.2030346,-3.5930347,-4.2130346,-4.993035,-7.8430347,-9.673035,-9.1230345,-7.9430346,-6.683035,-6.1530347,-6.953035,-7.2330346,-7.4230347,-7.323035,-7.1730347,-7.4030347,-7.803035,-7.1130347,-7.1530347,-6.573035,-6.5930347,-5.9130344,-6.3130345,-4.953035,-5.1030345
-0.113034666,-1.4330347,-0.88303465,-1.4730346,-1.1330347,-0.9030347,-0.7730347,-0.38303468,-0.7230347,-0.30303466,-1.8130347,-1.5830346,-3.1030347,-2.2630346,-3.6730347,-3.7830346,-2.9330347,-3.4030347,-2.4030347,-1.5630347,-1.4130347,-0.7730347,-1.1130347,-1.2530347,-0.94303465,-0.07303467,-1.2530347,-1.0130347,-1.4130347,-0.57303464,-1.5830346,-1.4330347,-0.7330347,-1.6430347,-2.1730347,-0.48303467,-2.1130347,-9.603035,-10.0830345,-8.853035,-6.3930345,-5.8430347,-6.1530347,-6.1330347,-7.3130345,-6.8830347,-6.8930345,-6.9130344,-7.8530345,-6.6730347,-7.4030347,-7.1430345,-6.6430345,-6.2530346,-6.9830346,-7.1730347,-5.0930347
-0.69303465,-0.113034666,-0.14303467,-1.2130346,-0.82303464,-1.0730346,-0.35303468,-0.14303467,-0.9630347,-1.1330347,-1.6130347,-3.6830347,-1.5430347,-1.7730347,-1.4130347,-2.6230347,-1.7930347,-1.1830347,-0.8330347,-1.7830347,-1.3730347,-0.8930347,-1.0930346,-1.3630347,-1.4730346,-0.49303466,-0.93303466,-1.6030346,-0.45303467,-1.1930346,-1.0830346,-0.67303467,-0.7330347,-1.3630347,-1.8530346,-0.39303467,-2.1430347,-3.7830346,-6.053035,-7.4430346,-5.533035,-6.7130346,-6.203035,-6.013035,-6.203035,-5.763035,-7.4830346,-6.2330346,-6.783035,-7.1630344,-7.1030345,-7.2730346,-7.4230347,-6.9830346,-5.763035,-6.3930345,-6.073035
-1.2530347,-0.70303464,-1.2730347,-1.1130347,-0.27303466,-2.1130347,-0.8530347,0.33696532,-0.23303467,-0.55303466,-1.7930347,-2.6530347,-2.0230346,0.31696534,-1.4430346,-2.0630348,-1.3330346,-1.5830346,-1.2930347,-1.3030347,-1.6130347,-1.3530346,-1.2130346,-1.0330347,-0.26303467,0.35696533,0.21696533,-0.9830347,-2.0430346,-1.6030346,-2.4630346,-1.2230346,-0.9830347,-1.7930347,-2.9330347,-0.63303465,0.21696533,-1.6830347,-3.2930346,-1.2630347,-3.3930347,-7.223035,-6.8430347,-6.8130345,-7.033035,-6.283035,-6.073035,-5.8530345,-7.3130345,-6.3630347,-7.6930346,-7.0630345,-7.0930347,-6.933035,-6.323035,-5.573035,-5.6530347
-1.5030347,-0.9730347,-0.75303465,-0.70303464,-0.6030347,-1.5630347,-1.3030347,-1.0930346,-1.2030346,-1.2230346,-1.4130347,-1.1630347,-1.4930347,-0.36303467,-0.74303466,-1.9230347,0.44696534,-1.1230347,-1.3930347,-1.3730347,-1.8230346,-1.1530347,-1.3530346,-1.3630347,-0.94303465,0.7269653,1.5869653,1.4369653,-0.70303464,-1.5630347,-0.5930347,-1.0830346,-2.2230346,-2.4230347,-2.3530347,-1.2330346,-1.8030347,0.37696534,-6.1030345,-2.1830347,-0.5430347,-6.6230345,-5.7730346,-7.1530347,-8.093035,-6.743035,-5.803035,-5.9430346,-5.933035,-6.8630347,-7.8530345,-7.6330347,-8.103035,-6.5430346,-6.1330347,-5.3830347,-5.683035
-0.9130347,-1.1330347,-0.5930347,-1.0530347,0.12696533,-1.0130347,-1.1230347,-0.8930347,-0.9830347,-0.94303465,-1.0830346,-2.0130346,-1.2330346,-0.36303467,-0.083034664,-0.42303467,-1.0230347,-1.0430347,-1.9730346,-1.0430347,-1.8030347,-2.2530346,-1.6630347,-1.7530347,-0.49303466,1.4369653,-0.43303466,0.5169653,-0.8430347,-0.9630347,-0.9830347,0.036965333,-1.2030346,-3.4930346,-3.6330347,-1.9030347,-5.2130346,-2.0530348,-1.7330346,-1.1430347,-1.9230347,-6.1730347,-7.2330346,-7.6630344,-8.543035,-7.3330345,-5.703035,-5.3830347,-6.0830345,-5.7530346,-6.9430346,-6.8330345,-6.3330345,-6.1930346,-5.803035,-6.3730345,-5.6630344
-0.39303467,-1.0730346,-0.82303464,-1.3730347,0.15696533,-0.8330347,-1.2330346,-1.0230347,-1.0730346,-1.1430347,-0.68303466,-0.9630347,-0.7330347,-0.19303466,-0.033034667,-0.61303467,-1.5030347,-0.88303465,-0.8330347,-1.1730347,-2.1730347,-2.1730347,-1.4630346,-1.0930346,-0.12303467,1.1969653,0.5369653,1.1769654,-3.1230347,-1.8530346,-0.63303465,-2.1230347,-2.6730347,-6.1530347,-7.4830346,-4.073035,-4.283035,-1.9030347,-1.1130347,-0.50303465,-4.4830346,-6.2730346,-6.4030347,-7.0830345,-7.5230346,-7.0630345,-7.0430346,-6.223035,-6.3430347,-6.053035,-6.303035,-6.933035,-6.473035,-4.9130344,-4.8930345,-5.993035,-5.973035
0.40696535,-0.36303467,-0.6430347,0.07696533,-0.68303466,-1.2730347,-0.7130347,-1.1630347,-0.63303465,-0.93303466,-0.7830347,-1.1130347,-0.7730347,0.29696533,-0.7130347,-1.9230347,-1.1730347,-1.1230347,0.11696533,-1.8730347,-1.9830346,-1.3530346,-1.4530346,-1.4730346,1.1669654,1.0769653,0.23696533,1.2869654,0.5969653,-1.0830346,-1.7630347,-1.5530347,-2.3430347,-3.3330348,-3.1330347,-3.6730347,-2.3330348,-1.5030347,-1.0830346,-4.9630346,-5.9630346,-6.4230347,-6.6630344,-6.7330346,-6.6230345,-6.2330346,-5.553035,-7.0830345,-7.1130347,-6.973035,-7.6730347,-7.1430345,-6.513035,-5.993035,-5.1730347,-5.553035,-6.1230345
0.9669653,0.15696533,-0.38303468,-1.2730347,-1.0530347,-0.70303464,-0.94303465,-0.17303467,-0.88303465,-1.2530347,-0.6530347,-0.56303465,-0.8930347,0.40696535,0.026965331,-0.8430347,-0.8330347,-1.0930346,1.0869653,-0.68303466,-2.3130348,-2.0530348,-1.4330347,-0.7830347,0.9769653,0.5969653,1.9869653,-0.51303464,-0.92303467,-1.0130347,-0.5330347,-1.8630347,-6.0830345,-8.103035,-2.1130347,-2.5630348,-1.1730347,-0.013034668,-4.8530345,-5.5630345,-6.2930346,-6.5230346,-6.953035,-6.573035,-6.7530346,-7.1630344,-6.5630345,-6.9130344,-6.8430347,-7.0830345,-7.533035,-7.5830345,-6.8630347,-6.5630345,-6.6030345,-6.8330345,-6.3730345
-2.0730348,0.31696534,-0.15303467,0.47696534,-0.40303466,-0.49303466,-1.3030347,-0.5930347,-1.0130347,0.49696532,-0.82303464,-1.2730347,-0.93303466,0.46696532,-0.87303466,-1.2030346,-0.81303465,-0.50303465,-1.0230347,-0.82303464,-1.6130347,-1.6830347,-1.3130347,-0.75303465,1.5169654,1.7569653,1.0169654,-0.9830347,-2.6230347,-1.7630347,0.37696534,-1.8930347,-2.2730346,-1.6630347,-2.5330346,-2.6230347,-0.7230347,-0.45303467,-7.4630346,-6.9430346,-5.9230347,-5.433035,-6.803035,-6.6730347,-6.723035,-6.6130347,-7.1130347,-6.4830346,-7.1530347,-8.303035,-6.8430347,-7.8330345,-7.6630344,-7.8130345,-6.9630346,-6.8330345,-6.9430346
-2.1730347,-1.3130347,-1.0130347,-0.14303467,0.68696535,-0.8330347,-1.1930346,-1.6430347,-1.5930346,-1.7830347,-0.68303466,-1.4630346,-1.3130347,-0.27303466,-1.3030347,-0.95303464,0.26696533,-0.92303467,0.27696532,-2.6530347,-0.88303465,-1.5830346,-1.3230346,-0.7830347,0.92696536,0.75696534,-0.003034668,0.54696536,-2.8730347,-1.4830346,-0.37303466,0.18696533,-2.6530347,-3.6030347,0.44696534,-1.5130347,0.07696533,-6.1230345,-7.2730346,-6.573035,-4.953035,-3.1330347,-6.9830346,-7.3630347,-6.8130345,-6.573035,-6.6630344,-6.9630346,-6.6430345,-6.8730345,-6.7930346,-8.403034,-6.973035,-6.8330345,-6.5930347,-7.493035,-6.7530346
