static/data/gfs.t00z.pgrb2.1p00.f6.json
{"header": {"discipline":0,"disciplineName":"Meteorological products","gribEdition":2,"gribLength":80975,"center":7,"centerName":"US National Weather Service - NCEP(WMC)","subcenter":0,"refTime":"2019-06-20T00:00:00.000Z","significanceOfRT":1,"significanceOfRTName":"Start of forecast","productStatus":0,"productStatusName":"Operational products","productType":1,"productTypeName":"Forecast products","productDefinitionTemplate":0,"productDefinitionTemplateName":"Analysis/forecast at horizontal level/layer at a point in time","parameterCategory":2,"parameterCategoryName":"Momentum","parameterNumber":3,"parameterNumberName":"V-component_of_wind","parameterUnit":"m.s-1","genProcessType":2,"genProcessTypeName":"Forecast","forecastTime":9,"surface1Type":100,"surface1TypeName":"Isobaric surface","surface1Value":100000.0,"surface2Type":255,"surface2TypeName":"Missing","surface2Value":0.0,"gridDefinitionTemplate":0,"gridDefinitionTemplateName":"Latitude_Longitude","numberPoints":65160,"shape":6,"shapeName":"Earth spherical with radius of 6,371,229.0 m","gridUnits":"degrees","resolution":48,"winds":"true","scanMode":0,"nx":360,"ny":181,"basicAngle":0,"lo1":0.0,"la1":90.0,"lo2":359.0,"la2":-90.0,"dx":1.0,"dy":1.0}, "data":
[rows 78 to 103 of 181, columns 177 to 235 of 360]
-3.8303297,-3.8303297,-3.1403296,-3.1003296,-3.6603296,-3.6003296,-4.5903296,-4.6003294,-4.7503295,-3.9903295,-4.2903295,-4.1903296,-3.1003296,-3.9603295,-2.8603296,-3.1203296,-1.6203296,-2.3903296,-3.4103296,-4.4703298,-4.0603294,-3.8903296,-4.1103296,-4.6203294,-3.9403296,-4.45033,-4.5403295,-4.9903297,-4.8503294,-5.18033,-5.1703296,-5.3003297,-5.5103297,-5.0703297,-5.0203295,-5.0303297,-5.3703294,-5.0603294,-5.20033,-4.4603295,-4.8103294,-4.5203295,-4.5603294,-5.8103294,-6.6403294,-7.3403296,-5.4403296,-4.6103296,-1.5803295,-3.0303297,-5.0403295,-3.8503296,-5.7303295,-2.7303295,-2.0503297,-2.9703295,-4.6303296,-4.2503295,-3.2403295
-3.6003296,-2.7203295,-2.7503295,-3.0503297,-3.4703295,-3.2203295,-3.8203297,-5.2603297,-3.8803296,-4.8603296,-4.1503296,-4.45033,-4.8403296,-4.18033,-3.0303297,-3.1303296,-4.0403295,-4.41033,-5.5703297,-5.0103297,-4.5703297,-4.7403297,-4.5303297,-4.7503295,-5.2603297,-5.3403296,-5.3103294,-6.1103296,-5.7703295,-4.9403296,-5.2103295,-5.3003297,-5.5103297,-6.4603295,-6.68033,-6.95033,-6.16033,-5.45033,-5.1003294,-5.8003297,-5.4603295,-4.7403297,-5.8703294,-6.8003297,-6.6303296,-5.45033,-4.3603296,-0.6403296,-0.5203296,-7.0903296,5.3696704,-0.3603296,-0.3003296,-1.0403296,-1.2203296,-2.8103297,-0.7003296,-0.22032958,-1.6803296
-4.0003295,-4.16033,-4.6303296,-4.5203295,-3.9703295,-4.3503294,-4.8903294,-4.9703298,-4.1303296,-4.3703294,-3.8603296,-4.6203294,-4.5703297,-5.7903295,-4.9803295,-5.3303294,-5.0603294,-3.8603296,-3.2403295,-5.2503295,-4.6903296,-3.3903296,-5.7203298,-6.6903296,-5.3803296,-5.7803297,-6.0303297,-6.41033,-5.4703298,-4.6303296,-6.0403295,-6.8103294,-7.1003294,-6.8103294,-5.3003297,-5.0703297,-4.3303294,-4.3603296,-4.8003297,-3.6403296,-4.66033,-5.8703294,-7.3103294,-6.7303295,-6.0403295,-1.2303296,-1.2303296,1.1596704,1.2896705,0.36967042,1.0496705,0.46967041,0.27967042,0.03967041,-0.5803296,-0.7303296,2.3096704,0.9696704,-1.0003296
-4.6203294,-5.2403297,-5.1503296,-4.8303294,-4.5903296,-5.0703297,-5.5903296,-5.2703295,-5.9403296,-5.0303297,-4.93033,-5.3003297,-5.8903294,-3.9203296,-4.3203297,-4.9903297,-3.3403296,-3.0603297,-5.3803296,-4.7203298,-3.5903296,-2.7203295,-3.9003296,-4.1203294,0.05967041,-1.7103295,-4.7803297,-5.2503295,-5.5103297,-5.9603295,-8.270329,-6.1203294,-5.3703294,-3.2703295,-2.8703296,-1.5403296,-1.1103296,-1.9503295,-2.7003295,-2.4503295,-3.5803297,-4.7403297,-4.5803294,-4.5403295,-2.6803296,-2.5503297,-1.5203296,-0.7703296,-0.17032959,0.3296704,0.7396704,0.7096704,0.46967041,1.3896704,1.5796704,2.7996705,3.6396704,3.8696704,1.4496704
-5.1103296,-5.0703297,-5.3703294,-5.8603296,-5.2503295,-5.5103297,-5.6003294,-5.5803294,-5.95033,-4.9803295,-5.6203294,-6.3003297,-3.2903297,-5.2703295,-4.7703295,-3.1603296,-4.1503296,-3.8403296,-4.1003294,-4.0703297,-0.38032958,-1.3803296,-1.1003296,5.56967,4.0796704,-2.2603295,1.1596704,-0.9703296,1.9196705,-5.5703297,0.5196704,-1.2003295,-0.7003296,-0.7203296,-0.20032959,1.5496705,1.8996704,0.6896704,0.2896704,-0.9203296,-2.4203296,-1.2703296,-2.0903296,-1.5803295,-0.4503296,2.3896704,1.0496705,2.3796704,3.0596704,2.0796704,3.0596704,2.1396704,1.4296705,1.8996704,-0.08032959,-2.2303295,0.7696704,1.4496704,2.0696704
-4.0503297,-4.8503294,-5.3703294,-4.9003296,-5.0903296,-6.5103297,-6.5703297,-5.0903296,-5.3003297,-3.3603296,-3.5803297,-4.5503297,-3.5103295,-4.7603297,-4.1903296,-3.8803296,-5.1403294,-3.6403296,-2.8203297,-2.9003296,-0.9803296,-2.0303297,-1.3603296,-3.2603295,-3.0703297,-5.8003297,-3.6703296,-0.8903296,6.3496704,1.4096704,2.9896705,5.2496705,4.6796703,5.6996703,5.4396706,5.33967,5.2596703,3.2296705,0.9096704,0.7696704,-0.9603296,0.36967042,0.3196704,1.2596704,3.4096704,3.9496703,5.4696703,5.29967,4.5096703,3.8496704,3.0896704,2.8996704,2.9696703,3.9196703,5.1496706,1.3296704,3.4396703,5.3996706,4.6096706
-3.5803297,-3.5003295,-5.0803294,-5.91033,-5.5803294,-4.8703294,-3.5803297,-3.7103295,-3.0803297,-3.6303296,-3.3203297,-3.7203295,-4.3003297,-3.7803297,-4.3603296,-3.8003297,-3.6703296,-3.4803295,-2.9603295,-0.3103296,-2.4103296,-0.1603296,0.2296704,-1.9103296,-3.9403296,-4.6003294,-4.18033,-2.8703296,-5.7603297,1.5896704,4.3796706,4.6096706,4.9796705,5.0596704,4.8796706,4.7496705,5.1896706,4.6896706,3.9596703,3.2096703,2.9396703,3.3396704,3.0196705,3.4796705,4.5296702,5.6296706,5.8296704,6.54967,6.6496706,6.3896704,5.5996704,5.9896703,6.58967,6.9296703,7.1196704,7.9996705,7.3296704,7.1596704,6.8796706
-3.3303297,-3.2603295,-2.7303295,-3.4103296,-2.6603296,-2.9203296,-3.2603295,-2.7803297,-3.8703296,-2.9303296,-4.4703298,-4.70033,-3.3303297,-2.8303297,-2.8603296,-3.1703296,-3.7103295,-3.5803297,-2.5903296,0.24967042,1.1096704,0.6296704,-0.09032959,-1.7203296,-3.0103295,-2.3903296,-1.4303296,0.05967041,1.2696704,2.0696704,3.5896704,3.9296703,4.1996703,4.4896703,4.5596704,4.1296706,4.4096704,4.5596704,4.06967,4.0796704,3.3796704,3.5296705,3.7896705,5.8096704,6.1096706,5.9196706,6.2496705,6.3896704,6.1396704,5.1696706,4.8096704,5.5996704,5.8996706,6.8596706,7.5596704,6.6996703,6.6296706,6.1396704,5.9096704
-1.5403296,-1.2603296,-2.8103297,-3.1503296,-3.0203295,-4.0703297,-2.7703295,-2.2303295,-2.1703296,-1.5603296,-2.3903296,-2.1903296,-1.4603295,-2.2803297,-2.6903296,-2.3603296,-1.6703296,-1.6003296,-0.6203296,0.30967042,0.7996704,0.8596704,0.7396704,0.5596704,1.2196704,1.2096704,0.9396704,1.1896704,1.7096704,1.8196704,3.1196704,2.9096704,3.5396705,3.0296705,3.7396705,3.6796703,3.4796705,3.9496703,4.33967,4.2796702,5.0396705,5.0096703,5.7096705,5.2496705,5.9696703,6.6196704,6.5096703,5.5996704,5.6296706,4.8096704,4.08967,4.6496706,5.2296705,6.5996704,6.6096706,6.9996705,6.8896704,6.2496705,5.6596704
-0.3903296,0.17967041,-0.61032957,-0.86032957,-0.61032957,-2.3003297,-0.8303296,-0.6703296,-1.6703296,-2.0103295,-2.4003296,-1.6103296,-1.8603296,-1.8403296,-1.7103295,-1.5603296,-0.7303296,-0.6603296,-0.8203296,0.12967041,0.01967041,0.2296704,0.7996704,0.5596704,0.5496704,0.5796704,1.5396705,1.8396704,2.9796705,2.9296703,2.9996705,2.5296705,3.2696705,3.1296704,3.3296704,3.6296704,3.4896705,3.8396704,4.4296703,4.3996706,5.7196703,5.4796705,6.2196703,6.1496706,5.33967,4.9996705,4.58967,5.1696706,4.4196706,4.6596704,4.7696705,5.06967,4.9196706,5.0196705,5.6696706,5.79967,5.7396703,5.83967,5.5596704
0.07967041,-0.86032957,-1.3303295,-1.2003295,1.1696705,-0.6403296,0.15967041,-1.0603296,-0.07032959,-1.1403296,-0.5903296,-0.5303296,-0.9403296,-1.7703296,0.27967042,-0.15032959,-0.2703296,0.15967041,-0.3403296,-0.1903296,0.07967041,-0.4303296,-0.8703296,-0.4603296,0.5996704,1.2896705,1.4096704,1.6796705,1.8696704,2.1196704,2.6696703,2.4296703,2.4996705,2.5196705,2.5096705,2.8496704,3.9096704,3.3996704,3.7596705,4.0596704,4.3996706,3.8096704,4.7096705,4.6496706,4.1796703,4.0096703,3.8096704,2.8496704,3.8996704,4.1896706,4.7896705,4.1996703,4.3596706,3.7396705,4.4996705,4.6996703,4.7896705,5.4796705,5.1796703
-0.15032959,0.1696704,1.0396705,0.81967044,1.3196704,0.1696704,0.3896704,-0.11032959,-0.8203296,0.04967041,0.2996704,-0.4803296,-0.8303296,-0.38032958,0.13967042,0.2696704,-0.9803296,-0.4503296,0.7896704,-0.10032959,-0.17032959,-0.11032959,-0.18032959,-0.06032959,0.6496704,2.2496705,2.0696704,1.7996705,0.9096704,2.6396704,2.0096705,1.0896704,1.4096704,0.9796704,2.0596704,2.7596705,1.9796704,1.9996704,2.6396704,2.9596703,3.4596703,2.9996705,4.0096703,3.1896703,2.7396705,1.8396704,0.9796704,1.8196704,2.6096704,2.6696703,3.3096704,4.0196705,3.3996704,3.8996704,3.1096704,3.9196703,2.9796705,2.6996703,2.2096703
0.18967041,0.94967043,-0.86032957,-0.5103296,-0.1303296,0.08967041,0.6296704,-0.6003296,0.2896704,0.23967041,1.1496704,0.63967043,1.0296704,0.9596704,1.0996704,0.3796704,-3.2958985E-4,-0.41032958,-0.8503296,-0.8803296,-1.0403296,-0.47032958,-0.29032958,0.08967041,0.2996704,0.2896704,0.6796704,1.1096704,1.8196704,1.0796704,1.1996704,0.75967044,1.0496705,1.0496705,1.7896705,1.7396704,1.4296705,1.5596704,1.8996704,2.5596704,3.1196704,2.9096704,1.7396704,0.7496704,0.7996704,1.3596704,0.2996704,0.69967043,0.94967043,0.9396704,1.4896704,2.3196704,3.0596704,2.5596704,1.6396704,1.3496704,1.8596704,2.8396704,2.9796705
0.6296704,-0.01032959,-0.6603296,-0.80032957,-0.4603296,-0.8303296,-1.2103295,-0.5603296,0.04967041,1.1596704,0.75967044,-0.07032959,-1.0703295,-0.4303296,1.4496704,1.3696704,-0.5603296,-0.9503296,-0.6003296,-1.0703295,-2.0503297,-0.5303296,0.13967042,0.6196704,-0.1903296,-1.1203296,-0.25032958,0.07967041,0.4896704,0.9996704,-0.5103296,-0.4903296,1.6396704,2.0396705,2.3496704,1.7796704,1.3996704,1.6896704,1.1896704,1.2796704,2.0096705,1.9896704,0.7096704,-0.38032958,-0.1303296,1.3096704,2.3696704,2.1996703,1.9096704,0.9196704,-0.23032959,1.2496704,2.2896705,2.8796704,2.9796705,2.6396704,1.2096704,1.8496704,2.9696703
1.1696705,0.94967043,0.7496704,-0.29032958,-3.2958985E-4,-0.020329589,-0.10032959,0.24967042,-0.25032958,0.5896704,0.6596704,0.6796704,0.3296704,-1.1703296,-0.3403296,0.88967043,0.02967041,-0.5803296,-1.2703296,-2.0803297,-1.3803296,-1.6903296,0.7996704,1.5296704,1.5096704,0.7296704,0.2696704,0.11967041,0.7496704,1.5596704,1.6196704,-0.3403296,0.50967044,0.88967043,0.5796704,1.3096704,2.1296704,2.8396704,1.6596704,1.4496704,0.9096704,0.63967043,0.7896704,3.0396705,2.2796705,2.4996705,2.1296704,1.4096704,1.5196704,1.7296704,1.0496705,-0.4503296,0.5496704,1.0296704,1.9496704,1.8196704,2.9096704,2.5896704,2.4196703
1.5496705,1.3396704,1.5096704,0.7796704,-0.5103296,-0.09032959,-0.14032958,-2.5003295,-0.47032958,0.63967043,0.6596704,0.07967041,0.6796704,0.9596704,1.0996704,-0.07032959,0.56967044,-0.22032958,-0.8403296,-1.9703296,-1.0703295,-1.0803295,-0.9703296,0.01967041,1.2796704,0.7396704,0.05967041,-0.5303296,0.36967042,0.75967044,1.3596704,1.8396704,0.30967042,-0.4803296,0.09967041,-0.29032958,0.5996704,1.8696704,1.6296704,1.6996704,0.39967042,1.3396704,0.8496704,2.1696703,1.6396704,0.5496704,1.8196704,0.36967042,0.7396704,1.5496705,0.7896704,1.3496704,0.8296704,0.9596704,1.1996704,2.0296705,2.2696705,2.5996704,3.1496704
2.2396705,1.9996704,1.1996704,0.7296704,0.04967041,0.1496704,-0.21032959,-1.1703296,-1.4703296,-0.5803296,0.3196704,0.5296704,0.9996704,0.8996704,0.1996704,-0.38032958,-0.06032959,-0.23032959,-1.4203296,-1.8503296,-1.8003296,-1.9903296,-0.6603296,-1.5203296,-1.0603296,-0.4803296,-0.3703296,-0.21032959,-0.22032958,0.02967041,0.46967041,-0.2703296,-0.14032958,-0.28032959,-1.2803296,-0.8503296,-0.09032959,-0.10032959,0.7396704,-0.020329589,0.23967041,-0.7203296,0.2896704,-0.7603296,-0.17032959,0.33967042,-0.9203296,0.8496704,0.9196704,-0.4203296,1.4596704,0.6096704,1.5396705,1.9596704,1.0996704,1.4896704,2.3696704,1.9696704,1.8596704
1.2096704,1.3396704,1.5496705,1.7496704,-0.5203296,-0.6603296,-0.9603296,-1.1703296,-1.4403296,-1.2803296,-1.5903296,-0.47032958,0.02967041,0.3596704,0.11967041,0.21967041,-0.17032959,0.49967042,-0.4603296,-0.7903296,-2.7203295,-2.4003296,-1.8803296,-2.2803297,-1.9003296,-1.9303296,-1.7403296,-0.9703296,-1.1903296,-0.7803296,-1.2803296,-0.7903296,-0.93032956,-0.8803296,-0.6303296,-1.1103296,-1.3503296,-0.7603296,-0.6503296,0.07967041,0.3596704,-1.5303296,-1.0503296,-1.4803296,-1.8903296,-1.0703295,-0.4503296,-0.6303296,0.56967044,1.3596704,-0.12032959,0.01967041,1.0596704,0.94967043,2.0696704,1.8296704,2.9896705,2.1596704,3.0396705
2.5796704,1.9896704,1.8796704,0.9096704,1.2296704,-0.3103296,-0.9403296,-0.7203296,-1.5903296,-0.3703296,-0.8503296,0.3496704,0.46967041,0.2696704,0.20967041,-0.4203296,-0.7503296,-0.10032959,-1.5503296,-1.2103295,-2.0703297,-2.4803295,-3.4303296,-2.4503295,-2.6003296,-2.0503297,-1.4203296,-3.0703297,-2.9303296,-2.3803296,-2.6603296,-2.4503295,-1.9903296,-1.4303296,-0.8103296,-1.9003296,-1.3103296,-0.9603296,-1.1603296,-0.9503296,-0.3903296,-0.3603296,-2.1303296,-1.2803296,-0.4303296,1.5496705,0.9096704,-0.05032959,1.0796704,1.5796704,1.9496704,1.5996704,1.3996704,1.5696704,2.2496705,2.1996703,2.2696705,2.8896704,3.0296705
3.8696704,3.7196703,3.7896705,0.75967044,1.6496704,0.6596704,-0.6403296,-0.07032959,-0.25032958,-0.3003296,0.3496704,-1.0503296,-0.25032958,-0.4003296,0.7996704,0.50967044,0.2996704,-0.2703296,-0.7603296,-0.5903296,-1.4103296,-2.4103296,-2.5303297,-2.8303297,-3.5203295,-3.3203297,-3.9503295,-3.1003296,-3.4203296,-4.5903296,-3.3003297,-3.6603296,-2.6703296,-2.5503297,-0.6403296,-0.8403296,-1.8703296,-1.9803296,-1.5803295,-1.2503296,-0.4903296,-1.3903296,-1.4203296,0.1496704,0.5496704,1.7296704,1.4296705,1.2696704,1.4096704,1.4696704,1.5496705,0.9096704,0.6296704,0.5996704,1.3796704,1.5996704,1.9396704,2.5796704,3.5596704
4.0296702,3.7296705,3.0596704,2.4596703,0.5996704,1.1296704,0.63967043,-0.08032959,-0.44032958,-0.23032959,0.6196704,-0.6503296,-1.2903296,-0.9603296,-1.1003296,-0.44032958,0.09967041,-0.4003296,-0.08032959,-0.8803296,-1.4503295,0.42967042,-1.9903296,-3.4003296,-3.8603296,-3.3103297,-2.9703295,-4.0103297,-4.7403297,-4.2403297,-3.6903296,-3.1503296,-4.1703296,-3.7703295,-2.9103296,-2.3103297,-1.9703296,-1.7403296,-2.0703297,-1.8803296,-0.80032957,-0.5703296,-0.99032956,-0.6903296,-0.9003296,-0.06032959,0.02967041,0.7296704,-0.06032959,0.5596704,0.6096704,0.12967041,0.88967043,1.3696704,1.7196704,1.8596704,2.6396704,2.9696703,2.7996705
3.7196703,4.1696706,4.9596705,3.9596703,2.7296705,1.2896705,-0.8103296,-0.8903296,0.63967043,0.94967043,0.09967041,-1.0203296,-0.9803296,-1.2203296,0.3596704,-0.35032958,-0.1903296,0.49967042,0.6196704,-0.18032959,-0.9403296,-2.1503296,-2.1103296,-2.0003295,-1.1203296,-3.1403296,-3.8503296,-3.9903295,-2.9103296,-3.1203296,-4.5303297,-2.8103297,-3.7203295,-3.3703296,-3.3103297,-4.4703298,-4.0003295,-2.8303297,-1.6903296,-0.99032956,-0.8903296,-0.5003296,-0.55032957,-1.3003296,-1.6903296,-1.7303296,-1.4503295,-2.0903296,-0.5803296,-1.2803296,-0.44032958,0.10967041,-0.28032959,-0.08032959,0.01967041,0.45967042,1.6996704,2.4796705,3.1296704
4.6696706,5.2596703,4.8496704,4.56967,4.6196704,3.8696704,0.45967042,0.7696704,1.2796704,-0.4603296,-0.8703296,-0.11032959,-0.03032959,-0.8403296,-1.3003296,-1.1303296,-0.5003296,-0.38032958,-0.07032959,-0.32032958,-0.8203296,-1.0303296,-1.0703295,-1.7303296,-2.0803297,-2.1503296,-1.8603296,-3.9303296,-4.0303297,-4.8203297,-3.4803295,-3.6803296,-3.7403295,-4.5103297,-4.6103296,-4.5903296,-2.4303296,-1.9903296,-0.3403296,-0.7003296,-0.8303296,-0.55032957,-0.21032959,-0.32032958,-0.7503296,0.09967041,-0.7203296,-0.44032958,-0.6303296,-0.7503296,-0.7903296,-1.3703296,-0.29032958,-0.14032958,0.27967042,1.0896704,1.0496705,1.2296704,1.8496704
5.2896705,5.56967,5.7296705,6.4596705,6.06967,5.7396703,5.3096704,4.2896705,1.6896704,0.11967041,0.5296704,-0.1603296,0.3496704,-0.5003296,-1.5203296,-1.8103296,-1.1103296,0.23967041,-0.18032959,-0.7803296,-0.9003296,-1.2103295,-1.1903296,-0.6303296,-0.2403296,-0.86032957,-2.0903296,-2.9303296,-3.9903295,-3.5703297,-3.4503295,-4.0503297,-3.4703295,-4.6003294,-2.5203295,-3.8503296,-3.1803296,-2.5203295,-1.8403296,-1.5403296,-2.2303295,-1.0303296,-1.4303296,-2.0603297,-2.0803297,-0.6703296,-1.3303295,-1.5303296,-1.4603295,-0.35032958,-1.3003296,-0.6003296,-1.0303296,-0.3303296,0.01967041,0.4196704,0.6696704,1.0296704,2.4696703
5.9496703,6.58967,6.6996703,7.7796702,6.9996705,6.8696704,6.0396705,6.2396703,6.2796702,0.88967043,0.2296704,0.7696704,1.1196704,0.5196704,0.17967041,-0.8303296,-2.6003296,-1.9903296,-0.7203296,-1.5003296,-1.6503296,-1.5503296,-1.0803295,-0.6303296,1.1596704,-0.6303296,-2.4003296,-3.2503295,-4.4703298,-4.2303295,-3.6303296,-2.9803295,-3.8303297,-3.0103295,-3.7003295,-2.6503296,-4.5403295,-3.9003296,-3.7603295,-3.4703295,-1.7403296,-2.3403296,-3.0103295,-2.7003295,-3.5503297,-0.9603296,0.20967041,0.4096704,-0.8803296,-2.1603296,-1.6103296,-1.2703296,-1.5403296,-2.6003296,-1.6603296,-0.21032959,2.3296704,2.6396704,4.29967
5.1096706,5.29967,5.8296704,5.81967,6.2796702,7.2696705,7.7096705,5.9296703,6.2896705,5.7296705,0.63967043,0.6196704,1.9496704,1.9596704,1.0996704,-0.8903296,-0.93032956,-1.6903296,-0.5603296,-1.7903296,-1.8503296,-1.2303296,-2.0203295,-2.8503296,-1.3803296,1.4796704,-1.0903296,-1.6003296,-3.9303296,-4.7403297,-5.45033,-3.7203295,-3.2303295,-4.5703297,-5.2703295,-4.9003296,-4.8503294,-4.8703294,-3.9603295,-3.6703296,-2.9403296,-3.2003295,-1.5703295,-1.3603296,-0.9003296,-1.5303296,-1.4403296,-1.0603296,-1.8403296,-2.1803296,-3.2103295,-3.1003296,-3.7103295,-2.9203296,-1.0703295,-0.1903296,1.3696704,2.9096704,3.6196704
