static/data/gfs.t00z.pgrb2.1p00.f22.json
{"header": {"discipline":0,"disciplineName":"Meteorological products","gribEdition":2,"gribLength":81402,"center":7,"centerName":"US National Weather Service - NCEP(WMC)","subcenter":0,"refTime":"2019-06-20T00:00:00.000Z","significanceOfRT":1,"significanceOfRTName":"Start of forecast","productStatus":0,"productStatusName":"Operational products","productType":1,"productTypeName":"Forecast products","productDefinitionTemplate":0,"productDefinitionTemplateName":"Analysis/forecast at horizontal level/layer at a point in time","parameterCategory":2,"parameterCategoryName":"Momentum","parameterNumber":3,"parameterNumberName":"V-component_of_wind","parameterUnit":"m.s-1","genProcessType":2,"genProcessTypeName":"Forecast","forecastTime":33,"surface1Type":100,"surface1TypeName":"Isobaric surface","surface1Value":100000.0,"surface2Type":255,"surface2TypeName":"Missing","surface2Value":0.0,"gridDefinitionTemplate":0,"gridDefinitionTemplateName":"Latitude_Longitude","numberPoints":65160,"shape":6,"shapeName":"Earth spherical with radius of 6,371,229.0 m","gridUnits":"degrees","resolution":48,"winds":"true","scanMode":0,"nx":360,"ny":181,"basicAngle":0,"lo1":0.0,"la1":90.0,"lo2":359.0,"la2":-90.0,"dx":1.0,"dy":1.0}, "data":
[rows 130 to 155 of 181, columns 236 to 294 of 360]
-4.0363426,-2.5563428,-0.14634277,2.5936573,2.6536572,2.8536572,-0.7263428,1.8736572,2.8136573,3.1836572,4.9436574,5.593657,6.573657,7.513657,8.5936575,9.023657,9.723658,10.273657,11.243657,10.913657,12.163657,9.893658,10.353657,6.973657,8.623657,9.103657,8.533657,8.043657,8.353657,7.7736573,8.013658,2.7236571,0.33365723,-0.9263428,-2.3163428,-3.3263428,-3.8963428,-4.676343,-5.856343,-6.696343,-7.336343,-8.196342,-9.306343,-10.826343,-11.276342,-10.596343,-11.926343,-10.786343,-14.056343,-15.256343,-14.496343,-2.1263428,-2.5763428,-0.5963428,1.4036572,2.4836571,1.1436572,-1.8463428,-2.9463427
-3.4963427,-3.4263427,-0.34634277,-0.39634278,1.2936572,2.493657,2.6536572,-2.3863428,0.093657225,1.4436573,2.0036573,3.6936572,5.1036572,7.0236573,7.3136573,8.713657,8.973658,10.063657,10.743657,11.063657,11.273657,11.663657,10.933658,11.743657,9.653657,9.603657,9.683658,9.303658,11.073657,10.133657,9.703657,5.953657,4.0236573,2.1336572,-3.0463428,-2.5363429,0.013657226,-3.1863427,-6.3263426,-7.5163426,-8.136343,-8.416343,-9.336343,-10.606342,-12.1563425,-12.136343,-13.316342,-12.476343,-13.386343,-15.086343,-15.166343,-4.1163425,-2.006343,-1.4763428,-2.2163427,-1.7863427,1.9836572,4.323657,-2.6363428
-4.406343,-2.0763428,-1.7563428,0.92365724,1.1636572,1.4936572,1.2436572,1.1136572,-2.9463427,-0.64634275,0.19365722,2.3136573,4.3336573,5.663657,8.393658,7.893657,9.003657,9.773657,10.603657,11.573657,10.493657,11.943657,10.483657,9.473658,8.733657,10.823657,10.733657,10.403657,11.723658,11.013658,9.883657,6.683657,5.7736573,4.223657,-1.3963428,-2.1863427,-1.0763428,-1.5663428,-3.6163428,-4.9163427,-8.126343,-9.996343,-10.096343,-11.1563425,-12.056343,-12.9063425,-13.006343,-12.806343,-13.356342,-16.746344,-12.776342,-14.946342,-1.6763427,-0.5963428,-2.9363427,-0.37634277,-1.7763427,-4.8963428,-0.22634277
-5.2863426,-3.2863429,-1.5663428,-0.58634275,0.8336572,1.0336572,1.4236572,0.5236572,-0.40634277,-3.4163427,-1.7563428,0.6236572,2.3836572,3.4836571,6.4436574,7.643657,8.0936575,9.533657,10.443657,11.443657,11.803658,9.463657,10.973658,10.483657,11.333657,9.163657,11.463657,12.083657,11.483657,12.103657,12.083657,7.643657,6.283657,6.493657,3.0236573,-0.18634278,1.0536572,0.27365723,-0.46634278,-7.4963427,-7.006343,-11.056343,-11.346343,-12.456343,-13.816342,-15.016343,-12.876343,-13.886343,-14.196342,-16.006342,-6.4163427,-12.676343,-2.7263427,-1.8563428,-3.2063427,-5.006343,-2.0563428,0.18365723,-0.95634276
-5.5363426,-3.4763427,-2.2463427,0.17365722,1.0336572,1.3036572,3.1636572,2.4336572,-0.16634278,-5.376343,-3.5763428,-0.10634277,0.35365722,2.4236572,4.113657,6.593657,7.3336573,8.563657,9.473658,10.553658,11.793657,10.143658,10.333657,10.603657,11.793657,11.883657,9.623657,12.253657,12.123657,12.553658,13.083657,8.233657,6.163657,5.3336573,4.6936574,2.0136573,2.9336572,5.5636573,3.1536572,-8.666343,-10.476343,-11.706343,-11.546343,-11.216343,-12.026342,-11.986342,-13.846343,-12.696342,-13.826343,-14.9063425,-11.026342,-2.8563428,-2.7263427,-4.466343,-4.0563426,-1.6463428,0.053657226,-1.3463428,0.8936572
-6.276343,-5.716343,-3.9563427,-0.8663428,-0.6863428,0.44365722,1.0636573,1.5436572,-0.116342776,-6.2263427,-5.656343,-2.5363429,-0.026342774,1.0836573,2.8136573,4.663657,6.2536573,7.123657,8.883657,9.023657,10.533657,11.883657,11.883657,11.023657,11.193657,10.943657,12.933658,11.443657,12.473658,11.903657,13.503657,12.303658,7.223657,3.5836573,6.5836573,5.9236574,4.553657,7.1936574,6.6036572,-4.4163427,-13.046343,-11.966343,-11.736342,-11.606342,-11.356342,-10.4063425,-10.966343,-12.276342,-13.516343,-14.486342,-2.5163429,-2.7763429,-2.7863429,-0.016342774,-10.726343,-5.176343,-2.256343,-5.946343,-4.5363426
-6.506343,-6.156343,-6.466343,-4.136343,-0.38634276,-0.23634277,-0.26634276,-0.19634277,-0.76634276,-6.8963428,-7.1863427,-3.6963427,-0.8763428,0.17365722,1.1836572,2.4536572,4.823657,5.663657,4.1336575,7.0236573,7.723657,10.353657,10.903657,10.883657,11.153657,11.973658,11.743657,10.563657,11.983657,11.943657,13.063657,13.573657,11.113657,8.913657,7.623657,6.4036574,7.6336575,8.143658,7.143657,-5.196343,-10.736342,-11.696342,-11.856342,-11.446342,-11.116343,-11.416343,-10.816342,-11.046343,-15.116343,-8.9063425,-4.126343,-3.1363428,-1.0863428,-3.5763428,-5.0163426,-4.2663426,-4.8063426,-3.3563428,-3.2963428
-7.3063426,-6.906343,-7.086343,-5.236343,-2.0263429,-1.5863428,-2.0863428,-1.0563427,-2.9363427,-6.486343,-7.426343,-4.236343,-1.6263428,-0.51634276,0.85365725,1.8236573,3.1536572,4.343657,6.5436573,6.363657,7.073657,6.9636574,10.893658,10.583657,10.793657,11.513658,11.863657,10.193657,9.763658,11.283657,12.033657,12.683658,12.083657,12.763658,11.263658,10.043657,8.993657,7.513657,6.013657,5.7536573,-9.026342,-11.246343,-12.366343,-13.126343,-12.196342,-11.026342,-10.286343,-10.176343,-15.116343,-10.766343,-1.5763428,-2.3263428,-3.1063428,-1.9363427,-3.8463428,-1.1563427,-5.376343,0.37365723,-4.426343
-8.916343,-7.1163425,-6.176343,-7.7063427,-5.986343,-3.2163427,-3.1963427,-2.3963428,-5.3063426,-7.0963426,-8.616343,-5.3663425,-3.3563428,-1.4863428,-0.6263428,0.5736572,3.2236571,5.1536574,4.5236573,6.893657,8.243657,6.453657,10.473658,9.363657,10.773657,10.893658,10.8436575,9.793657,8.393658,10.023657,11.053658,11.923657,11.863657,13.013658,13.003657,13.063657,11.623657,10.243657,6.263657,2.5436573,-1.4363427,-8.9063425,-11.466343,-12.286343,-11.326343,-10.746343,-11.036343,-13.226343,-14.186343,-9.646343,0.99365723,-2.8363428,-2.6963427,-2.5163429,-3.7963428,-2.2763429,-2.2663429,-3.8163428,-4.796343
-7.9963427,-7.7663426,-7.836343,-7.9563427,-7.606343,-7.026343,-5.5963426,-3.8863428,-5.796343,-8.6563425,-9.746343,-7.316343,-5.106343,-3.7663429,-2.6963427,-0.95634276,1.3436573,3.4836571,4.6336575,6.3336573,6.6936574,3.4736571,9.243657,9.553658,10.233657,10.893658,11.633657,6.893657,5.7736573,8.903657,9.983657,10.923657,11.613657,12.483657,13.013658,13.183658,12.693657,9.413657,4.533657,0.9636572,-0.086342774,-6.336343,-7.2063427,-9.066342,-10.396343,-11.196342,-11.6563425,-13.556343,-13.796343,-0.9363428,-3.256343,-0.6763428,-3.4663427,-5.1863427,-5.126343,-1.6463428,0.6236572,-0.056342773,-3.8363428
-8.396343,-8.336343,-7.7863426,-7.636343,-8.186343,-9.836343,-8.876343,-7.466343,-7.466343,-8.936343,-10.506343,-9.336343,-7.836343,-5.3663425,-2.7763429,-0.46634278,0.66365725,2.3836572,3.7336571,3.6036572,5.4836574,4.493657,8.083657,8.373657,8.723658,9.273657,9.903657,7.4636574,6.1336575,8.233657,8.983657,10.333657,11.573657,12.783657,13.953657,15.573657,16.123657,13.263658,-4.9563427,-5.856343,-5.386343,-1.8763428,-3.7463427,-5.7063427,-5.926343,-6.7863426,-8.286343,-7.356343,-12.276342,-4.0163426,-1.8563428,-4.216343,-2.4563427,-2.9263427,-1.1163428,-2.3363428,-2.2463427,-0.94634277,-4.236343
-6.406343,-7.2263427,-7.3263426,-9.056343,-9.516343,-10.246343,-9.056343,-8.996343,-9.606342,-9.936343,-10.246343,-11.016343,-8.416343,-5.796343,-3.4863427,-2.1463428,-0.7863428,0.11365723,2.5636573,2.0936573,3.9836571,3.3436573,8.243657,6.6336575,8.423657,7.553657,8.913657,8.213657,7.163657,4.843657,7.8536572,9.233657,10.933658,12.453657,14.173657,16.383657,18.683657,16.053658,-2.8863428,-6.356343,-6.656343,-6.566343,-7.756343,-6.0363426,-6.0363426,-6.586343,-8.246343,-10.976343,-11.536343,-5.816343,-2.8363428,-2.1063428,0.3236572,-0.90634274,-0.43634278,-2.0663428,0.2636572,-3.2763429,-5.066343
-5.2063427,-5.156343,-6.486343,-7.296343,-9.236342,-9.996343,-11.016343,-10.4063425,-9.856342,-10.366343,-11.216343,-10.996343,-10.496343,-6.2063427,-4.3263426,-3.2463427,-2.9563427,-0.9763428,-0.37634277,0.18365723,1.6136572,2.6936572,5.573657,6.0236573,6.2736573,7.2536573,6.9436574,8.323657,7.323657,3.3036573,3.9536572,6.6336575,9.223658,10.803658,12.303658,14.133657,16.463657,15.883657,12.293657,-1.1063428,-2.1963427,-2.3163428,-2.9963427,-4.796343,-6.376343,-8.006343,-7.756343,-7.876343,-9.216343,-7.1163425,-4.6163425,-1.6963428,-0.10634277,-0.9363428,3.3336573,1.1636572,-0.21634278,-4.886343,-6.126343
-1.9563428,-4.5763426,-6.0163426,-7.0763426,-8.706343,-9.436343,-9.986342,-9.926343,-10.396343,-11.356342,-11.9063425,-11.366343,-10.486342,-8.136343,-6.046343,-4.026343,-4.176343,-2.5463428,0.41365722,-0.7863428,-0.22634277,0.053657226,3.0436573,4.1336575,5.1336575,5.953657,6.243657,6.8536572,8.513658,5.1936574,3.0836573,2.4036572,5.2736573,7.6936574,9.723658,10.903657,12.433658,12.853657,13.253657,11.353657,10.503657,-1.2563428,-6.8963428,-5.256343,-5.486343,-7.006343,-8.566342,-9.336343,-10.636343,-10.716343,-8.006343,-4.8263426,-1.9163427,-0.43634278,-1.0363427,0.79365724,0.21365723,-2.7063427,-6.626343
6.913657,0.27365723,-3.4663427,-6.046343,-6.856343,-6.3663425,-7.3663425,-8.596343,-10.246343,-11.036343,-10.986342,-11.066342,-10.376343,-9.436343,-7.5963426,-6.256343,-5.8463426,-3.6463428,-1.8463428,-1.6063428,-2.0563428,0.27365723,1.2436572,1.8436573,3.5236573,4.933657,4.7736573,5.743657,6.6736574,5.2336574,5.7936573,5.533657,-0.19634277,3.4136572,5.6536574,7.3136573,8.573657,9.623657,10.513658,11.113657,11.303658,10.733657,7.7736573,6.0636573,3.3036573,-4.586343,-8.666343,-10.9063425,-9.776342,-8.266343,-7.8963428,-5.506343,-1.4363427,-1.3363428,-0.83634275,-0.27634278,0.92365724,2.9736571,-5.006343
9.683658,10.213657,4.343657,-2.1963427,-2.9963427,-4.7663426,-5.836343,-8.476343,-10.516343,-10.666343,-9.506343,-9.766343,-9.916343,-9.286343,-7.7663426,-7.276343,-7.4363427,-5.236343,-3.9663427,-3.6263428,-0.46634278,-2.7163427,-0.0063427733,1.1236572,1.7836572,3.3836572,3.8836572,4.223657,4.473657,6.1036572,6.1936574,5.613657,4.7136574,-3.2663429,0.023657227,2.9136572,4.393657,5.6536574,6.783657,6.9436574,7.873657,7.1036572,8.373657,8.683658,6.9636574,6.393657,4.7136574,1.8736572,0.21365723,-1.3463428,0.30365723,0.7636572,0.44365722,-0.65634274,-1.0563427,-0.6763428,-0.21634278,-0.8763428,1.4036572
7.323657,6.203657,5.7936573,7.1336575,6.2136574,0.74365723,-5.796343,-7.8063426,-9.866343,-9.316342,-10.106342,-10.446342,-10.386343,-9.446342,-9.036343,-9.096343,-9.106342,-7.676343,-5.5563426,-4.406343,-2.5363429,-3.2663429,0.5736572,-0.26634276,0.7636572,1.9336572,2.9736571,3.6236572,4.2536573,4.073657,4.363657,5.803657,3.5836573,5.2136574,-3.4963427,-1.4563428,-0.21634278,1.3536572,2.6736572,3.3436573,3.5536573,4.1336575,4.343657,4.123657,3.2636573,1.8336573,1.7136573,1.2136573,0.08365723,0.17365722,0.80365723,1.1936573,1.8636572,2.5136573,3.0736573,3.5836573,3.8736572,4.073657,3.3336573
4.393657,5.9036574,5.1036572,4.373657,4.973657,5.803657,5.343657,-4.106343,-9.066342,-9.846343,-10.1563425,-11.026342,-10.146343,-9.246343,-8.366343,-7.526343,-8.576343,-8.106342,-7.506343,-6.4763427,-4.606343,-3.4263427,-1.5263427,-1.1063428,0.20365722,0.61365724,1.9436573,2.9736571,3.7736573,3.993657,3.7136571,3.5336573,3.0336573,3.7236571,2.3136573,-1.1463428,-4.756343,-2.8563428,-2.3463428,-0.83634275,0.19365722,1.0936573,0.86365724,1.2836572,1.8436573,1.0636573,0.8136572,0.60365725,1.2536572,1.7236573,2.243657,3.2936573,4.533657,5.053657,5.363657,5.8136573,6.553657,7.783657,7.4436574
2.2636573,2.6136572,3.2836573,4.823657,3.0836573,3.2536573,4.533657,4.933657,3.1536572,-6.0763426,-9.516343,-9.076343,-8.146343,-8.676343,-7.2063427,-5.566343,-6.2263427,-8.176343,-8.076343,-7.216343,-8.276342,-5.7663426,-4.316343,-0.41634277,-0.4263428,-0.056342773,0.54365724,1.6336572,2.8136573,3.6336572,3.9436572,3.743657,4.453657,2.2836573,-0.20634277,0.54365724,0.17365722,-6.9763427,-5.2863426,-4.026343,-3.9463427,-2.8663428,-1.5363427,-0.9863428,-0.4263428,0.43365723,0.093657225,-0.38634276,0.41365722,1.2136573,1.9136572,3.4636571,5.413657,5.0036573,4.4436574,4.893657,5.8136573,7.4236574,9.733657
-0.21634278,0.8136572,1.1936573,0.063657224,1.8836572,3.0136573,0.6336572,1.7436572,-0.036342774,-1.4063427,-3.4363427,-6.1463428,-7.566343,-6.876343,-6.526343,-6.9363427,-7.0963426,-6.336343,-5.006343,-5.0963426,-7.966343,-7.5163426,-5.3963428,-2.6363428,-1.2963427,-0.83634275,-0.29634276,0.80365723,2.1436572,3.4136572,4.393657,3.9536572,3.8036573,2.9636571,2.7936573,1.0836573,-3.0863428,-5.586343,-7.426343,-7.946343,-5.7263427,-4.5763426,-3.9263427,-2.6763427,-2.2663429,-3.7863429,-3.0763428,-2.256343,-0.76634276,1.2136573,2.2536573,2.3936572,6.3836575,7.843657,8.363657,7.413657,8.233657,11.453657,12.113657
-0.51634276,-0.46634278,-0.5363428,-1.1163428,-1.5163428,-1.1663427,-0.25634277,-1.5463427,-2.0463428,-1.4863428,-2.7363427,-3.7763429,-4.986343,-5.466343,-6.136343,-5.2863426,-5.7063427,-5.836343,-5.7463427,-6.446343,-8.846343,-7.4363427,-5.4763427,-3.0663428,-2.0463428,-0.63634276,0.20365722,0.8836572,2.0236573,3.2136571,3.9536572,3.9236572,3.4136572,1.5636573,3.9236572,-1.8363428,-3.5263429,-6.0963426,-4.636343,-4.6663427,-8.876343,-7.2263427,-6.0163426,-3.5363429,-6.6463428,-5.156343,-4.5163426,-2.3063428,-0.9963428,0.41365722,1.3636572,2.4836571,5.0636573,4.723657,7.433657,8.463657,9.133657,9.893658,11.063657
-0.89634275,-1.1263428,-1.6563427,-2.5563428,-3.2863429,-3.7363427,-3.7863429,-3.2763429,-2.8963428,-3.7963428,-3.3963428,-4.1663427,-4.106343,-4.626343,-5.3463426,-5.586343,-4.756343,-7.446343,-6.9563427,-10.006343,-9.606342,-8.716343,-6.5963426,-4.466343,-2.9963427,-1.6763427,-0.086342774,1.7536572,2.8136573,3.4636571,4.9036574,4.433657,3.3136573,0.9336572,-0.12634277,-1.8663428,-4.466343,-3.4063427,-3.6763427,-5.3263426,-9.386343,-8.536343,-7.4763427,-7.5963426,-6.736343,-5.566343,-3.4263427,-1.4363427,0.053657226,1.2036573,1.9436573,0.15365723,1.0036572,3.6136572,5.803657,6.7736573,7.073657,7.643657,7.933657
-0.58634275,-1.1563427,-2.0963428,-3.1263428,-4.1863427,-5.3263426,-6.5363426,-6.5363426,-6.4563427,-5.676343,-4.986343,-4.696343,-4.1163425,-4.4963427,-4.3963428,-4.0163426,-5.5563426,-7.6663427,-8.966343,-11.006343,-11.736342,-10.146343,-7.5763426,-5.7863426,-4.2463427,-2.0763428,-0.036342774,2.3536572,2.9036572,5.5636573,5.8336573,3.8336573,3.1536572,0.5036572,-1.8763428,-3.2263427,-7.5563426,-6.276343,-6.8663425,-9.066342,-8.196342,-7.986343,-7.126343,-6.3463426,-5.2063427,-2.8463428,-1.3563428,-0.6163428,0.6836572,1.6136572,-0.43634278,1.0736573,1.7536572,3.0736573,4.913657,6.2336574,6.9436574,5.2336574,-1.0163428
-0.41634277,-0.34634277,-2.1463428,-5.2663426,-7.5563426,-9.206343,-9.606342,-9.836343,-8.996343,-8.616343,-7.3463426,-6.196343,-4.8663425,-4.716343,-4.836343,-4.986343,-5.816343,-7.426343,-10.716343,-13.596343,-12.736342,-10.646343,-8.276342,-6.736343,-4.6163425,-2.756343,-0.09634277,1.2636572,3.2936573,7.2736573,2.4036572,4.203657,1.5736573,-2.6763427,-1.6163428,-6.566343,-8.086343,-8.626343,-8.346343,-7.5763426,-6.7663426,-6.216343,-5.256343,-3.4863427,-2.9263427,-2.8863428,-2.6363428,-2.3163428,-2.2063427,-2.0263429,-3.5363429,-1.5263427,0.8736572,2.7936573,4.283657,5.5836573,2.8636572,-0.75634277,-0.5363428
1.9936572,1.5736573,-1.4563428,-5.3963428,-7.5563426,-12.066342,-13.356342,-12.766343,-12.066342,-10.306343,-9.436343,-8.106342,-6.406343,-6.276343,-5.9163427,-5.6663427,-7.3063426,-9.706343,-13.676343,-13.876343,-12.466343,-10.626343,-8.956343,-7.376343,-5.386343,-3.3363428,-1.6663427,0.28365722,1.5336572,-2.4463427,-3.3663428,-1.4063427,-0.9163428,-3.8963428,-5.8463426,-6.586343,-6.836343,-6.946343,-6.606343,-6.006343,-4.6663427,-3.7663429,-2.6963427,-1.7263428,-1.0463427,-2.3863428,-3.7363427,-3.9463427,-3.6663427,-3.8663428,-4.006343,-2.7963428,-1.9463428,-1.3863428,-0.28634277,1.0136572,1.8436573,1.3136573,-0.63634276
1.1236572,0.10365722,-0.27634278,-3.1363428,-8.236342,-9.836343,-12.236342,-13.146343,-12.116343,-11.216343,-9.566342,-8.716343,-7.986343,-7.5963426,-7.9963427,-7.8263426,-11.266343,-14.896343,-14.446342,-13.096343,-11.426343,-10.306343,-9.026342,-7.276343,-5.236343,-3.4863427,-2.4763427,-1.4263427,0.46365723,-9.076343,-9.386343,-7.856343,-7.026343,-6.986343,-7.176343,-7.5763426,-7.696343,-7.0363426,-6.446343,-4.696343,-3.2463427,-2.1163428,-0.39634278,-3.6563427,-2.256343,-1.4163427,-2.0863428,-2.5463428,-2.4963427,-2.2263427,-2.9863427,-3.2163427,-3.7463427,-2.8563428,-0.95634276,0.41365722,0.53365725,-0.65634274,-1.1063428
