static/data/gfs.t00z.pgrb2.1p00.f12.json
{"header": {"discipline":0,"disciplineName":"Meteorological products","gribEdition":2,"gribLength":80593,"center":7,"centerName":"US National Weather Service - NCEP(WMC)","subcenter":0,"refTime":"2019-06-20T00:00:00.000Z","significanceOfRT":1,"significanceOfRTName":"Start of forecast","productStatus":0,"productStatusName":"Operational products","productType":1,"productTypeName":"Forecast products","productDefinitionTemplate":0,"productDefinitionTemplateName":"Analysis/forecast at horizontal level/layer at a point in time","parameterCategory":2,"parameterCategoryName":"Momentum","parameterNumber":2,"parameterNumberName":"U-component_of_wind","parameterUnit":"m.s-1","genProcessType":2,"genProcessTypeName":"Forecast","forecastTime":18,"surface1Type":100,"surface1TypeName":"Isobaric surface","surface1Value":100000.0,"surface2Type":255,"surface2TypeName":"Missing","surface2Value":0.0,"gridDefinitionTemplate":0,"gridDefinitionTemplateName":"Latitude_Longitude","numberPoints":65160,"shape":6,"shapeName":"Earth spherical with radius of 6,371,229.0 m","gridUnits":"degrees","resolution":48,"winds":"true","scanMode":0,"nx":360,"ny":181,"basicAngle":0,"lo1":0.0,"la1":90.0,"lo2":359.0,"la2":-90.0,"dx":1.0,"dy":1.0}, "data":
[rows 26 to 51 of 181, columns 232 to 289 of 360]
0.94933593,1.439336,1.049336,-0.50066406,0.8493359,0.38933593,0.99933594,2.009336,2.089336,2.029336,-0.39066407,1.2193359,-0.7306641,-2.440664,-4.2306643,-3.030664,-4.420664,-5.520664,-6.470664,-6.120664,-5.320664,-5.2306643,-5.930664,-4.670664,-3.890664,-4.110664,-4.100664,-4.7106643,-3.290664,-3.220664,-2.730664,-0.050664064,0.42933595,-1.100664,-1.6506641,-2.210664,-3.470664,-2.680664,-2.460664,-1.0306641,1.689336,2.499336,1.4793359,-0.08066406,0.5993359,1.7293359,-3.900664,-2.720664,-1.840664,-1.710664,3.029336,5.7893357,1.809336,1.929336,2.6493359,4.509336,-2.010664,0.42933595
1.439336,1.299336,0.97933596,1.009336,0.5293359,1.8593359,0.97933596,0.48933592,1.0793359,0.15933594,-0.26066408,1.1193359,0.86933595,0.7793359,-1.950664,-1.570664,-4.370664,-4.370664,-3.0806642,-5.860664,-4.400664,-4.680664,-5.7306643,-0.74066406,-2.520664,-3.880664,-0.42066407,0.98933595,-0.7306641,-0.30066407,-0.14066406,2.959336,0.79933596,1.559336,-1.8906641,-3.020664,-3.420664,-2.380664,-2.3206642,-2.490664,-2.3306642,-1.4106641,-2.930664,-3.640664,-3.740664,-3.510664,-2.3106642,-4.970664,-4.4406643,-2.8406641,-2.750664,-3.030664,-1.240664,1.789336,3.489336,5.639336,7.009336,5.069336
1.3593359,1.2293359,1.0693359,0.31933594,-0.29066408,0.5893359,1.009336,1.2093359,-3.410664,-0.7806641,0.7093359,2.209336,2.449336,4.0393357,8.119336,5.409336,-2.8106642,0.5193359,-0.48066407,-2.290664,-4.520664,-2.460664,-4.000664,-1.6806641,1.4793359,0.16933593,2.309336,3.059336,1.5793359,1.039336,2.949336,1.9993359,0.7093359,0.42933595,-1.5406641,-0.50066406,-0.47066405,-0.86066407,-2.010664,-2.720664,-3.0606642,-3.180664,-3.3706641,-2.380664,0.19933593,-5.7306643,-4.520664,-3.030664,-1.4106641,-1.990664,2.459336,0.10933594,-1.710664,-0.55066407,1.5793359,1.5993359,7.099336,8.189336
0.18933594,-0.35066405,-0.25066406,0.99933594,1.289336,0.79933596,1.5993359,2.359336,2.999336,2.869336,2.979336,4.229336,7.739336,8.179336,6.929336,4.599336,3.3893359,3.569336,1.4693359,0.85933596,-0.15066406,4.129336,1.8493359,2.1593359,1.559336,2.559336,2.9093359,2.969336,1.799336,1.0993359,2.339336,2.569336,2.269336,0.079335935,0.68933594,0.31933594,1.2293359,0.93933594,0.74933594,-0.06066406,-0.6006641,-1.070664,-2.010664,-2.5606642,-2.1106641,-1.980664,-1.0406641,0.42933595,0.5993359,0.39933595,2.299336,-0.61066407,-2.5806642,-2.3706641,-1.950664,-2.6106641,-2.800664,1.019336
1.0693359,0.68933594,1.5693359,1.8493359,2.079336,2.319336,2.4393358,1.769336,1.2393359,1.539336,1.8293359,1.519336,3.839336,3.839336,3.199336,2.369336,2.1593359,1.6993359,1.0993359,-0.43066406,1.7093359,0.99933594,1.139336,-1.980664,0.30933595,-0.28066406,-0.69066405,0.019335937,-3.180664,1.2093359,1.149336,0.8393359,-0.18066406,-1.9106641,-0.70066404,-0.35066405,0.30933595,1.0993359,1.149336,0.56933594,1.059336,1.3493359,1.8693359,2.499336,2.499336,2.6693358,3.349336,3.4193358,4.119336,3.529336,4.869336,2.289336,0.25933594,-0.55066407,-1.0006641,-1.6306641,-1.230664,-2.3506641
-1.110664,0.75933594,1.1993359,1.3393359,2.579336,2.8893359,3.449336,2.999336,1.8193359,2.3893359,1.2293359,0.41933593,-2.3506641,-2.720664,-0.71066403,0.049335938,-0.46066406,-1.1406641,-2.150664,-0.15066406,-2.890664,-3.6206641,-2.990664,-2.6006641,-2.5606642,-2.970664,-3.270664,-2.960664,-3.790664,-3.6206641,-2.8406641,-3.730664,-3.540664,-4.600664,-5.290664,-3.680664,-1.990664,-0.6506641,-0.030664062,0.039335936,0.079335935,1.009336,1.4893359,2.1693358,2.599336,2.539336,2.999336,2.9093359,3.239336,2.809336,2.859336,2.829336,1.6993359,-1.7506641,-2.950664,-2.5606642,-3.1006641,-2.630664
0.17933594,0.19933593,1.909336,0.13933593,0.22933593,-0.5406641,2.849336,3.259336,3.1893358,3.6393359,3.4093359,3.619336,4.499336,1.8393359,-1.9206641,-3.190664,-0.040664062,-5.560664,-6.250664,-5.290664,-5.100664,-3.750664,-3.380664,-2.760664,-2.510664,-0.16066407,0.50933594,0.38933593,-0.040664062,-1.4306641,-3.400664,-4.540664,-4.610664,-4.790664,-5.320664,-5.780664,-5.4806643,-4.950664,-3.910664,-2.8406641,-1.9206641,-1.230664,0.049335938,0.19933593,-0.25066406,-0.61066407,0.41933593,0.5293359,0.9693359,2.119336,6.0593357,3.489336,1.9593359,2.9093359,-0.36066407,-1.4206641,-2.450664,-1.840664
-0.19066407,-0.23066406,-0.44066405,0.94933593,0.17933594,-0.040664062,1.2193359,1.899336,0.42933595,2.6693358,1.6993359,-0.09066406,2.319336,-0.6006641,-1.060664,-5.920664,-3.0906641,-4.510664,-4.720664,-4.640664,-4.500664,-4.550664,-5.660664,-4.750664,-4.330664,-4.150664,-1.2706641,-2.930664,-4.420664,-4.580664,-5.870664,-6.050664,-5.140664,-5.620664,-5.920664,-6.680664,-6.630664,-6.850664,-7.520664,-7.340664,-5.6906643,-4.220664,-2.880664,-1.600664,-0.7806641,-0.55066407,-0.88066405,0.049335938,1.2093359,2.239336,3.759336,3.849336,1.759336,-0.6006641,-1.7806641,-3.210664,-3.170664,-4.040664
0.15933594,0.8493359,0.06933594,-0.41066405,1.1093359,-0.61066407,0.94933593,2.609336,3.829336,3.4093359,1.6193359,1.5793359,-0.030664062,-1.940664,-4.920664,-5.9606643,-6.4806643,-6.600664,-6.6906643,-5.640664,-7.030664,-6.510664,-6.110664,-3.540664,-5.200664,-4.310664,-3.960664,-4.910664,-5.010664,-5.260664,-5.740664,-5.160664,-5.2106643,-5.850664,-5.900664,-5.4406643,-5.770664,-4.9406643,-5.090664,-5.4806643,-7.360664,-7.180664,-5.260664,-3.430664,-2.5906641,-1.7806641,-0.94066405,-0.50066406,0.55933595,0.41933593,1.0693359,1.8593359,3.519336,0.25933594,0.42933595,-1.6606641,-2.970664,-4.510664
-0.20066406,1.309336,1.169336,1.519336,-1.6406641,-0.6606641,-0.040664062,2.119336,3.809336,5.109336,3.799336,3.029336,1.019336,0.69933593,-4.840664,-6.490664,-5.300664,-4.780664,-5.6906643,-7.910664,-6.400664,-6.400664,-5.420664,-4.570664,-4.840664,-4.200664,-5.4406643,-5.660664,-5.310664,-4.720664,-5.090664,-4.070664,-3.300664,-2.480664,-2.8406641,-4.170664,-4.890664,-4.350664,-4.4806643,-4.540664,-4.500664,-4.410664,-3.780664,-3.940664,-3.5606642,-2.760664,-0.62066406,0.21933594,1.039336,0.80933595,1.639336,2.8893359,1.519336,-1.5506641,-0.6506641,-1.9206641,-2.0906641,-1.810664
-0.6606641,-0.36066407,-0.17066406,0.44933593,2.599336,-0.20066406,1.159336,0.36933595,1.0893359,1.8693359,5.849336,4.869336,4.499336,-2.260664,-5.720664,-8.520664,-9.7406645,-8.370664,-4.910664,-8.750664,-8.630664,-7.890664,-7.2106643,-7.650664,-4.270664,-6.4406643,-6.040664,-5.650664,-2.8706641,-2.700664,-2.280664,-3.740664,-4.430664,-3.250664,-3.390664,-1.360664,-2.6206641,-3.740664,-3.990664,-4.600664,-5.790664,-4.780664,-3.8506641,-3.780664,-3.3106642,-3.280664,-2.690664,-0.93066406,1.4793359,1.9593359,-0.18066406,-0.95066404,2.319336,2.4293358,2.069336,-0.71066403,2.599336,2.259336
-0.87066406,-0.70066404,-1.450664,1.389336,1.389336,2.069336,2.009336,0.80933595,0.94933593,2.449336,1.409336,6.749336,9.619336,10.2993355,12.069336,7.159336,1.309336,-1.6206641,-1.470664,2.219336,-8.810664,-10.020664,-10.510664,-9.930664,-9.070664,-7.670664,-7.590664,-5.520664,-5.200664,-3.800664,0.94933593,-3.910664,-3.780664,-2.650664,-3.270664,-1.0506641,-4.4606643,-3.200664,-3.6106641,-3.940664,-4.340664,-4.380664,-4.410664,-4.090664,-3.950664,-4.310664,-2.220664,-0.8406641,0.66933596,3.999336,-0.21066406,-0.16066407,1.9893359,3.119336,4.129336,4.899336,2.089336,2.739336
1.2293359,-0.7906641,-1.0106641,0.8293359,3.779336,5.299336,5.0393357,4.799336,1.8593359,1.6993359,2.4093359,2.329336,2.529336,5.699336,9.059336,7.199336,3.969336,2.8993359,2.6693358,3.049336,3.729336,0.68933594,1.0993359,-7.260664,-8.570664,-8.850664,-9.250664,-7.120664,0.54933596,-3.5706642,-2.710664,2.9193358,-3.410664,-3.470664,-3.420664,-2.8306642,-3.0906641,-3.650664,-2.970664,-3.430664,-3.500664,-3.800664,-3.980664,-4.300664,-4.390664,-5.920664,-4.880664,-1.600664,-0.20066406,2.719336,-0.30066407,-0.09066406,0.25933594,0.7093359,0.7793359,1.159336,1.439336,-0.58066404
4.759336,0.74933594,1.409336,-0.6706641,-0.6606641,1.429336,2.969336,6.579336,3.3793359,1.779336,1.2493359,2.309336,0.87933594,1.529336,5.349336,7.349336,7.049336,7.139336,5.349336,4.739336,4.2893357,2.739336,2.449336,5.049336,-6.560664,-5.9406643,-8.750664,-7.580664,-6.860664,-3.6106641,-4.180664,-0.63066405,-2.0806642,-5.350664,-3.640664,-3.990664,-4.170664,-2.520664,-3.260664,-3.040664,-3.400664,-4.220664,-2.270664,-3.490664,-3.690664,-4.600664,-3.740664,-4.220664,-1.1306641,-0.28066406,-1.8006641,-1.240664,-0.41066405,-0.13066407,-1.2506641,1.299336,-0.26066408,-0.34066406
5.949336,0.6593359,0.7093359,3.4293358,0.86933595,1.3293359,2.049336,3.079336,5.5393357,4.399336,1.279336,1.419336,0.79933596,1.3593359,-1.460664,2.229336,5.399336,4.429336,5.129336,6.259336,4.099336,2.8893359,3.339336,2.539336,2.839336,2.6793358,-2.920664,-8.100664,-7.640664,-7.310664,-5.280664,-2.940664,-3.8606641,-3.210664,-4.720664,-3.540664,-3.230664,-4.010664,-4.000664,-3.3306642,-2.730664,-3.430664,-3.6106641,-2.220664,-1.0306641,-1.700664,-2.190664,-2.450664,-2.900664,-1.5206641,-1.980664,-0.08066406,-0.34066406,-0.6506641,0.12933594,0.9693359,1.1093359,1.769336
8.679336,10.119336,3.6893358,1.759336,-0.23066406,5.579336,1.8293359,1.409336,2.799336,3.4293358,2.719336,1.8493359,3.6393359,1.899336,1.689336,0.5293359,-1.6206641,2.779336,4.779336,4.7693357,3.859336,3.369336,2.799336,2.279336,2.699336,3.1593359,-3.660664,-6.950664,-6.850664,-3.880664,-5.410664,-6.320664,-2.490664,-2.720664,-1.980664,-1.1806641,-2.530664,-3.190664,-4.750664,-2.200664,-0.51066405,-2.8506641,-3.170664,-3.500664,-1.950664,-1.110664,-0.50066406,-1.480664,-2.6106641,-1.990664,-1.060664,-1.340664,-1.0506641,-0.75066406,0.32933593,2.3993359,1.8293359,2.799336
6.459336,8.529336,6.5393357,3.6593359,1.3693359,-0.88066405,0.92933595,2.6893358,1.2293359,6.329336,1.3293359,0.69933593,1.259336,5.199336,0.74933594,4.259336,-1.1206641,1.809336,1.4593359,-0.18066406,1.7093359,2.759336,3.609336,3.319336,4.439336,4.359336,4.469336,-3.270664,-6.860664,-8.920664,-6.160664,-2.470664,-6.640664,-4.540664,-3.910664,-4.270664,-3.6106641,-3.6006641,-2.970664,-0.82066405,-1.560664,1.4693359,3.839336,-2.8406641,-2.990664,-2.3606641,-1.8006641,-1.9306641,-3.010664,-1.460664,-2.140664,-2.410664,-2.460664,-1.5006641,-1.5206641,-0.5306641,-0.77066404,-1.0206641
6.469336,6.689336,7.0393357,7.459336,5.629336,1.399336,0.20933594,4.439336,-0.010664063,4.619336,5.869336,6.909336,0.81933594,1.8693359,2.459336,2.9093359,3.539336,3.6293359,3.739336,3.3993359,2.269336,4.609336,2.059336,2.4293358,3.549336,5.739336,7.839336,5.219336,2.079336,-2.640664,-5.070664,-3.0706642,-7.070664,-5.950664,-5.100664,-5.4406643,-5.260664,-4.660664,-4.810664,-3.780664,-3.170664,-1.600664,-3.3506641,3.339336,-2.470664,-2.220664,-1.7606641,-2.170664,-2.250664,-2.410664,-2.930664,-2.5706642,-3.020664,-2.720664,-1.9106641,-0.9006641,-0.9706641,-1.970664
5.189336,4.919336,5.259336,5.509336,3.619336,2.279336,2.8793359,3.8893359,0.8993359,6.189336,2.369336,0.08933594,0.48933592,1.7193359,2.249336,2.359336,0.6493359,3.6493359,-1.580664,0.17933594,2.729336,1.789336,2.219336,2.349336,3.099336,3.779336,5.759336,6.0393357,3.699336,0.47933593,-7.310664,-5.390664,-5.740664,-6.870664,-5.620664,-5.630664,-3.650664,-3.490664,-3.300664,-3.710664,-3.940664,-1.600664,-1.350664,1.1093359,-2.190664,0.14933594,-1.6306641,-2.910664,-2.6106641,-2.380664,-3.1106641,-0.82066405,-1.070664,-0.38066405,-1.1406641,-3.210664,-3.8306642,-2.720664
4.509336,4.489336,3.619336,3.559336,2.459336,1.1293359,2.9093359,8.099336,7.699336,6.229336,4.099336,3.209336,3.799336,3.319336,2.699336,6.689336,3.029336,3.449336,7.879336,-1.7606641,1.929336,-0.95066404,0.53933597,1.0793359,2.489336,3.6593359,4.979336,5.229336,4.869336,4.319336,4.569336,0.6493359,-5.470664,-1.710664,-3.750664,-3.920664,-4.300664,-3.5806642,-4.020664,-4.620664,-3.740664,-4.790664,-2.980664,-4.290664,-3.960664,-1.970664,-3.940664,-1.590664,-4.380664,-2.770664,-2.260664,-1.960664,-2.5706642,-3.790664,-3.210664,-0.7306641,-1.2606641,-1.2906641
2.4393358,2.479336,2.269336,0.7193359,2.229336,1.0893359,2.819336,5.689336,7.179336,6.199336,6.2893357,7.389336,6.999336,7.389336,5.399336,-0.45066407,7.299336,6.299336,8.319336,6.299336,0.48933592,4.949336,-1.3806641,-0.82066405,3.309336,-1.470664,3.1793358,4.129336,5.239336,6.369336,5.729336,0.37933594,-0.6506641,-1.0306641,-2.130664,-2.1006641,-3.040664,-2.900664,-2.640664,-2.460664,-3.5606642,-0.87066406,-4.650664,-5.050664,-5.9606643,-3.3706641,-3.0906641,-1.570664,-2.020664,-2.040664,-3.280664,-2.280664,-3.900664,0.73933595,-1.0006641,-1.4006641,-1.7506641,-1.5106641
0.019335937,0.45933592,0.029335938,-3.450664,-1.2706641,1.409336,1.7293359,2.729336,4.239336,7.079336,8.479336,10.679336,6.459336,10.699336,10.999336,10.679336,8.809336,6.509336,4.159336,8.5093355,5.149336,9.819336,9.809336,0.93933594,-0.17066406,1.2493359,1.669336,2.6793358,3.349336,3.6893358,7.629336,2.9393358,-1.4306641,-1.700664,-3.050664,-1.1706641,-2.760664,-2.250664,-2.3106642,-1.340664,-2.640664,0.119335935,-4.880664,-3.8206642,-1.240664,-2.190664,-0.64066404,-2.020664,-2.890664,-1.2506641,0.079335935,2.1893358,3.339336,4.679336,0.31933594,-0.8406641,-1.0206641,-2.3206642
-0.57066405,-0.29066408,-1.240664,-0.16066407,-4.810664,-6.640625E-4,3.4093359,3.959336,0.9093359,4.599336,8.469336,8.289336,7.469336,9.159336,5.179336,2.109336,2.809336,8.079336,10.459336,11.879336,12.089336,12.699336,12.329336,10.589336,2.029336,5.149336,2.489336,2.109336,3.6593359,4.109336,5.839336,5.469336,-0.33066407,-1.7506641,-3.540664,-0.76066405,-2.260664,-0.8506641,-0.93066406,0.60933596,-0.38066405,1.3193359,-1.950664,-2.250664,-1.570664,-1.7506641,-5.040664,-3.510664,-1.1506641,2.8893359,4.579336,4.249336,1.309336,2.199336,0.13933593,-0.61066407,-0.80066407,-0.62066406
-1.470664,-1.0106641,0.17933594,3.809336,2.309336,0.61933595,-2.010664,0.92933595,4.399336,4.229336,2.469336,4.7693357,9.079336,11.189336,-0.27066407,3.989336,0.32933593,7.839336,10.969336,6.709336,5.339336,8.419336,9.5493355,3.9293358,5.739336,1.0993359,2.539336,2.519336,2.6893358,3.779336,5.169336,5.049336,0.72933596,1.2293359,0.13933593,-0.93066406,0.009335938,0.47933593,1.6093359,2.6593359,3.359336,2.6793358,-0.27066407,-1.320664,-1.580664,0.9093359,3.069336,4.949336,4.639336,4.669336,4.909336,3.1793358,2.9193358,1.909336,0.8393359,0.41933593,-1.490664,-3.3606641
-1.8006641,-1.1806641,1.1193359,3.579336,3.1893358,1.649336,0.9593359,2.099336,1.169336,7.729336,9.479336,13.119336,10.609336,11.139336,11.669336,2.349336,2.999336,7.689336,6.079336,8.459336,10.489336,8.039336,9.989336,-3.160664,-2.780664,-1.240664,-0.28066406,0.9593359,0.8493359,3.1293359,5.169336,3.819336,1.4893359,1.899336,1.6093359,1.919336,1.639336,2.599336,2.9093359,4.589336,6.189336,5.469336,7.569336,7.829336,6.929336,6.099336,5.949336,5.999336,5.869336,8.7993355,4.649336,4.849336,5.479336,4.689336,1.3393359,1.6993359,1.809336,1.7093359
-2.490664,-0.23066406,2.109336,5.119336,7.689336,1.6293359,1.269336,1.2193359,11.599336,8.059336,5.939336,7.819336,9.249336,9.139336,4.459336,3.209336,9.249336,5.009336,3.949336,6.839336,4.709336,8.909336,8.689336,7.209336,-2.780664,-2.660664,-3.660664,-2.960664,-0.83066404,4.449336,5.099336,4.629336,2.1593359,2.279336,3.239336,2.6793358,2.509336,2.959336,4.759336,3.279336,5.489336,7.169336,6.569336,6.589336,8.459336,6.0193357,4.639336,6.089336,6.699336,7.839336,4.569336,5.599336,4.209336,4.169336,3.9193358,4.369336,5.169336,3.9293358
