static/data/gfs.t00z.pgrb2.1p00.f10.json
{"header": {"discipline":0,"disciplineName":"Meteorological products","gribEdition":2,"gribLength":81331,"center":7,"centerName":"US National Weather Service - NCEP(WMC)","subcenter":0,"refTime":"2019-06-20T00:00:00.000Z","significanceOfRT":1,"significanceOfRTName":"Start of forecast","productStatus":0,"productStatusName":"Operational products","productType":1,"productTypeName":"Forecast products","productDefinitionTemplate":0,"productDefinitionTemplateName":"Analysis/forecast at horizontal level/layer at a point in time","parameterCategory":2,"parameterCategoryName":"Momentum","parameterNumber":3,"parameterNumberName":"V-component_of_wind","parameterUnit":"m.s-1","genProcessType":2,"genProcessTypeName":"Forecast","forecastTime":15,"surface1Type":100,"surface1TypeName":"Isobaric surface","surface1Value":100000.0,"surface2Type":255,"surface2TypeName":"Missing","surface2Value":0.0,"gridDefinitionTemplate":0,"gridDefinitionTemplateName":"Latitude_Longitude","numberPoints":65160,"shape":6,"shapeName":"Earth spherical with radius of 6,371,229.0 m","gridUnits":"degrees","resolution":48,"winds":"true","scanMode":0,"nx":360,"ny":181,"basicAngle":0,"lo1":0.0,"la1":90.0,"lo2":359.0,"la2":-90.0,"dx":1.0,"dy":1.0}, "data":
[rows 29 to 57 of 181, columns 198 to 263 of 360]
7.37375,2.45375,-0.43625,1.44375,-0.70625,1.16375,0.98375,0.53375,-0.12625,0.34375,-0.69625,3.30375,-1.90625,-0.75625,-0.01625,-0.07625,0.01375,0.86375,0.13375,0.08375,-0.13625,-0.33625,-1.39625,-0.58625,0.09375,0.72375,0.87375,1.34375,0.83375,0.13375,0.78375,0.45375,0.25375,0.25375,-1.27625,-1.86625,-1.19625,-1.10625,-0.48625,1.11375,-2.02625,-4.18625,-3.25625,-2.46625,-2.14625,-1.49625,-2.23625,-0.30625,-0.02625,-1.59625,-2.93625,-1.86625,0.20375,-2.05625,-3.06625,0.79375,2.51375,3.04375,3.47375,1.86375,1.09375,-0.35625,1.20375,1.72375,3.41375,5.59375
6.47375,0.63375,2.45375,0.48375,0.20375,0.80375,-1.06625,-1.42625,-1.16625,-1.76625,5.09375,-0.15625,-1.08625,-0.35625,1.20375,-1.74625,0.90375,0.42375,-1.19625,-0.73625,0.45375,-0.47625,-0.45625,-0.73625,-0.92625,-0.53625,-1.43625,0.18375,0.92375,-0.38625,0.91375,0.20375,-0.04625,-0.33625,0.10375,-0.37625,-0.03625,-1.14625,-0.86625,-1.13625,-3.77625,-4.67625,-3.35625,-3.97625,-4.21625,-2.41625,-6.20625,-2.40625,-3.00625,-4.86625,-4.55625,-3.39625,-1.70625,-0.34625,1.96375,1.98375,1.80375,1.60375,2.77375,0.84375,0.84375,0.89375,0.03375,2.55375,6.50375,7.39375
3.82375,1.09375,0.01375,0.14375,-0.33625,-2.69625,-0.93625,-0.30625,-0.11625,0.69375,1.97375,2.62375,2.73375,1.96375,1.82375,1.25375,0.72375,-0.01625,-0.99625,-2.04625,-2.51625,-3.34625,-3.42625,-2.94625,0.36375,-0.90625,-0.11625,-2.51625,-1.95625,0.15375,0.08375,-2.48625,-1.06625,-1.65625,-0.87625,-0.37625,-0.33625,0.18375,-1.13625,-2.22625,-3.72625,-4.72625,-4.50625,-3.82625,0.37375,-3.50625,-7.85625,-6.48625,-5.54625,-6.19625,-4.34625,-2.69625,-3.63625,-0.14625,0.41375,0.25375,-0.50625,-1.96625,0.91375,0.63375,1.21375,1.64375,2.45375,3.73375,5.14375,4.09375
-0.20625,1.48375,1.18375,-1.52625,-3.50625,0.24375,0.96375,1.33375,1.92375,0.21375,5.69375,5.94375,4.85375,3.29375,2.58375,1.88375,1.95375,1.06375,0.01375,-1.40625,-3.29625,-4.74625,-4.88625,-5.22625,-5.19625,-4.73625,-0.91625,-1.80625,-3.17625,-1.06625,-2.58625,-0.26625,-1.35625,-0.99625,-1.15625,-2.10625,-2.98625,-2.92625,-2.04625,-4.15625,-4.56625,-4.48625,-4.21625,-5.19625,-4.52625,-5.36625,-2.84625,-2.44625,-4.41625,-4.81625,-4.01625,-1.65625,2.00375,1.98375,2.30375,1.45375,1.02375,2.85375,2.26375,2.54375,2.82375,1.69375,1.47375,3.10375,3.03375,2.12375
-0.71625,-0.97625,-1.56625,-2.11625,-0.34625,0.75375,0.64375,3.82375,0.47375,1.00375,2.36375,3.54375,3.90375,4.77375,2.54375,3.21375,1.73375,1.54375,1.49375,-0.64625,-2.63625,-3.83625,-5.49625,-5.91625,-6.46625,-6.66625,-7.52625,-0.68625,-1.57625,-0.55625,-3.25625,-3.12625,-1.58625,-2.67625,-2.50625,-2.85625,-2.32625,-2.41625,-0.52625,-3.70625,-5.68625,-6.76625,-6.71625,-4.99625,-6.04625,-6.29625,-6.49625,-5.61625,-3.68625,-2.51625,-3.67625,0.16375,0.40375,1.40375,2.36375,3.10375,3.07375,2.06375,1.17375,1.10375,1.33375,1.68375,0.37375,-0.13625,0.88375,0.03375
-2.43625,-3.22625,-1.38625,-1.97625,-4.55625,0.22375,1.15375,1.49375,0.77375,1.46375,1.95375,1.88375,2.87375,2.90375,3.11375,2.90375,2.67375,2.15375,1.48375,-0.04625,-0.76625,-2.25625,-3.93625,-4.73625,-5.87625,-7.40625,-9.11625,-10.72625,-3.96625,-0.78625,-1.66625,-1.48625,-2.31625,-0.75625,-2.64625,-3.99625,-1.82625,-1.88625,-1.71625,-1.39625,-4.72625,-5.08625,-6.41625,-6.37625,-6.71625,-8.75625,-6.27625,-5.23625,-3.65625,-3.72625,-1.55625,-2.55625,-0.83625,-0.72625,-0.29625,1.88375,1.53375,2.05375,0.99375,0.58375,0.40375,1.60375,0.66375,-1.04625,-1.60625,-2.05625
-2.97625,-4.63625,-5.87625,-5.76625,-1.58625,-0.21625,-0.56625,-0.80625,-0.94625,0.04375,1.36375,2.82375,3.78375,4.55375,4.88375,3.82375,3.26375,3.65375,3.26375,2.49375,0.21375,-1.55625,-2.68625,-3.99625,-5.79625,-6.69625,-8.76625,-10.15625,-11.10625,-1.78625,-3.06625,-2.29625,-1.33625,-1.43625,-1.17625,-1.42625,-2.39625,-1.42625,-1.54625,-3.63625,-2.72625,-2.99625,-4.54625,-4.58625,-5.51625,-6.94625,-3.37625,-4.10625,-4.02625,-2.76625,-1.74625,-2.02625,-1.83625,-0.88625,-0.28625,0.30375,0.97375,1.12375,3.91375,3.21375,-0.07625,-0.63625,-0.30625,-0.34625,-1.46625,-2.02625
-3.26625,-4.92625,-4.45625,-3.87625,-2.13625,-2.02625,-3.12625,-3.59625,-4.12625,-2.45625,-0.43625,1.14375,3.28375,4.81375,5.84375,6.02375,5.17375,5.37375,5.05375,4.43375,2.39375,0.55375,-1.70625,-4.10625,-5.75625,-6.83625,-8.17625,-9.12625,-9.75625,-6.77625,-6.05625,-6.27625,-0.76625,-0.98625,-0.93625,-0.81625,-1.13625,-1.06625,-2.14625,-4.34625,-1.14625,-2.56625,-1.85625,-0.74625,-6.02625,-7.23625,-8.45625,-7.57625,-7.39625,-4.87625,-4.18625,-4.14625,-0.44625,-0.22625,1.37375,2.19375,2.99375,4.14375,3.27375,1.75375,1.04375,-2.49625,-1.80625,-0.92625,-0.68625,-0.25625
-5.11625,-5.98625,-6.80625,-7.14625,-6.51625,-6.33625,-7.78625,-8.57625,-7.90625,-4.88625,-1.70625,1.40375,4.65375,5.88375,7.45375,7.92375,7.47375,6.70375,5.72375,4.86375,4.13375,3.13375,0.37375,-2.07625,-4.43625,-6.26625,-7.40625,-8.07625,-9.14625,-10.41625,0.26375,-11.17625,-8.66625,-1.17625,-1.04625,-0.52625,0.56375,-1.04625,-2.96625,-2.83625,-2.20625,-1.28625,-2.90625,-1.72625,-1.92625,-2.71625,-5.85625,-7.17625,-6.39625,-2.76625,-0.04625,0.55375,1.91375,1.99375,1.34375,2.28375,2.75375,3.66375,3.73375,3.92375,1.00375,-0.23625,-1.61625,-1.54625,4.75375,1.58375
-5.56625,-6.87625,-7.74625,-8.70625,-8.59625,-10.46625,-11.28625,-12.32625,-9.54625,-0.20625,6.38375,9.78375,11.30375,9.95375,10.54375,9.94375,10.21375,9.41375,8.44375,6.78375,3.97375,2.98375,1.74375,-0.54625,-3.02625,-4.79625,-6.24625,-7.61625,-8.10625,-9.90625,-11.72625,-3.95625,-11.03625,-9.41625,-0.97625,-0.67625,-1.77625,-1.85625,0.07375,-1.42625,-1.86625,-2.91625,0.41375,-1.03625,-1.14625,-0.76625,-1.30625,-4.94625,-5.14625,-2.81625,-1.85625,-0.64625,0.11375,-0.30625,-1.42625,1.53375,4.75375,4.62375,4.44375,3.89375,1.92375,1.71375,0.01375,0.38375,1.31375,3.51375
-7.16625,-8.41625,-8.46625,-8.86625,-10.69625,-11.34625,-11.91625,-9.07625,3.02375,9.06375,12.87375,14.01375,13.66375,13.12375,13.59375,13.43375,13.03375,11.42375,9.77375,8.60375,6.50375,3.60375,1.12375,-0.91625,-2.44625,-4.18625,-5.35625,-6.38625,-7.65625,-8.00625,-9.39625,-10.76625,-7.46625,-9.17625,-7.49625,-0.03625,-0.54625,-1.99625,-2.32625,-1.32625,-3.24625,-6.25625,-1.73625,0.49375,-0.44625,-0.23625,0.61375,1.28375,-3.55625,-3.34625,-2.90625,-1.47625,-0.65625,0.19375,-0.18625,0.08375,1.23375,-0.15625,4.22375,4.81375,4.36375,3.58375,2.36375,3.86375,2.97375,2.86375
-8.11625,-8.49625,-8.86625,-9.14625,-10.51625,-12.65625,-10.89625,-7.09625,6.18375,11.38375,12.71375,14.02375,14.27375,15.29375,15.41375,13.97375,13.06375,12.56375,12.51375,10.78375,8.55375,5.26375,2.54375,-0.31625,-1.94625,-3.60625,-4.84625,-5.80625,-5.98625,-7.44625,-8.93625,-9.31625,-10.00625,-8.55625,-13.02625,-2.78625,-1.52625,-4.39625,-0.45625,-1.18625,-0.59625,0.07375,-6.25625,-1.29625,0.23375,-0.47625,-0.53625,0.14375,1.55375,0.85375,-5.79625,-2.94625,-1.21625,-0.87625,-1.31625,-1.77625,-1.73625,-2.58625,-0.33625,3.89375,2.98375,2.62375,2.48375,3.62375,1.97375,2.05375
-7.81625,-8.84625,-9.90625,-9.23625,-10.79625,-11.53625,-10.62625,2.40375,8.80375,11.13375,12.36375,14.30375,14.90375,15.18375,16.36375,16.38375,14.56375,12.42375,9.79375,9.88375,10.32375,7.83375,3.52375,1.43375,-1.26625,-3.02625,-5.07625,-6.46625,-6.79625,-8.25625,-9.78625,-9.59625,-9.49625,-9.79625,-13.23625,-12.51625,-2.28625,-0.43625,-0.34625,-3.16625,-0.07625,0.33375,-4.26625,-5.36625,-0.34625,0.01375,0.56375,0.16375,2.01375,0.29375,-2.25625,-4.13625,-5.60625,-4.43625,-3.05625,-2.78625,-3.27625,-3.24625,-5.14625,-0.27625,2.08375,3.04375,4.26375,4.65375,1.92375,1.65375
-7.52625,-8.15625,-8.90625,-7.63625,-8.42625,-10.59625,-8.62625,1.05375,8.58375,11.67375,12.56375,15.59375,15.48375,15.91375,16.27375,15.79375,14.40375,12.08375,11.28375,8.58375,6.57375,8.10375,6.09375,2.67375,-0.01625,-2.46625,-4.74625,-6.47625,-7.83625,-7.79625,-7.72625,-8.91625,-8.95625,-9.66625,-10.80625,-11.76625,-8.69625,-2.86625,1.46375,-0.07625,0.86375,-1.32625,-0.05625,-2.74625,0.05375,2.22375,1.56375,1.22375,3.32375,0.42375,-5.04625,-5.13625,-2.84625,-1.52625,-2.74625,-3.10625,-3.24625,-2.83625,-6.39625,-4.56625,3.64375,1.90375,3.40375,3.50375,0.64375,1.85375
-6.66625,-7.68625,-7.62625,-7.46625,-6.71625,-7.93625,-6.72625,-2.87625,8.27375,11.91375,12.68375,12.09375,15.22375,15.99375,16.00375,16.23375,14.94375,13.38375,10.71375,7.56375,6.01375,4.14375,5.34375,3.03375,0.24375,-1.68625,-3.81625,-5.84625,-6.98625,-7.66625,-9.06625,-9.54625,-10.16625,-10.43625,-10.41625,-9.82625,-8.65625,-6.82625,-3.08625,0.79375,-0.09625,-1.42625,-0.03625,0.99375,6.55375,5.26375,1.45375,1.49375,2.58375,0.04375,1.96375,1.60375,-1.78625,-3.94625,-4.30625,-2.83625,-3.40625,-3.67625,-4.20625,-3.53625,-1.34625,-0.31625,0.96375,2.91375,2.55375,2.92375
-6.65625,-6.92625,-6.57625,-6.36625,-5.05625,-6.98625,-5.25625,-0.96625,4.56375,7.58375,9.25375,7.67375,15.25375,17.31375,16.39375,16.17375,15.30375,12.71375,10.18375,7.69375,5.03375,2.45375,3.51375,2.85375,1.04375,-1.80625,-3.60625,-5.24625,-6.98625,-7.71625,-8.62625,-9.46625,-9.76625,-9.69625,-10.23625,-9.88625,-8.76625,-8.20625,-4.10625,-1.00625,-0.06625,0.16375,-4.81625,3.96375,1.72375,3.05375,-1.59625,-0.47625,0.35375,0.83375,0.91375,0.90375,0.46375,-2.34625,-1.16625,-0.06625,-1.89625,-2.67625,-5.56625,-5.06625,-3.52625,-2.22625,-2.21625,1.85375,4.01375,5.14375
-6.63625,-6.69625,-5.88625,-5.70625,-5.41625,-6.19625,-4.01625,-0.73625,1.08375,4.41375,5.32375,5.02375,14.74375,17.70375,16.37375,16.06375,14.25375,11.66375,10.01375,7.31375,4.94375,2.82375,0.76375,1.35375,1.53375,-0.68625,-4.20625,-5.51625,-6.55625,-7.50625,-8.17625,-9.58625,-9.97625,-10.29625,-10.87625,-10.09625,-9.36625,-8.54625,-3.77625,1.89375,0.10375,0.41375,-3.49625,-0.44625,-0.86625,0.62375,1.41375,0.78375,0.37375,-0.35625,1.21375,3.27375,2.93375,-1.12625,0.64375,-1.89625,-1.23625,-2.41625,-3.05625,-4.71625,-5.67625,-5.88625,-4.32625,-3.47625,5.99375,3.88375
-6.19625,-5.71625,-5.15625,-5.44625,-5.23625,-5.41625,-3.97625,-2.59625,-0.68625,1.54375,1.81375,2.83375,14.21375,16.38375,15.03375,15.15375,12.58375,10.76375,9.05375,6.31375,4.99375,2.97375,0.18375,-0.75625,-2.56625,-2.05625,-3.45625,-5.89625,-7.46625,-8.40625,-8.99625,-9.72625,-10.15625,-10.90625,-10.60625,-11.16625,-10.27625,-8.93625,-2.46625,-0.03625,-1.72625,-5.93625,-5.37625,-5.05625,-2.05625,-6.19625,-0.76625,0.84375,-0.78625,2.99375,4.27375,6.04375,2.87375,2.37375,-0.19625,4.25375,0.50375,-2.37625,-1.69625,-3.83625,-4.86625,-5.11625,-5.81625,-5.45625,6.07375,6.59375
-6.62625,-7.46625,-6.32625,-4.80625,-5.65625,-5.47625,-4.72625,-4.24625,-2.18625,-1.79625,-1.05625,3.96375,14.99375,13.27375,15.42375,13.30375,11.93375,10.12375,8.35375,6.20375,4.35375,2.20375,0.97375,-2.69625,-3.28625,-5.12625,-4.21625,-5.74625,-7.65625,-8.91625,-10.04625,-10.52625,-10.43625,-11.41625,-11.71625,-12.22625,-11.65625,-10.67625,-0.83625,-0.73625,-2.36625,-4.39625,-7.55625,-7.38625,-5.63625,-3.59625,-5.84625,0.61375,3.19375,4.58375,3.92375,2.56375,1.83375,-0.69625,3.78375,3.96375,3.34375,-0.73625,-2.49625,0.23375,-4.60625,-6.27625,-5.82625,-3.19625,6.04375,5.55375
-5.35625,-4.88625,-3.70625,-5.71625,-5.54625,-5.74625,-5.01625,-4.86625,-3.49625,-3.16625,-3.64625,13.63375,12.79375,13.35375,13.59375,12.75375,10.03375,8.33375,7.60375,5.93375,4.14375,2.11375,-0.37625,-2.69625,-4.71625,-6.20625,-7.21625,-6.81625,-7.84625,-8.04625,-8.06625,-10.14625,-11.10625,-12.22625,-12.47625,-13.67625,-15.60625,-19.56625,-1.17625,-3.18625,-2.34625,-2.93625,-0.47625,-3.00625,-3.27625,-4.79625,-0.15625,0.28375,0.83375,-0.69625,-0.09625,0.31375,0.49375,-0.22625,1.92375,3.32375,1.79375,1.75375,0.99375,-2.54625,-5.88625,-6.10625,-6.48625,-0.47625,5.71375,6.48375
-3.77625,-5.10625,-5.86625,-5.87625,-5.33625,-5.80625,-6.34625,-4.60625,-5.17625,-5.81625,6.01375,12.93375,11.76375,13.70375,12.68375,9.92375,8.21375,7.31375,6.68375,5.47375,3.94375,1.75375,-0.09625,-3.00625,-4.89625,-5.75625,-7.36625,-8.35625,-8.65625,-8.76625,-6.32625,-8.52625,-11.84625,-13.13625,-14.67625,-17.25625,-20.23625,-24.37625,-0.96625,-2.80625,-2.83625,-3.86625,-2.65625,-3.37625,-2.70625,-0.04625,1.42375,1.15375,0.39375,1.44375,0.97375,3.38375,-0.19625,1.80375,2.93375,1.52375,2.94375,1.76375,-3.92625,-5.39625,-5.86625,-6.08625,-5.95625,0.45375,6.36375,6.22375
-5.24625,-5.76625,-5.90625,-5.40625,-7.25625,-4.84625,-5.43625,-6.40625,-6.38625,-5.37625,11.38375,11.11375,9.99375,11.18375,8.71375,6.60375,6.76375,6.41375,5.31375,4.46375,2.96375,1.20375,-0.42625,-1.83625,-3.85625,-5.39625,-6.23625,-7.45625,-8.53625,-8.94625,-8.66625,-9.63625,-12.05625,-12.95625,-15.14625,-18.19625,-20.48625,-21.81625,-3.16625,-1.69625,1.95375,-0.26625,-2.00625,-0.49625,-0.32625,1.22375,2.06375,1.73375,0.42375,0.21375,-0.12625,2.11375,-0.64625,0.79375,0.56375,2.84375,-0.22625,4.71375,-0.32625,-4.07625,-5.52625,-6.28625,-3.49625,3.32375,5.39375,5.25375
-6.02625,-6.25625,-4.83625,-4.32625,-5.28625,-5.72625,-6.37625,-7.27625,-6.54625,9.57375,10.57375,8.62375,9.64375,9.02375,6.23375,5.85375,5.80375,6.22375,5.47375,4.06375,2.60375,0.93375,-0.46625,-1.88625,-3.55625,-4.66625,-5.81625,-6.81625,-7.79625,-9.20625,-10.95625,-11.82625,-12.60625,-13.89625,-15.77625,-18.45625,-21.41625,-21.71625,-17.93625,0.03375,-1.54625,1.92375,5.10375,2.38375,0.83375,0.97375,0.14375,0.46375,-0.70625,-0.71625,1.64375,1.89375,1.06375,2.58375,1.82375,0.50375,0.85375,0.26375,-2.50625,-6.55625,-7.26625,-4.41625,2.59375,3.50375,5.47375,5.06375
-4.79625,-4.57625,-4.51625,-5.32625,-6.04625,-7.07625,-7.16625,-4.96625,6.23375,9.47375,7.43375,7.71375,8.58375,5.23375,4.44375,4.32375,5.46375,5.32375,4.68375,3.14375,1.85375,0.49375,-0.53625,-1.83625,-3.11625,-4.33625,-5.69625,-6.89625,-8.06625,-9.52625,-10.63625,-11.50625,-12.75625,-14.40625,-17.04625,-19.18625,-19.42625,-20.24625,-19.17625,1.10375,1.74375,-3.64625,1.95375,1.98375,-2.27625,-3.37625,-0.21625,4.80375,5.03375,4.51375,2.53375,4.02375,6.32375,0.55375,0.79375,-0.34625,1.57375,0.40375,-3.53625,-2.15625,-2.54625,3.44375,8.78375,7.19375,5.86375,5.84375
-5.18625,-4.36625,-5.58625,-6.82625,-8.61625,-8.58625,-1.05625,5.68375,8.12375,7.13375,5.71375,7.13375,5.39375,3.06375,2.46375,3.84375,4.31375,3.48375,2.17375,0.76375,0.00375,-1.08625,-1.77625,-2.66625,-3.79625,-5.07625,-6.26625,-7.46625,-8.76625,-9.68625,-10.47625,-11.78625,-13.23625,-14.85625,-16.37625,-17.70625,-18.48625,-17.88625,-14.77625,-5.23625,2.71375,1.05375,-2.79625,1.02375,-1.01625,1.96375,2.02375,1.86375,1.77375,4.90375,2.84375,2.47375,0.31375,0.99375,0.52375,0.84375,-0.55625,-1.56625,-0.42625,-0.24625,1.34375,5.76375,7.95375,4.97375,4.18375,3.60375
-5.65625,-6.91625,-7.74625,-8.47625,-8.11625,2.12375,7.11375,7.65375,6.85375,5.19375,4.50375,4.92375,2.40375,2.01375,2.69375,3.21375,2.99375,2.52375,1.76375,0.16375,-0.79625,-2.25625,-3.14625,-3.65625,-4.90625,-5.70625,-6.30625,-7.41625,-8.49625,-9.40625,-10.47625,-11.59625,-12.67625,-14.30625,-16.01625,-16.82625,-16.63625,-15.41625,-12.00625,-5.53625,1.49375,1.26375,0.94375,1.26375,-0.12625,1.37375,4.13375,4.95375,5.24375,5.57375,2.66375,3.27375,2.27375,0.84375,2.85375,0.07375,0.13375,0.91375,-1.20625,0.13375,3.72375,7.35375,8.91375,7.13375,5.16375,3.68375
-6.54625,-7.54625,-7.65625,-7.24625,-0.80625,7.63375,5.91375,7.48375,5.32375,3.62375,3.72375,2.67375,1.41375,1.52375,1.96375,1.69375,1.71375,1.51375,1.59375,0.20375,-0.56625,-2.29625,-3.16625,-3.92625,-4.95625,-6.07625,-7.37625,-8.94625,-10.23625,-10.55625,-10.94625,-11.97625,-12.93625,-14.38625,-15.30625,-15.13625,-14.72625,-13.85625,-11.68625,-5.71625,0.78375,2.74375,1.19375,-0.66625,7.01375,3.62375,1.40375,2.27375,5.72375,5.89375,2.75375,5.77375,3.67375,2.45375,-0.40625,-1.36625,-3.91625,-3.44625,-1.36625,1.25375,1.48375,2.68375,6.36375,6.34375,4.15375,2.75375
-8.20625,-6.74625,-4.07625,-2.07625,3.48375,4.63375,7.26375,5.76375,2.65375,2.35375,1.64375,1.27375,0.39375,0.72375,1.06375,1.52375,1.24375,1.21375,-0.38625,-1.22625,-1.88625,-1.78625,-2.36625,-3.65625,-5.40625,-7.01625,-8.18625,-9.48625,-10.46625,-10.92625,-10.92625,-11.76625,-12.38625,-13.04625,-13.68625,-13.84625,-13.14625,-12.07625,-9.69625,-4.12625,0.58375,1.44375,1.20375,0.19375,1.26375,-0.27625,1.67375,2.97375,7.07375,2.93375,2.39375,1.63375,2.74375,-0.25625,-1.21625,1.00375,-1.03625,-1.93625,-2.49625,-1.54625,-0.57625,2.82375,6.77375,5.00375,4.42375,3.65375
-6.31625,-1.58625,-0.88625,1.04375,4.02375,2.94375,6.03375,3.43375,0.48375,1.29375,1.04375,0.18375,-0.21625,-0.01625,0.56375,0.95375,0.49375,0.87375,-0.22625,-0.66625,-0.81625,-3.41625,-3.86625,-4.15625,-4.45625,-5.96625,-7.83625,-9.02625,-9.70625,-9.63625,-9.76625,-10.75625,-11.32625,-11.89625,-12.45625,-11.92625,-10.87625,-10.19625,-7.41625,-2.17625,0.50375,0.57375,0.95375,1.19375,0.09375,0.27375,0.89375,4.82375,0.97375,0.83375,1.30375,-0.29625,-1.07625,-0.50625,-1.71625,-0.51625,0.18375,-4.46625,-3.08625,-1.13625,2.34375,6.07375,5.27375,6.32375,5.76375,4.07375
