static/data/gfs.t00z.pgrb2.1p00.f16.json
{"header": {"discipline":0,"disciplineName":"Meteorological products","gribEdition":2,"gribLength":80480,"center":7,"centerName":"US National Weather Service - NCEP(WMC)","subcenter":0,"refTime":"2019-06-20T00:00:00.000Z","significanceOfRT":1,"significanceOfRTName":"Start of forecast","productStatus":0,"productStatusName":"Operational products","productType":1,"productTypeName":"Forecast products","productDefinitionTemplate":0,"productDefinitionTemplateName":"Analysis/forecast at horizontal level/layer at a point in time","parameterCategory":2,"parameterCategoryName":"Momentum","parameterNumber":2,"parameterNumberName":"U-component_of_wind","parameterUnit":"m.s-1","genProcessType":2,"genProcessTypeName":"Forecast","forecastTime":24,"surface1Type":100,"surface1TypeName":"Isobaric surface","surface1Value":100000.0,"surface2Type":255,"surface2TypeName":"Missing","surface2Value":0.0,"gridDefinitionTemplate":0,"gridDefinitionTemplateName":"Latitude_Longitude","numberPoints":65160,"shape":6,"shapeName":"Earth spherical with radius of 6,371,229.0 m","gridUnits":"degrees","resolution":48,"winds":"true","scanMode":0,"nx":360,"ny":181,"basicAngle":0,"lo1":0.0,"la1":90.0,"lo2":359.0,"la2":-90.0,"dx":1.0,"dy":1.0}, "data":
[rows 100 to 124 of 181, columns 174 to 231 of 360]
-8.976121,-9.016121,-8.476121,-7.7861204,-8.346121,-6.866121,-6.616121,-6.1861205,-5.0561204,-2.6361206,-3.7761207,-3.5461206,-3.9861207,-4.3561206,-3.0661206,-1.6761206,-1.2461206,-0.74612063,-0.7861206,-0.9061206,-0.44612062,-0.5461206,-1.1361206,-0.80612063,-1.5761206,-1.0061206,-0.1661206,-0.6261206,-0.7961206,-2.0161207,-0.5161206,-1.0461206,-2.3061206,-2.0861206,-4.4861207,-3.9761207,-3.5161207,-3.9961207,-4.2461205,-4.8161206,-6.3961205,-6.5661206,-5.636121,-7.346121,-6.9661207,-6.8261204,-7.6661205,-7.7261205,-8.436121,-8.81612,-8.73612,-8.65612,-8.86612,-9.226121,-8.99612,-8.31612,-8.52612,-9.596121
-8.65612,-8.86612,-8.4561205,-7.7461205,-7.4861207,-7.1261206,-8.006121,-7.1261206,-7.5461206,-6.1061206,-4.9361205,-3.9961207,-4.4561205,-3.5961206,-3.1661205,-2.0161207,-0.3361206,0.1338794,0.30387938,0.4638794,0.093879394,0.3738794,0.1438794,-0.7961206,-0.3461206,-0.016120605,-0.4261206,-0.3461206,-0.23612061,0.2638794,-0.3161206,0.2638794,-0.14612061,-1.1061206,-2.3161206,-3.5661206,-1.1461205,-3.3161206,-3.6461205,-5.8161206,-5.2861204,-6.9961205,-6.5661206,-6.866121,-7.0661206,-7.3961205,-7.4561205,-7.3061204,-8.90612,-8.346121,-9.336121,-8.856121,-8.28612,-8.546121,-7.9661207,-8.256121,-9.176121,-10.546121
-8.476121,-8.726121,-9.15612,-7.9561205,-7.6661205,-7.1761208,-7.6261206,-7.5361204,-7.7161207,-7.906121,-7.596121,-5.4261208,-3.7161207,-3.4361205,-2.1961205,-0.6761206,-0.7961206,1.0338794,2.1938794,1.1738794,2.9838793,1.7538794,0.5638794,-0.6861206,-0.4261206,0.053879395,-1.1961206,-0.74612063,-0.80612063,-1.2061206,0.4938794,0.9338794,0.5638794,-0.5461206,-1.2561206,-0.9461206,-2.4761207,-3.2961206,-5.4961205,-5.4261208,-4.5461206,-5.0361204,-5.9461207,-6.8161206,-6.2661204,-7.2361207,-7.6061206,-8.506121,-8.11612,-8.216121,-7.8361206,-7.7461205,-7.4561205,-7.0161204,-6.8561206,-11.046121,-11.466121,-10.9561205
-8.606121,-8.716121,-8.386121,-8.226121,-7.656121,-7.616121,-8.056121,-7.6461205,-7.1261206,-8.31612,-7.9661207,-7.6061206,-6.3161206,-2.8661206,-4.5061207,-3.1461205,-3.3461206,-1.6561207,-1.4461206,0.043879393,0.4138794,-0.026120605,-0.4861206,-0.35612062,-0.3961206,0.5438794,0.3738794,0.043879393,-0.2261206,0.7438794,2.0438795,1.7138793,0.9638794,0.0838794,0.1338794,-1.3261206,-1.8461206,-3.0761206,-4.0761204,-4.2661204,-3.5361207,-4.346121,-3.9061205,-5.2261205,-5.7661204,-6.8961205,-6.5161204,-7.6061206,-7.5861206,-7.0661206,-6.906121,-6.4761205,-6.5661206,-6.5861206,-10.90612,-11.9561205,-11.716121,-10.49612
-8.02612,-9.686121,-8.466121,-8.166121,-7.2361207,-7.9761205,-8.56612,-7.7861204,-7.7961206,-7.7061205,-8.056121,-7.096121,-6.9561205,-6.6461205,-5.5661206,-4.2461205,-4.7061205,-3.7461207,-4.4461207,-3.9361205,-3.0961206,-3.3361206,-1.8061206,-0.8961206,-0.1361206,-1.7261206,-0.8361206,1.3438793,1.0538794,2.0438795,2.2838793,3.5438795,2.6538794,1.1938794,0.9338794,0.10387939,-0.5661206,-1.9461206,-2.7061205,-2.9361205,-2.6461205,-3.7161207,-3.1161206,-4.386121,-4.2261205,-6.0661206,-7.4861207,-8.186121,-6.8561206,-6.0761204,-5.406121,-5.5061207,-5.1261206,-8.82612,-11.86612,-11.766121,-11.81612,-10.7061205
-7.9861207,-8.506121,-8.03612,-7.9161205,-7.0761204,-8.306121,-8.27612,-8.02612,-8.15612,-8.99612,-8.99612,-8.11612,-7.7761207,-7.1861205,-6.1461205,-6.6461205,-6.6861205,-6.2061205,-5.7761207,-4.5461206,-3.6961205,-4.866121,-5.2961206,-4.7961206,-3.1761205,-4.0061207,-3.6961205,-2.7261207,-0.6861206,1.9338794,4.3338795,4.7338796,5.0138793,3.6738794,2.1338794,1.9738793,0.3138794,-1.0461206,-2.0161207,-2.6261206,-1.9061207,-3.0161207,-2.3961205,-3.8561206,-4.9861207,-5.0761204,-5.6061206,-6.1761208,-5.3161206,-5.6761208,-4.3561206,-3.9661207,-7.2961206,-10.426121,-12.86612,-12.086121,-10.98612,-9.99612
-6.7261205,-8.36612,-9.24612,-8.296121,-5.7961206,-7.9561205,-8.426121,-8.916121,-8.676121,-9.266121,-9.556121,-10.11612,-9.006121,-9.23612,-8.756121,-7.406121,-6.8761206,-7.0461206,-6.7061205,-6.2961206,-5.8761206,-5.1961207,-5.7161207,-6.0561204,-6.7161207,-6.4261208,-5.366121,-4.7761207,-3.4061205,-0.4861206,2.1138794,4.7438793,7.2938795,6.093879,3.6238794,2.2938795,0.75387937,0.4138794,-0.7161206,-2.8161206,-2.5161207,-2.5761206,-4.0261207,-4.5561204,-4.2561207,-5.096121,-5.6661205,-4.9861207,-4.3261204,-3.3661206,-2.7461207,-5.6461205,-11.016121,-12.49612,-12.516121,-12.106121,-10.06612,-10.186121
-6.2861204,-5.8361206,-7.656121,-9.006121,-8.466121,-9.2061205,-8.876121,-9.44612,-8.90612,-8.926121,-9.32612,-9.146121,-9.386121,-9.016121,-9.756121,-9.81612,-8.556121,-7.5361204,-6.1761208,-7.5761204,-6.7361207,-5.2061205,-5.5161204,-5.7261205,-5.156121,-4.4661207,-4.136121,-4.0461206,-2.4861207,-1.6961206,0.4638794,2.7338793,5.903879,8.733879,6.113879,3.2538793,2.8638794,0.6738794,-0.8761206,-2.3561206,-2.9661207,-1.8061206,-2.0061207,-3.3461206,-3.5861206,-5.4761205,-4.9261208,-3.8061206,-3.0061207,-4.2461205,-7.2461205,-10.346121,-10.78612,-12.556121,-11.176121,-11.686121,-11.216121,-9.546121
-6.2061205,-6.0861206,-7.4761205,-4.4261208,-2.4461205,-8.936121,-9.24612,-8.9561205,-8.376121,-8.886121,-9.31612,-9.07612,-8.9561205,-8.7061205,-9.436121,-9.846121,-8.03612,-7.9461207,-7.7661204,-6.656121,-6.4861207,-6.4361205,-6.8761206,-5.7961206,-5.656121,-3.4461205,-1.8161206,-0.1961206,-0.6661206,-2.2361207,0.8738794,2.7838793,4.5838795,8.143879,10.25388,5.5038795,2.0738795,0.3238794,-0.2861206,-1.5261207,-1.9561206,-0.7061206,-2.2261207,-2.7761207,-4.1861205,-3.9861207,-3.1661205,-3.9761207,-4.0461206,-5.7961206,-7.7661204,-10.2061205,-12.666121,-11.27612,-13.096121,-11.726121,-10.15612,-10.136121
-5.2761207,-5.5461206,-5.9361205,-7.116121,-7.7561207,-8.396121,-8.626121,-7.6261206,-8.586121,-9.386121,-9.256121,-8.86612,-8.836121,-9.096121,-9.266121,-9.2061205,-8.61612,-7.616121,-6.8561206,-7.616121,-6.6761208,-6.0561204,-4.2661204,-3.6961205,-3.4461205,-3.7961206,-1.9961206,-0.3661206,0.3438794,-0.55612063,1.9838794,3.8838794,5.8538795,6.8138795,11.533879,9.80388,2.1738794,0.5838794,-1.6061206,-1.0961206,-0.5361206,-0.10612061,-1.5261207,-3.3561206,-3.7461207,-3.8161206,-4.116121,-4.4361205,-5.4861207,-7.6461205,-9.52612,-12.53612,-13.02612,-12.466121,-11.61612,-10.86612,-10.806121,-11.256121
-4.6261206,-4.6961207,-5.2461205,-4.0461206,-8.586121,-8.74612,-7.4461207,-9.19612,-10.15612,-9.376121,-9.266121,-9.106121,-9.806121,-9.56612,-9.426121,-8.006121,-8.306121,-7.1761208,-6.8361206,-7.3361206,-7.2661204,-6.846121,-6.0361204,-4.9761205,-4.6861205,-3.6261206,-2.7861207,0.4738794,1.4038794,2.7838793,-0.046120606,3.0538795,5.7838793,7.0838795,9.163879,8.453879,2.7338793,1.6138794,0.0038793946,-1.0861206,-0.016120605,-0.4361206,-0.7161206,-1.4261206,-3.5361207,-5.1861205,-3.0461206,-7.4661207,-8.096121,-10.49612,-12.686121,-13.53612,-13.626121,-12.07612,-10.78612,-10.65612,-10.77612,-9.31612
-4.6861205,-4.2761207,-4.4261208,-5.2361207,-8.27612,-8.046121,-9.32612,-10.03612,-9.78612,-9.266121,-9.23612,-8.48612,-8.886121,-8.40612,-8.77612,-8.886121,-8.27612,-8.426121,-7.7261205,-7.0261207,-6.8961205,-8.176121,-7.1761208,-6.156121,-5.0061207,-4.596121,-3.2761207,-1.0361207,-1.3461206,0.39387938,2.0238793,2.6538794,1.0938793,5.4738793,11.073879,5.0838795,0.94387937,-0.2661206,-0.2961206,-0.6361206,-0.8961206,-0.80612063,-0.9361206,-2.3761206,-4.0661206,-5.116121,-7.5161204,-8.646121,-11.98612,-13.346121,-12.94612,-11.90612,-12.106121,-12.11612,-11.796121,-12.126121,-11.396121,-11.336121
-4.4661207,-4.7461205,-4.2461205,-6.4461207,-8.126121,-8.306121,-9.65612,-9.876121,-8.676121,-8.2061205,-8.646121,-11.166121,-10.876121,-8.82612,-8.386121,-8.61612,-9.15612,-9.65612,-9.24612,-8.52612,-7.9361205,-7.2261205,-7.7761207,-7.6461205,-7.9761205,-6.1861205,-5.2561207,-4.5761204,-3.4161205,-2.4361205,2.2338793,-0.5861206,2.4438794,2.3038795,-3.4061205,-4.4761205,-1.4761206,-3.1661205,1.0638794,-1.6361206,-1.8661206,-2.0161207,1.2638794,-5.3361206,-7.3961205,-12.31612,-11.78612,-12.02612,-10.926121,-12.73612,-12.506121,-14.32612,-12.466121,-10.65612,-11.016121,-10.4561205,-11.046121,-11.48612
-3.0161207,-3.5961206,-3.5461206,-5.5261207,-7.4261208,-7.7361207,-9.03612,-9.256121,-7.116121,-9.056121,-10.646121,-9.726121,-9.046121,-8.896121,-10.016121,-9.646121,-9.28612,-9.176121,-8.166121,-8.186121,-8.48612,-7.366121,-7.616121,-6.6061206,-6.4661207,-5.616121,-5.7061205,-5.0661206,-4.5061207,-3.2061205,-1.7361206,-0.8761206,-4.116121,-0.8561206,1.0438794,-4.6761208,-7.5861206,-1.7261206,-7.4461207,-3.2461207,-0.6161206,-3.4461205,-5.8361206,-10.9561205,-13.686121,-13.186121,-10.796121,-10.876121,-11.31612,-13.106121,-13.976121,-13.07612,-11.52612,-11.2061205,-12.096121,-11.74612,-11.73612,-10.926121
-3.6661205,-4.2361207,-6.1861205,-5.5761204,-6.1061206,-7.6061206,-9.096121,-7.4161205,-8.61612,-10.896121,-9.546121,-9.02612,-8.61612,-8.77612,-8.936121,-8.516121,-8.48612,-8.546121,-7.7461205,-6.9761205,-7.2861204,-7.3261204,-5.8961205,-5.3261204,-5.7161207,-4.8561206,-4.8361206,-5.096121,-5.2261205,-3.4761207,-2.6061206,1.1938794,-2.6861205,-4.4361205,-1.1261206,-1.9661206,-6.3761206,-5.596121,-4.2561207,-5.8761206,-5.0761204,-5.2061205,-12.86612,-13.426121,-13.166121,-11.726121,-10.4561205,-9.98612,-11.32612,-13.976121,-13.61612,-12.756121,-12.766121,-13.15612,-12.516121,-10.886121,-9.636121,-9.126121
-3.1361206,-4.0461206,-3.3961205,-2.7761207,-6.2461205,-7.2061205,-8.296121,-9.296121,-10.02612,-9.02612,-8.69612,-8.78612,-8.676121,-9.56612,-9.226121,-8.7061205,-7.8561206,-7.4561205,-7.2061205,-7.1861205,-6.8761206,-6.7061205,-6.5161204,-5.6961207,-4.2461205,-3.3261206,-4.0461206,-4.3961205,-4.0761204,-3.8361206,-2.8661206,-2.6261206,-1.5461206,-1.9761206,-2.0761206,-0.7161206,-2.0161207,0.75387937,-0.55612063,-2.2061205,-3.1861205,-11.226121,-11.836121,-11.886121,-11.03612,-10.086121,-9.99612,-11.36612,-12.356121,-13.53612,-13.266121,-12.926121,-11.716121,-11.81612,-11.186121,-9.716121,-8.356121,-8.686121
-2.7961206,-0.7061206,-1.0961206,-1.7761207,-5.8761206,-9.016121,-9.676121,-9.966121,-8.9561205,-8.096121,-8.57612,-8.546121,-8.99612,-9.766121,-8.596121,-8.356121,-7.2261205,-6.9361205,-7.0261207,-6.8161206,-5.4761205,-5.2561207,-5.2961206,-5.906121,-5.0261207,-5.3761206,-4.2561207,-2.8561206,-2.9561205,-2.7861207,-3.1861205,-3.0761206,-2.9261205,0.6238794,0.3738794,2.2338793,0.1638794,1.1838794,2.3738794,0.2238794,-6.5161204,-12.306121,-11.19612,-10.98612,-10.676121,-8.31612,-9.186121,-10.966121,-12.416121,-13.136121,-12.926121,-11.716121,-11.556121,-11.336121,-10.256121,-9.666121,-8.82612,-8.346121
-1.1861206,0.6038794,0.6038794,-0.12612061,-7.2461205,-7.6061206,-8.11612,-9.856121,-7.7861204,-7.6461205,-7.9361205,-7.7561207,-8.396121,-8.2061205,-7.4461207,-6.3561206,-7.0361204,-6.2861204,-6.4561205,-6.3061204,-5.9361205,-6.1961207,-5.7061205,-4.6661205,-4.906121,-3.8461206,-2.8361206,-2.9761207,-2.9761207,-1.3161206,-2.3961205,-2.3961205,-2.2561207,-1.6161206,3.2438793,4.5738792,1.4438794,3.9138794,6.2238793,-4.1961207,-8.846121,-10.19612,-10.126121,-9.4561205,-9.056121,-9.106121,-10.506121,-11.936121,-12.48612,-12.23612,-12.046121,-10.916121,-11.40612,-10.40612,-8.9561205,-9.086121,-7.3161206,-7.0461206
-0.07612061,0.4038794,2.0138793,-0.9161206,-6.6661205,-6.9961205,-7.7561207,-8.126121,-8.146121,-6.7161207,-6.156121,-7.156121,-7.0261207,-6.846121,-7.2261205,-6.3261204,-7.1861205,-6.7461205,-5.6861205,-5.1961207,-5.6761208,-5.8161206,-5.5861206,-5.2961206,-5.0161204,-3.8161206,-2.9061205,-2.2561207,-1.6061206,-0.3161206,-0.7661206,-0.5861206,-0.4861206,-0.5061206,-0.9161206,0.10387939,3.7338793,6.7038794,3.1438794,2.0038793,-7.2561207,-9.03612,-8.136121,-8.4561205,-9.006121,-9.466121,-11.766121,-11.2061205,-10.106121,-10.516121,-11.386121,-10.356121,-9.166121,-9.256121,-8.876121,-7.906121,-7.6461205,-6.3061204
1.3538795,1.7638794,2.7538793,-1.6861206,-6.4161205,-8.23612,-5.6061206,-7.4761205,-7.5561204,-6.5361204,-6.2761207,-6.3261204,-5.7861204,-7.2261205,-7.2461205,-6.4561205,-5.4161205,-5.4461207,-5.1461205,-5.8761206,-4.6661205,-4.7961206,-4.2161207,-3.8261206,-3.6961205,-3.3661206,-1.8261206,-1.4661206,0.23387939,0.3138794,1.1438794,1.4038794,1.3438793,1.1738794,0.9738794,0.3838794,4.5538793,6.5038795,4.4138794,-0.9161206,-5.5161204,-7.3561206,-6.5261207,-7.4161205,-8.2061205,-8.52612,-8.796121,-8.77612,-8.90612,-9.606121,-9.666121,-8.356121,-8.23612,-8.296121,-9.346121,-9.136121,-8.9561205,-7.6661205
2.2238793,3.1038795,4.5238795,-6.1461205,-9.046121,-6.8561206,-5.8961205,-6.4561205,-5.2061205,-6.3261204,-4.5861206,-6.6961207,-6.656121,-7.2361207,-5.346121,-4.2661204,-5.3761206,-3.6861205,-5.1861205,-4.8561206,-3.2861207,-4.2961206,-3.0661206,-2.0161207,-1.2361206,-0.44612062,-1.5561206,0.10387939,0.6238794,1.2438794,1.5238794,2.4538794,2.5438795,2.9938793,1.0438794,1.4538794,-0.1961206,-1.3561206,8.613879,2.2938795,-5.8161206,-5.7561207,-5.6961207,-6.2661204,-6.5761204,-5.6961207,-5.9461207,-6.9661207,-6.6761208,-8.586121,-8.716121,-7.3761206,-7.0361204,-8.40612,-8.676121,-7.2561207,-6.7261205,-5.4561205
2.5138793,0.6338794,-4.9261208,-7.156121,-7.4661207,-6.4961205,-4.596121,-3.2461207,-4.7661204,-4.0461206,-6.906121,-6.0461206,-4.9961205,-5.5661206,-4.3161206,-7.3961205,-5.8361206,-5.6661205,-4.656121,-4.1861205,-4.7961206,-2.7061205,-2.1961205,-1.2661206,-2.1161206,-1.5861206,-0.5761206,-0.4361206,1.7738794,2.3438795,3.7538793,3.2438793,4.383879,4.6938796,3.5238793,2.8038795,2.3438795,-0.7861206,-1.1061206,5.883879,-1.7561206,-4.7661204,-5.1861205,-4.6461205,-3.4861207,-3.4461205,-3.2061205,-6.2661204,-8.596121,-8.886121,-7.2161207,-7.1061206,-6.9961205,-7.096121,-8.606121,-7.0261207,-6.6261206,-7.4961205
1.4938794,0.6838794,-0.2561206,-5.2661204,-6.2161207,-5.4261208,-2.6561205,-4.1661205,-4.1461205,-6.3561206,-4.7861204,-5.2161207,-4.4361205,-6.116121,-6.3061204,-4.6861205,-3.6061206,-5.4161205,-3.3161206,-3.8361206,-2.3461206,-2.7861207,-1.5261207,-2.2861207,0.2438794,-1.2861207,1.0338794,1.7538794,2.2138793,3.6038795,5.7238793,5.093879,5.593879,4.6738796,5.2338796,3.6138794,3.9238794,2.1538794,0.8838794,3.3238795,1.1238794,-3.3561206,-3.9661207,-3.3361206,-1.7061206,-2.4761207,-3.6661205,-6.9761205,-7.8061204,-6.0761204,-6.2661204,-8.216121,-6.8161206,-5.5061207,-7.5261207,-6.9561205,-5.9461207,-5.6261206
2.0538795,1.7638794,0.8738794,-3.8861206,-5.1261206,-6.2161207,-2.4361205,-3.4261205,-7.3761206,-6.6461205,-2.7561207,-3.2461207,-3.7561207,-3.6361206,-4.5361204,-3.1161206,-4.6761208,-3.1761205,-4.3561206,-3.4661207,-2.5861206,-2.6961205,-1.5761206,-0.8161206,-0.7161206,0.6338794,0.7938794,1.9138794,2.9438794,4.383879,4.9738793,7.9338794,6.3538795,6.2838793,5.8738794,5.7838793,4.0238795,3.1738794,3.9338794,3.2138793,4.4238796,-3.3861206,-1.6661206,-1.5161206,-1.2161206,-0.4761206,-2.3961205,-7.0361204,-7.0461206,-5.0361204,-5.7961206,-6.5661206,-6.0361204,-6.9961205,-5.6661205,-6.2661204,-5.346121,-5.2061205
5.7138796,2.8638794,2.2338793,-0.8561206,-2.4561205,-3.1861205,-3.7861207,-1.0561206,-2.5961206,-3.2561207,-2.4861207,-2.2661207,-2.7361207,-3.5361207,-3.7061205,-5.406121,-5.2161207,-2.6361206,-2.8161206,-2.9461205,-2.8161206,-2.2161207,-1.0561206,-0.5061206,-0.80612063,0.9938794,1.6238794,2.0438795,3.9238794,5.3138795,6.7238793,6.8938794,8.55388,7.9838796,7.653879,5.5738792,3.9638793,3.4138794,4.343879,5.7838793,3.8738794,3.6338794,-0.9261206,-0.036120605,0.7938794,0.2238794,-2.4361205,-4.6961207,-4.4361205,-3.1261206,-4.4661207,-4.5261207,-5.636121,-6.1961207,-5.2261205,-5.0361204,-4.1761208,-4.3961205
