static/data/gfs.t00z.pgrb2.1p00.f0.json
{"header": {"discipline":0,"disciplineName":"Meteorological products","gribEdition":2,"gribLength":80074,"center":7,"centerName":"US National Weather Service - NCEP(WMC)","subcenter":0,"refTime":"2019-06-20T00:00:00.000Z","significanceOfRT":1,"significanceOfRTName":"Start of forecast","productStatus":0,"productStatusName":"Operational products","productType":1,"productTypeName":"Forecast products","productDefinitionTemplate":0,"productDefinitionTemplateName":"Analysis/forecast at horizontal level/layer at a point in time","parameterCategory":2,"parameterCategoryName":"Momentum","parameterNumber":3,"parameterNumberName":"V-component_of_wind","parameterUnit":"m.s-1","genProcessType":2,"genProcessTypeName":"Forecast","forecastTime":0,"surface1Type":100,"surface1TypeName":"Isobaric surface","surface1Value":100000.0,"surface2Type":255,"surface2TypeName":"Missing","surface2Value":0.0,"gridDefinitionTemplate":0,"gridDefinitionTemplateName":"Latitude_Longitude","numberPoints":65160,"shape":6,"shapeName":"Earth spherical with radius of 6,371,229.0 m","gridUnits":"degrees","resolution":48,"winds":"true","scanMode":0,"nx":360,"ny":181,"basicAngle":0,"lo1":0.0,"la1":90.0,"lo2":359.0,"la2":-90.0,"dx":1.0,"dy":1.0}, "data":
[rows 78 to 103 of 181, columns 240 to 299 of 360]
-0.74242187,1.2375782,2.9375782,3.527578,5.237578,6.057578,5.417578,4.5675783,1.3775781,0.8275781,-1.3024219,-2.8024218,-3.662422,-4.1024218,-5.342422,-2.672422,-2.3424218,-2.0424218,-1.8224219,-1.8124219,-1.7524219,-2.0624218,-2.412422,-2.462422,-3.3424218,-4.312422,-4.312422,-4.152422,-3.912422,-0.8524219,0.15757813,2.307578,-0.37242186,-0.8624219,-0.6424219,-2.0024219,-1.4624219,-4.002422,-3.702422,-3.5124218,-2.642422,-3.8124218,-4.502422,-5.422422,-5.542422,-5.6824217,-5.612422,-5.422422,-2.0324218,-2.5424218,0.7875781,0.007578125,-1.5724219,-2.7424219,-2.722422,-1.2224219,1.6775781,4.097578,2.047578,0.8275781
3.2675781,5.257578,5.407578,6.167578,6.167578,4.3975782,4.0475783,1.5675781,0.9175781,-0.5424219,-2.442422,-4.242422,-4.562422,-4.652422,-5.782422,-4.152422,-3.3524218,-2.4924219,-2.8424218,-2.862422,-2.5324218,-3.1024218,-3.7424219,-3.1024218,-2.5324218,-3.612422,-3.8124218,-4.2024217,-3.142422,-2.5924218,-3.0624218,-2.2624218,-2.7324219,-5.632422,-3.942422,1.7975781,-0.29242188,-1.8824219,-3.8024218,-3.192422,-3.612422,-3.902422,-5.692422,-6.002422,-7.242422,-6.732422,-0.7024219,-1.4224219,-3.0624218,-2.912422,0.31757814,0.4375781,-2.0124218,-2.2724218,-3.412422,-4.8524218,-0.56242186,2.057578,1.1975781,1.3475782
8.907578,6.237578,6.1075783,5.827578,6.077578,4.257578,2.9575782,1.3375782,0.94757813,-0.22242187,-2.7824218,-2.5924218,-4.7024217,-7.032422,-6.282422,-5.732422,-3.2724218,-3.2724218,-4.422422,-4.092422,-3.8224218,-3.7624218,-2.7924218,-2.212422,-2.702422,-2.2624218,-2.722422,-3.0324218,-2.672422,-3.122422,-4.322422,-5.032422,-6.172422,-4.882422,2.597578,1.9975781,-0.7924219,1.3875781,-2.462422,-5.082422,-4.172422,-4.332422,-4.1824217,-3.5624218,-6.1424217,-0.5224219,-1.3924218,-0.18242188,-1.2224219,0.68757814,2.1675782,-0.63242185,-0.7224219,-1.8424219,-1.7224219,-1.6924219,-0.3424219,-1.1324219,0.7675781,1.5475781
4.767578,5.1275783,3.577578,6.537578,7.577578,5.237578,4.417578,3.5075781,1.9375781,0.047578126,0.027578125,-2.0424218,-3.452422,-3.862422,-4.1824217,-6.012422,-4.252422,-2.872422,-4.812422,-4.632422,-3.462422,-3.7524219,-2.3024218,-0.39242187,0.20757812,-2.172422,-3.8024218,-3.872422,-3.892422,-4.8524218,-5.512422,-4.512422,-1.5824219,-0.7924219,1.1675781,4.3975782,4.757578,0.34757814,0.18757813,-1.3924218,-0.3124219,-1.4924219,-1.1124219,-3.8224218,-2.5724218,-2.922422,-0.74242187,0.30757812,1.8175781,1.1875781,-1.1924219,-0.5924219,-0.81242186,-1.4624219,-1.4524219,-0.2524219,-2.2824218,-2.672422,-2.0224218,1.0275781
6.387578,3.9575782,6.3975782,7.417578,6.257578,6.167578,5.757578,5.727578,5.227578,4.8575783,3.4175782,2.307578,-0.80242187,-2.2824218,-3.0324218,-4.1824217,-3.8524218,-3.362422,-1.3224219,-2.142422,-3.872422,-2.212422,0.29757813,-0.062421873,-0.6024219,-0.062421873,-1.5024219,-1.5624219,-1.9424219,-1.6124219,-1.4824219,1.0275781,3.1775782,3.2375782,4.327578,4.447578,3.567578,2.7575781,0.42757812,2.5175781,-4.172422,1.0875782,0.22757812,-0.8424219,-0.51242185,-1.1624218,-0.94242185,1.4775782,1.1175781,-0.68242186,-1.2124219,-1.0224218,-1.0624219,0.45757812,0.18757813,-0.8924219,-3.9924219,-1.9024218,-1.5024219,-1.0424218
8.207578,8.357578,7.467578,6.957578,6.847578,5.757578,5.507578,6.037578,4.5475783,4.237578,4.467578,3.577578,3.097578,2.367578,-0.14242187,-1.3524219,-1.8824219,-1.5824219,0.75757813,-0.48242188,1.2575781,1.9175781,2.9675782,3.4875782,2.327578,0.7975781,1.7475781,1.6375781,1.9975781,2.287578,4.0275784,4.807578,4.207578,3.807578,3.867578,2.837578,2.2675781,2.9975781,4.057578,4.6075783,-0.052421875,-1.7224219,3.867578,1.7175782,-1.1324219,-0.08242188,-1.3224219,-1.0824219,0.6575781,-0.39242187,-1.7524219,-2.712422,-2.622422,-1.2724218,-0.51242185,0.56757814,0.27757812,-0.24242188,-0.51242185,-0.2824219
8.6175785,7.457578,6.807578,7.267578,6.1275783,6.497578,5.887578,5.3175783,4.6075783,5.387578,4.767578,4.257578,3.7375782,3.4075782,2.067578,1.1875781,0.42757812,0.50757813,0.7775781,1.5775781,2.9975781,3.097578,3.7375782,4.637578,4.8575783,6.6075783,7.5475783,6.957578,5.387578,5.167578,6.497578,6.557578,5.667578,6.937578,7.0675783,6.247578,7.3575783,5.997578,5.097578,4.737578,4.347578,2.7075782,0.7075781,1.1375781,-0.23242188,-1.3424219,0.99757814,1.3475782,-0.8524219,-1.2824218,-1.2324219,3.037578,-0.062421873,0.56757814,1.0775781,0.6575781,-0.69242185,0.28757814,0.8275781,0.75757813
6.887578,6.787578,6.097578,5.767578,6.3975782,5.8375783,4.827578,5.417578,5.497578,5.417578,4.8775783,4.977578,4.887578,4.6475782,4.8175783,4.747578,5.077578,4.8975782,3.847578,3.607578,3.7475781,4.137578,5.0675783,7.0275784,6.977578,7.347578,8.207578,7.977578,7.747578,6.8775783,5.997578,8.667578,8.597578,10.017578,9.267578,8.417578,5.747578,4.7775784,2.5175781,3.277578,1.9575782,1.8775781,1.8175781,0.61757815,-0.7824219,0.4975781,-0.42242187,-1.1324219,-0.47242188,-0.88242185,-2.2324219,-0.19242187,1.1375781,1.0575781,-0.18242188,-1.1624218,0.8575781,0.44757813,-0.32242188,0.6075781
5.7975783,5.6075783,5.747578,5.5475783,5.597578,4.947578,4.427578,4.417578,4.707578,4.8975782,5.5675783,5.717578,5.507578,4.927578,5.497578,5.577578,5.937578,5.257578,5.327578,5.237578,5.937578,6.2775784,6.417578,6.8175783,7.497578,7.187578,6.8375783,6.747578,6.947578,7.157578,7.157578,8.787579,9.137578,8.787579,8.687578,8.167578,7.1475782,6.2775784,4.727578,3.597578,3.4075782,3.047578,2.127578,1.9375781,1.8175781,-0.56242186,0.28757814,0.087578125,1.5675781,2.097578,0.5775781,-0.15242188,0.10757813,-0.2524219,0.8575781,-0.5224219,-0.46242186,1.0175781,-0.49242187,0.10757813
5.5275784,5.367578,5.197578,4.977578,5.207578,5.057578,5.177578,3.9075782,4.3375783,3.9975781,3.9775782,4.5275784,4.327578,4.8375783,5.137578,5.477578,5.987578,4.8175783,5.0275784,5.617578,5.537578,5.537578,5.8575783,6.6075783,7.3375783,7.1275783,6.727578,6.937578,6.727578,5.717578,7.167578,6.917578,8.487578,8.187578,7.447578,8.487578,7.867578,7.157578,6.717578,6.267578,5.467578,4.0475783,2.377578,-0.122421876,0.27757812,1.6375781,-0.18242188,2.6775782,0.39757812,-0.36242187,0.5275781,0.74757814,0.75757813,0.47757813,0.5275781,-0.9224219,0.34757814,0.5375781,-0.55242187,0.6375781
4.757578,4.677578,4.687578,4.577578,4.687578,4.367578,4.387578,4.0675783,3.9775782,3.7475781,3.6975782,4.157578,4.037578,4.3375783,4.1075783,4.097578,4.7775784,5.487578,6.467578,6.257578,6.697578,6.847578,6.697578,6.327578,6.3975782,6.707578,6.8375783,6.757578,6.3575783,4.807578,6.407578,6.507578,6.407578,6.207578,7.177578,7.167578,8.067578,8.087578,7.7775784,6.687578,6.417578,3.827578,-0.51242185,1.6475781,1.1975781,-0.44242188,1.4775782,0.5875781,0.4975781,1.0875782,-0.012421875,0.67757815,0.9075781,0.32757813,1.3575782,0.86757815,1.2675781,-0.002421875,0.26757812,0.7975781
4.187578,4.227578,4.3975782,4.7775784,5.137578,4.727578,4.237578,3.127578,3.097578,3.9175782,3.317578,3.317578,3.527578,3.9475782,4.3575783,4.7775784,4.8975782,5.677578,5.697578,6.407578,6.8975782,5.957578,6.077578,5.537578,4.977578,6.347578,6.3975782,7.3375783,7.5275784,4.1275783,6.5275784,7.2975783,7.5475783,7.5275784,6.5875783,6.507578,6.187578,7.407578,6.8975782,6.937578,6.727578,0.74757814,0.9775781,0.99757814,0.8375781,1.6375781,0.80757815,0.22757812,-0.55242187,0.28757814,-0.2524219,0.7675781,0.5875781,0.75757813,1.2375782,-0.042421874,-0.38242188,0.30757812,1.6575781,0.7775781
4.977578,4.077578,4.3175783,5.447578,5.0875783,4.8375783,4.1475782,3.337578,2.2275782,2.847578,3.3975782,3.4075782,4.1075783,4.307578,4.807578,4.827578,4.8175783,4.6075783,5.537578,5.2775784,4.637578,4.407578,5.167578,5.3975782,5.677578,5.267578,6.257578,7.0875783,9.827579,8.067578,9.437578,8.537579,7.8975782,8.187578,7.967578,7.617578,8.227578,7.407578,7.2775784,6.917578,1.2575781,-0.35242188,1.8275781,1.6775781,1.3375782,0.41757813,0.7675781,0.9075781,1.1475781,1.0075781,0.87757814,1.2875781,0.98757815,1.1575781,0.7975781,-0.63242185,0.4375781,1.3875781,0.69757813,1.2375782
4.1075783,5.617578,4.207578,4.257578,4.487578,4.7975783,4.177578,3.637578,2.027578,1.9975781,2.7175782,2.827578,3.387578,3.297578,3.9075782,3.567578,2.627578,2.9475782,3.4875782,4.6075783,4.887578,4.557578,4.017578,5.727578,5.497578,5.5875783,5.407578,5.557578,5.557578,3.4175782,7.3175783,7.667578,8.157578,7.187578,7.0675783,8.357578,7.807578,7.307578,7.457578,6.7775784,-1.2924218,-0.07242188,-0.21242188,2.4575782,1.4575782,1.1875781,0.17757812,0.44757813,1.6675781,1.1175781,1.2675781,0.7975781,0.94757813,1.3175781,-0.052421875,0.5775781,0.92757815,-0.002421875,-1.3324219,0.10757813
5.267578,5.287578,5.0875783,4.7975783,4.927578,4.677578,4.3375783,4.5475783,4.517578,2.337578,3.6975782,3.567578,3.837578,3.387578,3.4675782,2.4675782,2.527578,2.4775782,2.6475782,4.237578,4.997578,4.727578,4.517578,4.3575783,5.387578,4.847578,4.827578,3.1975782,4.8775783,5.137578,6.347578,6.997578,7.8175783,7.827578,7.767578,7.217578,7.327578,7.937578,6.577578,4.117578,2.617578,0.15757813,0.13757813,0.7875781,1.5075781,1.1675781,0.67757815,0.6575781,0.6475781,1.0175781,0.8575781,0.7775781,0.5875781,0.56757814,0.6475781,-0.37242186,-0.57242185,-0.8524219,-2.0024219,-0.5424219
5.477578,5.0275784,4.6475782,5.467578,4.967578,5.247578,5.017578,5.407578,4.787578,4.167578,4.497578,3.2675781,3.7175782,3.9975781,3.827578,4.367578,4.557578,4.727578,3.877578,4.387578,3.2175782,3.637578,4.137578,4.167578,4.687578,4.8775783,5.217578,5.977578,5.3975782,5.787578,5.937578,6.537578,7.227578,8.057578,8.837578,9.197578,9.297578,8.947578,8.337578,7.007578,1.1975781,-0.2824219,-0.62242186,0.47757813,0.19757813,-0.002421875,0.7175781,0.7075781,1.1375781,1.1175781,0.8975781,0.50757813,-0.23242188,0.13757813,-1.1824219,-1.2024219,-0.69242185,0.19757813,-0.9824219,-1.1324219
4.1075783,4.6075783,4.867578,4.387578,4.457578,5.657578,5.0675783,5.247578,5.137578,4.807578,3.6975782,4.0875783,3.9375782,3.7575781,4.8175783,3.9775782,4.8775783,5.287578,4.8175783,4.617578,4.3375783,3.857578,3.627578,4.5275784,4.2975783,5.737578,5.367578,5.427578,5.737578,5.417578,5.8975782,5.747578,5.947578,7.197578,8.217578,8.8675785,8.767578,9.127578,9.847578,6.5475783,-0.47242188,-0.012421875,-0.3124219,-0.29242188,-0.26242188,0.12757812,1.3575782,0.017578125,0.74757814,-0.052421875,0.38757813,0.50757813,0.11757813,-0.8624219,-0.93242186,1.3575782,0.07757813,0.5475781,0.6375781,-0.27242187
4.6275783,4.917578,5.0275784,4.507578,5.1075783,4.6275783,4.937578,5.727578,5.407578,6.0875783,4.657578,4.657578,4.2775784,4.8975782,4.407578,4.427578,2.7075782,4.937578,3.587578,4.2975783,4.407578,4.497578,4.957578,4.347578,4.977578,5.2775784,5.467578,5.347578,5.417578,5.387578,5.187578,6.227578,6.177578,6.2975783,6.947578,7.867578,7.697578,8.347578,8.697578,6.1475782,0.9775781,-1.0724219,1.1975781,-1.7024219,-1.9324219,-0.6124219,-0.55242187,0.5775781,0.26757812,1.3075781,0.4675781,-0.6724219,0.037578125,0.62757814,-0.3124219,1.5275781,1.4175781,2.577578,1.6575781,-1.3624219
6.2975783,5.207578,5.307578,5.257578,5.5475783,5.057578,5.137578,5.887578,6.097578,5.997578,6.0275784,5.717578,5.217578,4.5675783,5.0675783,5.8375783,4.937578,5.217578,5.717578,4.717578,5.187578,4.987578,4.967578,5.707578,5.1275783,5.137578,4.747578,4.947578,4.8975782,5.537578,5.697578,5.5675783,5.3175783,5.8175783,5.787578,6.7775784,7.167578,7.717578,8.747578,5.987578,6.217578,-0.9724219,0.20757812,0.20757812,-0.63242185,0.037578125,-0.43242186,-0.012421875,0.42757812,0.8275781,0.8275781,0.7675781,0.98757815,1.1175781,0.56757814,0.5175781,1.5875782,1.1375781,0.69757813,2.067578
5.767578,5.437578,5.427578,4.427578,5.167578,5.077578,4.937578,5.177578,4.747578,4.867578,4.7775784,4.957578,4.987578,5.5875783,4.967578,5.237578,5.057578,5.217578,5.307578,5.487578,6.717578,5.407578,5.747578,5.1275783,4.5875783,5.0475783,4.937578,4.7975783,4.517578,4.907578,5.247578,5.257578,5.7775784,5.637578,5.507578,5.8775783,6.387578,6.267578,7.267578,6.997578,7.517578,-1.4524219,-1.4824219,-1.5524219,-0.51242185,0.7875781,1.4275781,0.7675781,1.0575781,0.99757814,1.3075781,0.6075781,1.6275781,1.2275782,2.0075781,1.0675781,1.4575782,1.5575781,2.277578,1.6475781
4.807578,5.007578,6.0475783,5.727578,5.007578,5.677578,3.7375782,4.307578,4.537578,4.637578,4.997578,4.407578,5.227578,4.637578,5.1275783,4.687578,4.7975783,5.187578,5.267578,5.157578,5.997578,6.167578,6.3375783,5.487578,4.3975782,4.387578,4.967578,4.2975783,4.267578,4.3175783,4.367578,4.267578,5.197578,5.687578,6.177578,5.307578,5.847578,5.8775783,6.537578,6.057578,6.327578,1.9775782,-1.4824219,0.5775781,0.9775781,0.61757815,-0.43242186,0.93757814,-0.17242187,0.75757813,1.2075782,0.45757812,0.29757813,1.2675781,0.5875781,1.2775781,1.9575782,2.077578,1.6775781,1.3775781
4.437578,5.117578,4.1475782,4.307578,4.5275784,5.3575783,5.6275783,4.5275784,4.307578,4.437578,3.857578,5.287578,4.267578,3.9875782,4.787578,4.217578,4.5475783,4.727578,6.117578,4.707578,4.917578,5.187578,5.497578,5.787578,4.717578,4.257578,3.867578,3.617578,3.077578,4.0275784,2.7375782,3.387578,4.437578,4.747578,5.3175783,5.577578,5.097578,5.997578,6.407578,5.847578,5.7775784,4.827578,-1.2424219,-0.2824219,-0.5324219,-0.032421876,-0.48242188,-0.40242186,0.32757813,0.9575781,0.7975781,1.6675781,1.0475781,0.4975781,1.3375782,0.45757812,0.6075781,0.8575781,1.1875781,1.4475781
3.037578,3.027578,4.057578,3.337578,3.777578,3.787578,4.257578,4.137578,3.9775782,4.887578,3.877578,4.187578,4.217578,4.6275783,3.857578,3.807578,3.7475781,4.367578,5.557578,6.237578,6.287578,6.057578,5.0475783,5.747578,4.727578,4.007578,3.7475781,3.137578,3.527578,2.637578,3.4775782,3.137578,3.4975781,4.177578,5.167578,5.417578,5.3975782,5.717578,5.887578,6.417578,5.727578,5.597578,1.0675781,-0.6424219,0.32757813,0.037578125,-0.37242186,-0.43242186,-0.20242187,-1.1424218,1.0975782,-0.10242187,1.8275781,1.2775781,1.0775781,1.0375781,0.17757812,1.2175782,2.057578,0.38757813
3.037578,3.277578,3.1875782,3.2475781,2.9375782,3.627578,3.287578,3.107578,2.2575781,3.637578,4.477578,4.1275783,3.9775782,4.727578,3.827578,4.177578,4.237578,3.5175781,4.167578,5.287578,5.6275783,6.1475782,6.577578,6.037578,6.497578,5.117578,3.527578,3.047578,3.087578,2.9175782,3.1575782,2.6875782,2.9475782,3.9575782,4.537578,4.787578,5.407578,4.977578,5.017578,5.247578,5.0475783,4.707578,4.787578,-0.27242187,-0.8924219,1.2275782,-0.35242188,0.027578125,-0.7724219,-0.37242186,-0.49242187,0.8875781,-0.46242186,1.2875781,1.2875781,1.0975782,0.047578126,0.047578126,2.2675781,1.5775781
3.1775782,3.877578,2.357578,2.567578,2.297578,2.607578,3.127578,4.057578,4.727578,3.317578,3.4575782,3.527578,3.4875782,4.1475782,4.6075783,4.007578,3.6975782,3.5175781,3.7275782,4.097578,4.3175783,5.577578,5.347578,5.737578,5.6075783,4.997578,5.1275783,4.237578,4.217578,3.357578,3.887578,3.7375782,3.4875782,3.4075782,4.497578,4.0275784,4.577578,4.887578,4.8375783,4.767578,5.057578,4.517578,4.977578,2.097578,-2.192422,-1.3624219,0.027578125,0.81757814,1.6375781,-0.76242185,-0.46242186,-0.7024219,0.75757813,0.047578126,0.027578125,0.86757815,0.35757813,-1.1024219,0.087578125,2.1475782
5.757578,5.577578,5.257578,5.537578,5.2975783,2.637578,2.2175782,3.367578,4.057578,2.4975781,2.7075782,3.4175782,3.6575782,3.7275782,4.367578,3.9375782,3.6675782,3.567578,2.6975782,2.127578,3.567578,4.3175783,4.767578,5.717578,6.0875783,5.667578,4.727578,4.257578,3.577578,2.857578,3.047578,3.587578,3.9075782,3.587578,3.887578,4.3975782,3.9375782,4.597578,4.417578,4.967578,4.1275783,4.1275783,4.267578,4.887578,-0.9224219,-3.0224218,-2.7724218,1.5075781,0.14757812,1.5475781,1.6175781,1.5275781,1.7475781,0.07757813,-0.002421875,1.1275781,2.367578,0.47757813,0.87757814,1.4575782
