static/data/gfs.t00z.pgrb2.1p00.f16.json
{"header": {"discipline":0,"disciplineName":"Meteorological products","gribEdition":2,"gribLength":80480,"center":7,"centerName":"US National Weather Service - NCEP(WMC)","subcenter":0,"refTime":"2019-06-20T00:00:00.000Z","significanceOfRT":1,"significanceOfRTName":"Start of forecast","productStatus":0,"productStatusName":"Operational products","productType":1,"productTypeName":"Forecast products","productDefinitionTemplate":0,"productDefinitionTemplateName":"Analysis/forecast at horizontal level/layer at a point in time","parameterCategory":2,"parameterCategoryName":"Momentum","parameterNumber":2,"parameterNumberName":"U-component_of_wind","parameterUnit":"m.s-1","genProcessType":2,"genProcessTypeName":"Forecast","forecastTime":24,"surface1Type":100,"surface1TypeName":"Isobaric surface","surface1Value":100000.0,"surface2Type":255,"surface2TypeName":"Missing","surface2Value":0.0,"gridDefinitionTemplate":0,"gridDefinitionTemplateName":"Latitude_Longitude","numberPoints":65160,"shape":6,"shapeName":"Earth spherical with radius of 6,371,229.0 m","gridUnits":"degrees","resolution":48,"winds":"true","scanMode":0,"nx":360,"ny":181,"basicAngle":0,"lo1":0.0,"la1":90.0,"lo2":359.0,"la2":-90.0,"dx":1.0,"dy":1.0}, "data":
[rows 25 to 49 of 181, columns 116 to 173 of 360]
2.5338793,1.0538794,1.8438793,1.6738794,1.9438794,2.0138793,0.3538794,0.3438794,0.6638794,1.7338794,-3.3961205,-5.5161204,-4.9861207,-6.3961205,-6.116121,-3.2661207,-1.3061206,-1.1961206,-3.0461206,-4.5061207,-5.6661205,-7.0861206,-6.4261208,-4.7461205,-4.366121,-2.1861205,-3.4061205,-1.2561206,-1.1161206,-0.7661206,-1.2161206,1.6538794,-0.74612063,0.94387937,-2.2861207,-0.8461206,-0.4361206,-1.8661206,-1.0461206,-1.9661206,-1.0161206,-1.8461206,-3.3561206,-0.9161206,-4.4161205,-1.8761206,-0.9461206,1.4038794,0.4338794,-0.036120605,0.9538794,2.4138794,1.8338794,1.2638794,2.3338795,2.9938793,3.5338793,4.8038793
0.8638794,1.3238794,1.6338794,1.7938794,2.7138793,3.4538794,4.2238793,2.2838793,2.6138794,4.1438794,2.0438795,1.8338794,-4.096121,-4.366121,-2.6861205,-2.7861207,-3.2461207,-2.2561207,-2.2461207,-5.7861204,-3.9161205,-2.3161206,-7.2961206,-7.2061205,-6.406121,-3.7161207,-1.3761206,-1.1761206,-1.9761206,0.033879396,-4.2561207,-1.3161206,-1.2061206,-1.2161206,-1.0861206,-1.0461206,-2.3461206,-2.2861207,-0.8661206,-4.8561206,-1.3261206,-2.4061205,0.2038794,-0.7861206,-1.9461206,-0.4761206,-2.2661207,-0.2661206,1.6238794,1.7538794,-0.4061206,0.21387939,2.0538795,3.5038793,4.4738793,4.1038795,2.3038795,1.7238793
1.6638794,3.1038795,0.5938794,2.1038795,2.7338793,3.1538794,6.1838794,4.7238793,5.0238795,6.4938793,2.2838793,2.0738795,1.4538794,-0.2261206,-1.1261206,-2.1661205,-3.0361207,-2.9761207,-3.1161206,-3.3561206,-2.6561205,0.6138794,-0.6061206,-1.6361206,-2.4861207,-4.1661205,-2.5561206,-3.2761207,-4.636121,-3.1761205,-0.8161206,-0.9561206,-1.4661206,-1.5661206,0.6838794,-2.9761207,-2.3361206,-2.5261207,-1.4661206,-1.3361206,-3.2161207,-0.8661206,-2.7761207,-1.1261206,-0.3061206,-1.1761206,-3.5461206,-0.35612062,0.9338794,-0.3161206,0.7338794,2.1238794,2.6838794,3.7438793,4.613879,0.8838794,-0.2261206,1.0238794
3.1738794,2.3838794,2.2438793,2.8438795,2.7938795,3.1238794,2.8038795,2.7338793,4.0238795,3.1238794,3.1238794,1.6138794,1.0238794,1.8738794,0.9638794,0.3838794,-0.0661206,0.39387938,0.23387939,-0.8861206,1.0138794,-2.9961207,-1.8561206,-0.6861206,-0.8861206,-0.3961206,-0.4061206,-0.056120604,-1.0161206,-1.6961206,-1.0561206,-0.046120606,-0.6361206,-0.8161206,-1.7061206,-1.1261206,-2.1461205,-0.8861206,-1.2161206,-2.8761206,-1.5761206,-1.4661206,-0.7561206,1.1638794,1.2138793,0.9938794,-1.1861206,-0.5961206,-0.10612061,-0.6561206,-0.5061206,0.3238794,-1.1861206,-0.6661206,0.6338794,2.1638794,-0.1961206,-0.4261206
2.0638795,2.5838795,1.8338794,2.1438794,2.0138793,1.7838794,0.6138794,1.9638793,2.7038794,3.2438793,3.4938793,4.2338796,4.3038793,3.6838794,3.6338794,2.1838794,2.0538795,2.1238794,0.6138794,-0.3961206,0.7338794,-0.9161206,0.4638794,-1.9361206,-1.8261206,-0.23612061,-1.0961206,0.6638794,1.4338794,0.3138794,1.1238794,0.4438794,0.3438794,0.123879395,0.5138794,0.1438794,1.1438794,-1.0461206,-0.7861206,-1.6661206,-2.0261207,-0.7161206,-1.6061206,-1.5161206,2.7938795,-3.0661206,-5.4161205,-3.8061206,-2.6561205,-1.7361206,-0.8861206,-0.8761206,-2.1561205,-1.5761206,0.3738794,3.9938793,2.7438793,16.143879
1.7438794,-0.41612062,2.1738794,1.3338794,0.8238794,2.1838794,1.9038794,1.2038794,1.6238794,3.1738794,3.3238795,3.8638794,4.633879,4.5638795,4.7338796,3.7838793,0.5638794,0.42387938,3.0638795,2.4438794,0.6038794,-0.5461206,-0.12612061,-1.4861206,-2.1461205,-2.0261207,-1.2761207,-0.3761206,0.6738794,-0.4761206,-1.3861206,-1.3061206,-3.8761206,-2.7361207,0.1138794,0.1938794,-0.9561206,-1.4061207,-1.0261207,-0.6661206,-0.1661206,1.0138794,-1.5361207,-2.5561206,-2.4261205,-1.7161206,-3.7461207,-2.1361206,-4.0461206,-2.6561205,-2.9761207,0.7638794,1.9538794,2.7338793,2.7138793,8.103879,8.5438795,10.533879
0.6438794,0.6638794,1.0638794,0.5138794,2.2038794,3.0438795,2.0938795,2.0438795,1.0738794,1.5738794,2.5338793,2.7438793,2.6638794,3.3538795,2.6338794,3.2538793,3.5738795,2.6038795,2.1938794,1.6238794,0.1638794,1.9338794,1.6238794,-1.8261206,-2.1161206,-1.3461206,-0.5661206,1.2038794,2.4238794,2.5538795,1.2938794,-2.9061205,-4.4661207,-1.6561207,-1.6961206,0.3438794,-2.6361206,-3.2761207,-5.4361205,-4.1861205,-3.7161207,-3.7861207,-3.3561206,-2.4861207,-0.7761206,-2.2561207,-1.1761206,-2.6761205,-1.1861206,0.8838794,2.3238795,3.7938795,5.4438796,6.3938794,6.4538794,6.7038794,6.6238794,6.883879
0.4738794,1.0538794,0.8038794,1.2338794,1.7238793,1.5338794,2.1238794,2.6438794,1.3138794,1.2538794,0.9838794,0.3138794,0.7438794,1.4938794,1.0138794,1.9038794,2.8738794,1.9338794,2.2038794,3.1038795,1.9738793,1.0238794,1.0938793,1.1538794,-0.7661206,3.0838795,2.5338793,3.4738793,4.2038794,4.2238793,3.8138795,2.0238793,-2.1761205,-2.7061205,-4.6461205,-5.4861207,-5.0461206,-4.5061207,-4.346121,-3.6061206,-8.90612,-7.0161204,-4.0161204,-2.7961206,2.9938793,-1.8161206,-2.4761207,-2.4261205,-0.12612061,2.4738793,4.3538795,6.153879,7.363879,6.9738793,6.9238796,6.6938796,6.2038794,5.7338796
-0.6361206,0.4438794,0.33387938,-0.3961206,1.6138794,0.5738794,0.06387939,-1.2761207,0.8138794,0.9538794,1.2438794,-0.1861206,-1.0261207,0.033879396,0.6538794,0.8638794,1.1238794,1.9138794,1.1238794,0.123879395,-0.23612061,0.6538794,0.9238794,2.0738795,2.9838793,2.4938793,3.0238793,3.9938793,2.9438794,4.1438794,3.9938793,2.9538794,1.9038794,-2.3161206,-2.6661205,-2.6461205,-3.1961205,-1.9961206,-1.1561207,0.5838794,2.2138793,-0.6761206,2.7538793,-0.5861206,-2.5361207,-3.4461205,-0.4561206,-0.3061206,1.3938794,3.5738795,5.2738795,6.613879,5.3938794,6.0138793,5.4438796,4.6938796,3.8038795,3.7238793
-0.5961206,0.6738794,-0.9661206,0.9638794,-0.3361206,-1.1661206,-0.3661206,0.3538794,-0.2161206,-0.3661206,0.1938794,0.7038794,-0.9861206,-0.6661206,-0.4261206,0.6238794,1.2538794,1.1738794,0.2738794,-0.9461206,0.39387938,0.10387939,2.6838794,0.7938794,1.0738794,1.4538794,1.9838794,1.3238794,2.0938795,2.8138795,3.1738794,3.7538793,3.9038794,5.0538793,3.9338794,0.21387939,1.0238794,3.4638793,4.9338794,3.5838795,4.1938796,0.8238794,-0.7161206,-2.1161206,1.4538794,-2.0161207,-0.8461206,1.2538794,3.3338795,3.6338794,6.2338796,3.8338795,4.2438793,2.9738793,2.4938793,1.6738794,2.1438794,1.5038794
-0.1961206,1.4138794,-1.4361206,-0.9261206,-0.8761206,0.18387939,-0.6461206,0.8638794,1.3238794,1.7938794,3.2538793,0.3438794,0.39387938,0.21387939,-0.026120605,-0.0961206,-0.1361206,0.5938794,0.4138794,0.4138794,-1.1261206,0.1738794,-1.1161206,-1.4361206,-2.9761207,-1.9161206,-0.44612062,-1.3961205,-0.32612062,0.043879393,0.39387938,1.8838794,2.8438795,4.3738794,5.7138796,7.0438795,8.193879,7.3538795,5.093879,3.7538793,2.6138794,0.9838794,-1.1261206,1.0138794,-2.6561205,-0.036120605,1.5138794,4.9938793,5.0038795,5.0738792,-1.2361206,2.3938794,2.2738793,-0.5361206,0.6338794,0.6138794,0.7738794,0.4538794
-0.9661206,0.6838794,1.0538794,-0.4661206,-1.0361207,-1.2361206,-0.20612061,-0.5961206,2.4238794,1.8738794,1.0138794,0.4038794,1.5138794,1.4638793,1.4938794,1.0438794,-0.0661206,-0.2161206,0.8738794,0.15387939,0.2038794,-0.12612061,-0.7961206,-0.7061206,-0.41612062,-4.9461207,-3.9661207,-2.6261206,-2.6261206,-2.8561206,-2.3761206,-2.2561207,-1.8761206,-1.6761206,-0.35612062,0.6638794,0.5938794,1.5038794,1.5938793,1.3538795,1.3238794,0.4538794,0.4138794,-1.4661206,-0.7961206,2.0038793,1.8638794,2.4038794,1.8638794,2.5638795,0.33387938,-0.036120605,-0.10612061,-0.7361206,-1.1761206,-1.3661206,-2.3961205,-2.6061206
-0.3361206,1.5738794,1.8638794,0.7638794,-0.2961206,-0.23612061,-0.7261206,0.9938794,1.4038794,2.0038793,1.7938794,0.8638794,0.7038794,-0.10612061,-0.44612062,0.6638794,-0.016120605,-0.10612061,1.2038794,-0.9261206,-0.80612063,0.043879393,-0.7261206,-1.2761207,-0.8561206,-2.8861206,-2.9161205,-4.596121,-3.8461206,-3.7061205,-3.7861207,-3.4561205,-3.2161207,-3.2361207,-3.1761205,-2.2661207,-1.6061206,-0.44612062,0.30387938,1.0838794,1.7238793,1.1138794,-0.8361206,0.23387939,1.5838794,0.1738794,0.36387938,-1.0061206,-0.026120605,-2.2761207,-2.5161207,-3.0161207,-2.3261206,-2.4361205,-2.2361207,-1.9761206,-0.7761206,-3.6761205
0.9538794,1.9538794,1.9138794,2.2338793,1.6938794,-0.4361206,-1.7961206,0.5238794,1.3238794,1.3438793,1.2138793,1.6738794,0.8238794,0.8238794,0.1138794,0.7238794,0.5838794,0.2038794,1.5238794,-1.0861206,-1.3561206,1.0638794,-0.41612062,-2.0861206,-1.4261206,-2.3061206,-2.3361206,-3.3261206,-3.4961207,-2.6361206,-2.9461205,-2.1761205,-2.4561205,-2.7661207,-2.1561205,-1.0561206,-0.99612063,-0.55612063,2.9838793,5.3538795,3.7438793,-0.026120605,-0.3661206,2.7938795,-0.5161206,-0.7661206,-3.5661206,-3.5861206,-4.3361206,-6.136121,-5.866121,-5.8261204,-4.9661207,-4.5561204,-4.0561204,-4.136121,-3.7861207,-4.7861204
1.3338794,3.5738795,2.0038793,0.7638794,0.9738794,1.4138794,1.0838794,0.5538794,0.8438794,1.4838794,1.4538794,1.2838794,1.3438793,2.9038794,2.2638793,1.4338794,0.21387939,0.8138794,-0.0661206,-0.4661206,-0.9461206,-0.036120605,-1.8161206,-0.74612063,-1.2561206,-1.2861207,0.9938794,1.2238793,-3.7161207,-2.6761205,-3.0861206,-4.2261205,-4.7361207,-3.2761207,-0.80612063,1.6638794,4.0838795,4.6438794,5.633879,6.1838794,2.4638793,0.8738794,-0.086120605,-1.1961206,-2.5061207,-4.906121,-7.7361207,-6.3561206,-7.6661205,-9.856121,-9.916121,-8.86612,-8.766121,-7.386121,-5.8161206,-5.5561204,-3.1361206,-1.7061206
0.42387938,-0.2461206,-1.0861206,-1.0861206,-0.12612061,0.7038794,0.06387939,1.2538794,1.4338794,0.7738794,0.7738794,0.5238794,2.0938795,1.4238794,1.0538794,1.7738794,0.4038794,0.8738794,0.2838794,-0.99612063,-2.4661207,-2.8361206,-1.3161206,-1.1961206,-0.1861206,-0.6861206,0.4738794,-0.7961206,-2.0261207,-2.3061206,-1.2661206,1.5738794,1.2738794,0.8838794,0.7238794,0.9638794,1.5638794,1.2838794,1.2038794,-1.1861206,1.1038795,-0.7261206,-2.1561205,-3.0261207,-4.6961207,-7.7161207,-7.5861206,-9.166121,-10.81612,-10.74612,-10.49612,-10.396121,-9.19612,-8.396121,-7.3361206,-5.8261204,-4.2561207,-1.4561206
0.5438794,-2.4561205,-3.5761206,-1.9661206,-0.4961206,-0.6061206,1.1038795,1.2238793,0.2938794,1.0038794,0.7938794,1.3538795,0.4038794,0.8338794,0.94387937,1.0138794,1.3538795,-1.8561206,-3.3361206,-2.8261206,-1.4561206,1.2438794,-0.6861206,0.1938794,-1.5761206,-1.8861206,0.4038794,-2.0361207,-1.9561206,-0.036120605,-1.4661206,-2.8561206,-1.8461206,-1.1861206,-1.2561206,-1.1661206,-2.6561205,-2.0061207,-1.7761207,-2.1561205,-1.4161206,-1.7961206,-3.1061206,-3.4161205,-5.7961206,-8.19612,-8.226121,-8.926121,-10.586121,-11.416121,-11.096121,-10.136121,-7.9661207,-7.0461206,-4.616121,-3.0561206,-1.4461206,-0.1661206
-0.32612062,0.3838794,0.4138794,0.1438794,-0.32612062,-0.44612062,0.2838794,-0.55612063,-1.5561206,-1.9561206,-0.8561206,-0.74612063,-1.6061206,-1.2861207,-1.2561206,-2.0861206,-2.6861205,-3.2361207,-2.4361205,-1.8861206,-0.6861206,-3.1361206,-0.7961206,-1.1461205,-4.7461205,-6.4661207,-10.27612,-3.4561205,-2.8761206,-3.1161206,-2.5061207,-2.1761205,-4.4961205,-4.7061205,-4.2461205,-3.2261207,-3.9561205,-3.6961205,-2.8761206,-1.7661206,-3.4761207,-2.4861207,-2.9461205,-2.4661207,-5.7761207,-6.596121,-5.2861204,-6.8061204,-8.856121,-9.7061205,-11.386121,-12.046121,-10.836121,-8.976121,-8.03612,-5.6061206,-3.8161206,-2.0861206
-0.4261206,-0.0061206054,1.6138794,1.1638794,0.8038794,-0.3461206,-0.7861206,-0.6261206,-1.8961205,-1.8761206,-2.1261206,-1.0761206,-1.1461205,-1.0361207,-2.6661205,-2.0361207,-0.4761206,-1.7361206,-1.3561206,-3.2761207,-1.7861207,-1.9461206,-1.5961206,-6.1261206,-3.7061205,-2.8561206,-1.7861207,-1.9661206,-4.9261208,-5.636121,-4.2761207,-5.4761205,-5.5661206,-5.9761205,-7.2461205,-6.0061207,-4.4561205,-4.2561207,-4.2861204,-3.8361206,-3.3861206,-4.0461206,-3.1461205,-3.5861206,-4.5861206,-3.5961206,-3.9861207,-5.4961205,-11.006121,-11.096121,-12.756121,-13.686121,-13.44612,-13.19612,-10.386121,-8.53612,-6.4461207,-4.2361207
-0.6461206,-0.3961206,0.8638794,-0.9061206,-0.6561206,0.3438794,-0.3961206,-1.3061206,-2.0061207,-1.0161206,-0.6961206,-1.0961206,-0.086120605,-1.7161206,0.3438794,-0.7161206,-1.0761206,-1.7361206,-1.3761206,-0.7761206,-4.0861206,-2.2261207,-7.3761206,-8.926121,-10.596121,-10.646121,-8.666121,-7.3361206,-6.3061204,-5.5261207,-7.5661206,-6.0061207,-5.7861204,-0.4061206,-1.6661206,-4.5061207,-3.9261205,-5.116121,-4.5561204,-4.4961205,-4.1961207,-3.7961206,-3.6561205,-3.9361205,-4.0661206,-3.0561206,-3.0361207,-6.406121,-7.9861207,-8.396121,-11.976121,-12.876121,-14.136121,-13.926121,-13.4561205,-10.646121,-7.9561205,-6.5161204
-0.4061206,-1.8861206,-1.1361206,1.0438794,-0.44612062,-1.1461205,-0.2961206,-1.5761206,-2.3961205,-2.2161207,-1.3561206,-1.4561206,-1.3761206,0.7238794,-0.4261206,-0.1861206,0.0038793946,-1.4561206,-0.9561206,-1.8161206,-1.8661206,-14.86612,-7.7161207,-5.0061207,-2.2361207,-5.2561207,-2.9061205,-5.2261205,-8.49612,-5.5461206,-1.0961206,0.7138794,-3.0761206,-2.0061207,-3.0961206,-4.0261207,-4.2061205,-5.4761205,-5.5561204,-4.8761206,-4.2561207,-4.406121,-4.8161206,-4.4461207,-4.406121,-3.3761206,-4.4261208,-5.5561204,-7.866121,-7.346121,-8.136121,-7.5661206,-7.7761207,-10.806121,-11.686121,-12.356121,-7.6961207,-5.0761204
-0.4661206,-0.1861206,-0.7761206,-0.5361206,-1.5161206,-0.9561206,0.6038794,-0.8661206,-0.3461206,-0.14612061,-0.086120605,1.4838794,0.33387938,0.1138794,2.0438795,0.6038794,-1.8961205,0.6538794,1.5838794,-1.6461205,-0.5761206,-4.9361205,-4.2461205,-3.9561205,-3.6361206,-1.2961206,-0.7161206,-1.1061206,-1.0261207,-1.2261206,-3.2061205,-1.4461206,0.0038793946,0.4638794,-1.8461206,-3.1061206,-5.136121,-6.5861206,-5.1761208,-4.9161205,-5.886121,-4.9861207,-4.7761207,-5.0561204,-4.2661204,-5.7061205,-6.7161207,-11.716121,-10.916121,-8.586121,-11.136121,-7.0761204,-4.6461205,-6.0261207,-8.48612,-10.2061205,-7.9461207,-4.096121
-1.8961205,-1.6161206,-0.4561206,-1.5361207,-1.4361206,-2.5361207,-1.4561206,-2.8661206,-2.2461207,-1.9161206,-0.10612061,0.5138794,1.1038795,2.2238793,3.3838794,0.9238794,2.4838793,0.0038793946,-0.7661206,1.3038794,3.8938794,-3.6261206,-4.596121,-3.0061207,-7.7361207,-0.3461206,0.33387938,-1.6661206,-1.4861206,-3.3361206,-2.1861205,-0.7561206,-1.5061206,-1.1261206,-2.7361207,-2.7761207,-5.3261204,-6.1661205,-5.7061205,-5.5161204,-6.406121,-5.2461205,-5.2761207,-4.7161207,-5.9661207,-4.5661206,-8.23612,2.1138794,3.7738793,1.7438794,0.4138794,-1.8461206,-1.0261207,-0.5861206,-2.1661205,-5.7861204,-6.3261204,-4.1461205
-2.1861205,-0.4061206,-1.6661206,-1.9361206,-1.7661206,-3.2061205,-3.8661206,-4.9261208,-4.2161207,-1.9861206,-0.5061206,-1.3561206,-0.20612061,1.0338794,1.1638794,2.5838795,2.8838794,5.613879,6.863879,6.633879,4.113879,-1.4661206,-4.3761206,-5.7561207,-4.4761205,-5.8561206,-5.906121,-7.2561207,-4.4661207,-4.4861207,-4.5361204,-3.6361206,-1.3961205,-2.5561206,-3.8561206,-3.8461206,-5.4761205,-4.8361206,-6.1961207,-5.8361206,-6.3561206,-5.5861206,-5.6461205,-5.886121,-3.1161206,2.9538794,7.2938795,7.8738794,7.383879,4.5438795,5.4938793,4.843879,3.5938795,1.0638794,0.36387938,-3.8861206,-4.2061205,-3.5961206
-0.7861206,-2.1361206,-0.016120605,-3.7361207,-2.1661205,-2.4461205,-4.9161205,-2.6661205,-0.1961206,-1.0261207,-0.7161206,0.1638794,-0.3761206,-0.11612061,-1.9061207,-3.6961205,0.053879395,1.2438794,3.2638793,5.8138795,1.0738794,-0.07612061,-2.8361206,-3.4261205,-5.4361205,-5.846121,-4.9361205,-4.9161205,-5.0661206,-0.5161206,-2.4861207,-2.8861206,-3.1461205,-3.7861207,-4.886121,-5.6261206,-5.8561206,-6.4961205,-6.9861207,-7.3961205,-6.0461206,-7.4461207,-5.0661206,-2.2561207,8.22388,10.643879,9.313879,8.703879,8.023879,7.5238795,6.4438796,5.5238795,4.5238795,1.3938794,-0.9261206,-3.1761205,-3.6461205,-3.6461205
