static/data/gfs.t00z.pgrb2.1p00.f22.json
{"header": {"discipline":0,"disciplineName":"Meteorological products","gribEdition":2,"gribLength":81402,"center":7,"centerName":"US National Weather Service - NCEP(WMC)","subcenter":0,"refTime":"2019-06-20T00:00:00.000Z","significanceOfRT":1,"significanceOfRTName":"Start of forecast","productStatus":0,"productStatusName":"Operational products","productType":1,"productTypeName":"Forecast products","productDefinitionTemplate":0,"productDefinitionTemplateName":"Analysis/forecast at horizontal level/layer at a point in time","parameterCategory":2,"parameterCategoryName":"Momentum","parameterNumber":3,"parameterNumberName":"V-component_of_wind","parameterUnit":"m.s-1","genProcessType":2,"genProcessTypeName":"Forecast","forecastTime":33,"surface1Type":100,"surface1TypeName":"Isobaric surface","surface1Value":100000.0,"surface2Type":255,"surface2TypeName":"Missing","surface2Value":0.0,"gridDefinitionTemplate":0,"gridDefinitionTemplateName":"Latitude_Longitude","numberPoints":65160,"shape":6,"shapeName":"Earth spherical with radius of 6,371,229.0 m","gridUnits":"degrees","resolution":48,"winds":"true","scanMode":0,"nx":360,"ny":181,"basicAngle":0,"lo1":0.0,"la1":90.0,"lo2":359.0,"la2":-90.0,"dx":1.0,"dy":1.0}, "data":
[rows 26 to 51 of 181, columns 236 to 294 of 360]
-2.0963428,-3.6863427,-4.2663426,-4.506343,-4.5563426,-4.336343,-6.446343,-6.676343,-5.7263427,2.4136572,2.1436572,0.35365722,-0.6163428,-1.3363428,-2.2363427,-3.6663427,-3.1063428,-3.5963428,-4.4963427,-5.966343,-5.886343,-5.5163426,-5.8963428,-6.2063427,-6.256343,-7.426343,-7.7463427,-8.526342,-9.376343,-7.7663426,-5.3263426,-4.546343,-3.6863427,-2.7463427,-1.0463427,-0.37634277,0.46365723,1.8836572,0.6536572,-0.19634277,-1.2763427,2.7036572,2.8136573,1.6536572,-1.1663427,-2.6563427,-2.6363428,-5.136343,-2.2763429,-0.4263428,-5.1863427,-5.636343,-3.6363428,-4.7863426,-3.9663427,-3.2063427,-2.5463428,-3.9563427,-0.83634275
-2.5563428,-3.5363429,-5.856343,-5.906343,-6.386343,-6.386343,-6.546343,-3.6463428,-3.0463428,-3.6063428,-2.5263429,-1.8463428,-0.9763428,-1.8763428,-1.9763428,-1.9463428,-2.7263427,-3.9363427,-4.906343,-3.5763428,-4.236343,-5.836343,-6.736343,-5.3463426,-5.696343,-5.3063426,-5.9163427,-4.8263426,-6.486343,-7.006343,-6.106343,-4.466343,-1.5063428,1.1036572,4.933657,4.323657,3.8436573,4.283657,3.6536572,1.7336572,0.19365722,-0.046342775,-0.6163428,0.10365722,-1.9763428,-3.3563428,-3.7163427,-4.086343,-0.016342774,-2.0963428,-5.6163425,-7.9963427,-8.1563425,-2.2463427,-1.7263428,-2.7663429,-2.1163428,0.023657227,0.78365725
-2.6163428,-4.3663425,-3.8263428,-6.9163427,-6.316343,-5.136343,-5.026343,-3.3563428,-4.3463426,-6.106343,-6.5363426,-5.7463427,-8.456343,-2.5563428,-1.9163427,-2.8863428,-3.7263427,-3.3763428,-3.6363428,-4.636343,-3.5263429,-4.126343,-2.8763428,-3.756343,-4.5763426,-5.086343,-6.4163427,-6.376343,-6.046343,-5.006343,-4.3263426,3.6336572,8.853657,9.763658,8.893658,8.133657,5.953657,5.683657,4.9436574,2.5436573,-0.43634278,-1.6363428,-1.7963427,-2.6963427,-4.006343,-6.0563426,-1.9963428,-1.9663428,-2.4863427,-2.7463427,-1.5263427,-0.19634277,-7.8663425,-7.8663425,-6.4963427,-1.1863427,0.97365725,1.4736573,1.8636572
-2.1163428,-5.176343,-5.236343,-4.066343,-0.39634278,-0.65634274,-2.1463428,-2.1063428,-7.506343,-9.006343,-6.4963427,0.24365723,-0.5363428,-2.8463428,-0.046342775,-1.6463428,-3.8163428,0.023657227,-4.356343,-3.3963428,-5.336343,-3.9563427,-4.586343,-2.6863427,-4.8063426,-5.1163425,-4.796343,1.7836572,2.6636572,6.473657,8.043657,8.673657,6.993657,5.5836573,7.0436573,6.0036573,4.4236574,3.5936573,3.4536572,1.7736572,-0.46634278,-2.2863429,-4.8663425,-5.4963427,-5.796343,-6.3263426,-2.0763428,-2.256343,-3.1363428,-3.2163427,-3.4463427,-3.8163428,-2.5463428,-3.6663427,-6.406343,-4.7263427,-1.2463428,-1.0163428,-0.17634277
0.28365722,1.9336572,1.5436572,-0.026342774,-0.30634278,-1.2263428,-1.8763428,-1.3163428,-2.6363428,-0.41634277,-1.5763428,-1.9463428,-2.0163429,-3.006343,-3.1663427,-1.5663428,-1.7863427,-6.836343,-7.1463428,-3.8163428,-0.89634275,3.1236572,6.643657,4.1936574,4.183657,4.933657,4.953657,5.303657,5.683657,6.843657,9.703657,8.533657,8.413657,7.203657,5.243657,3.9836571,2.9636571,1.9136572,0.86365724,-0.31634277,-1.9363427,-2.8163428,-2.8663428,-4.026343,-5.7663426,-5.276343,-5.606343,-3.5263429,-3.0463428,0.8236572,1.6136572,1.2036573,-0.5563428,-0.9163428,-0.4563428,-6.386343,-5.256343,-6.176343,-1.6463428
1.7236573,1.4636573,0.33365723,-1.9763428,-2.6463428,-1.0863428,-0.64634275,-2.1563427,-4.7863426,-3.2263427,-2.6463428,-3.5463428,-2.9663427,-4.7063427,-5.6863427,-2.1663427,-2.006343,-3.4763427,-2.5563428,1.5636573,-0.44634277,1.5736573,5.513657,4.723657,3.7636573,3.4736571,4.143657,3.4036572,4.953657,7.1736574,7.913657,7.843657,6.843657,6.053657,4.9436574,3.5136573,1.6036572,0.37365723,-0.6263428,-1.7863427,-2.5363429,-3.506343,-4.1463428,-4.2663426,-4.4563427,-6.216343,-5.9163427,-3.9863427,-2.8263428,0.31365722,1.5136572,0.023657227,-1.8663428,-2.9163427,-3.4463427,-3.9763427,-4.8063426,-4.676343,-2.4763427
0.5036572,1.1036572,0.8236572,-0.12634277,1.3536572,-1.3463428,-1.2463428,-2.5763428,0.5736572,-0.94634277,-1.7063428,-3.1063428,-3.756343,-4.8663425,-4.156343,-2.7763429,-1.6463428,2.3436573,1.2836572,2.5336573,1.4936572,2.6936572,2.1136572,2.4436572,2.3236573,2.1636572,2.5836573,3.3036573,3.7936573,3.6336572,4.9636574,5.783657,6.5036573,6.123657,5.573657,4.343657,2.4436572,0.21365723,-1.4663428,-2.0963428,-3.1063428,-3.6063428,-3.8063428,-3.9863427,-4.856343,-6.316343,-7.156343,-1.7963427,-2.7663429,-4.296343,-2.4063427,-3.5863428,-1.6363428,-2.9163427,-3.7163427,-2.5163429,-3.4163427,-4.3063426,-3.6463428
-0.036342774,-0.10634277,-0.5663428,-1.3863428,-0.43634278,-1.5163428,-2.5663428,-2.0863428,-3.0763428,-4.0763426,-2.4063427,-3.1363428,-4.446343,-4.7063427,-4.0763426,1.6036572,2.2936573,0.35365722,1.3036572,-0.27634278,-2.6863427,-1.3363428,1.3436573,0.60365725,0.08365723,2.5836573,2.1536572,2.3036573,2.1136572,2.3736572,2.743657,3.7136571,5.8536572,5.513657,5.073657,4.363657,3.1636572,1.7336572,0.07365723,-1.1263428,-1.5163428,-2.3863428,-3.506343,-4.526343,-5.856343,-6.9963427,-8.476343,-8.846343,-4.3263426,-1.6763427,-1.3163428,-0.8463428,-1.7963427,-2.7263427,-3.1463428,-3.256343,-5.1163425,-4.8963428,0.60365725
-0.046342775,-0.0063427733,0.44365722,-0.43634278,-2.0763428,-2.9863427,-4.276343,-3.9063427,-3.7763429,-1.4663428,-1.1463428,-2.7063427,-2.3263428,-3.4363427,-2.1963427,-2.5263429,-2.0863428,0.43365723,-0.94634277,-2.0263429,-1.8563428,-1.7163428,-0.83634275,0.27365723,0.6836572,0.15365723,-0.65634274,-0.22634277,0.49365723,1.2036573,0.36365724,1.5636573,1.5936573,1.2736572,1.2336572,1.3136573,2.3836572,2.6536572,2.0536573,0.9536572,-0.46634278,-1.3663428,-3.1263428,-4.486343,-6.486343,-7.386343,-7.7863426,-3.6963427,-2.9063427,-2.8563428,-1.5863428,-0.69634277,-2.2363427,-3.3163428,-3.9363427,-2.7763429,-3.2763429,-5.7263427,-0.46634278
-2.2763429,-2.1363428,-1.1263428,-0.46634278,-1.8863428,-2.6663427,-2.3763428,-4.886343,-2.0363429,-2.0463428,-3.4463427,-3.5563428,-4.406343,-5.026343,-3.8563428,-2.9963427,-0.31634277,1.2436572,1.0936573,2.2336571,-1.4863428,-1.8863428,-1.4163427,-2.6963427,-0.6063428,-0.4863428,0.2936572,0.6536572,0.9436572,0.37365723,0.25365722,0.66365725,0.78365725,0.42365724,0.55365723,1.2636572,2.1936572,1.2236573,1.0236572,1.5536572,-0.026342774,-1.6863427,-3.8863428,-5.6163425,-7.086343,-6.966343,-4.3063426,-4.006343,-2.9563427,-3.9863427,-3.5163429,-3.9163427,-4.1663427,-4.8263426,-6.3963428,-6.6863427,-7.1663427,-3.8663428,-1.3063427
-0.086342774,-3.1563427,0.013657226,-1.8663428,-2.2363427,-0.5663428,-4.8463426,-3.0463428,-2.3463428,-3.1863427,-5.716343,-6.126343,-6.4763427,-5.926343,-3.4963427,-1.6463428,0.41365722,-1.1363428,-2.506343,-1.5763428,2.9836571,2.1836572,1.0936573,2.6736572,3.5136573,2.9436572,0.16365723,2.0336573,2.1936572,1.9136572,1.4836572,1.8236573,1.4536573,1.2036573,1.6536572,1.4036572,2.1936572,3.1736572,2.0736573,1.6936573,0.16365723,-3.0763428,-5.776343,-6.7863426,-8.146343,-7.2063427,-5.836343,-6.026343,-3.1063428,-3.8363428,-3.8363428,-3.5663428,-4.716343,-4.156343,-4.886343,-5.136343,-3.0663428,-3.0263429,-2.9463427
-0.6163428,-1.5263427,-2.1663427,-1.4363427,-2.6763427,-2.3663428,-2.4063427,-0.5663428,-3.3763428,-4.966343,-5.636343,-6.3463426,-6.8063426,-7.1863427,-3.6763427,-0.70634276,0.18365723,-1.5563427,0.54365724,0.44365722,-2.9363427,-0.9963428,-2.1363428,-2.1863427,-0.88634276,1.5836573,1.9236572,1.5336572,2.6136572,2.1136572,1.8336573,2.1436572,1.3636572,2.493657,2.2836573,2.3636572,2.4636571,2.0136573,2.5436573,1.5436572,-0.23634277,-2.9863427,-5.5563426,-7.5363426,-8.876343,-8.836343,-5.4163427,-5.5363426,-4.8963428,-4.986343,-3.9763427,-3.0563428,-1.9763428,-3.8463428,-2.2263427,-2.1263428,-1.0663428,-1.8163428,-2.8463428
-0.34634277,-1.0363427,-0.0063427733,-1.3563428,-0.77634275,-0.96634275,-1.5363427,-3.2363427,-2.8763428,-6.9763427,-7.9763427,-5.946343,-5.2263427,-2.3663428,-0.64634275,0.49365723,1.7136573,-0.30634278,-1.6163428,1.0236572,2.6736572,4.683657,1.2836572,1.6036572,-0.4863428,-0.52634275,-0.8463428,-3.3163428,1.5436572,2.1636572,2.1136572,2.8236573,1.8936572,2.7636573,1.9136572,2.243657,2.4136572,2.3836572,1.6636572,0.43365723,-1.4063427,-3.2163427,-4.7463427,-6.9963427,-8.9063425,-8.806343,-2.7963428,-3.4563427,-4.0763426,-3.3363428,-2.6863427,-0.8763428,-2.9663427,-2.4163427,-3.2763429,-1.9463428,-2.3263428,-1.4863428,-1.0363427
-2.6463428,-2.256343,-1.2163428,-3.756343,-1.8663428,-2.3563428,-1.8063427,-1.8363428,-0.7463428,0.35365722,-0.34634277,-2.5363429,-3.8063428,-2.4763427,0.013657226,-0.31634277,1.9236572,0.38365722,0.48365724,-1.1963428,-1.1663427,0.48365724,1.2636572,0.18365723,1.7336572,3.6536572,1.0336572,-1.0163428,-1.3063427,2.1236572,2.6536572,2.4136572,3.1136572,3.4036572,2.8436573,2.0236573,1.7836572,1.5836573,0.9536572,-0.26634276,-0.6063428,-1.1563427,-2.8663428,-3.4763427,-4.136343,-1.6063428,-1.1363428,-3.3463428,-2.5763428,-2.7463427,-2.6863427,-0.82634276,-1.6763427,-2.5463428,-1.9563428,-1.3363428,-2.3963428,-2.1563427,-0.6763428
-0.8163428,-1.7563428,-1.7963427,0.36365724,-3.1063428,-1.4063427,-1.0063428,-1.1563427,-1.9963428,-0.40634277,0.7136572,-1.2163428,-1.0363427,-2.0263429,0.18365723,0.78365725,0.10365722,-1.0163428,-0.58634275,0.13365723,1.0036572,2.6036572,2.0436573,0.80365723,1.1236572,3.6536572,2.0736573,0.74365723,-0.64634275,0.6536572,2.9536572,3.2936573,2.5636573,1.8736572,2.2036572,1.3436573,0.53365725,0.34365723,-0.0063427733,-0.15634277,0.20365722,-1.2463428,-2.1763427,-2.6263428,-2.9463427,-2.7263427,-2.4563427,-2.4463427,-2.5763428,-2.2363427,-1.8263428,-1.8463428,-3.5163429,-2.5463428,-2.7363427,-1.4363427,-1.2863427,-1.8063427,-2.3563428
-0.52634275,1.1936573,0.97365725,-0.13634278,-2.4363427,0.0036572265,-1.2663428,-0.49634278,0.78365725,0.11365723,0.78365725,-3.9163427,-4.486343,-3.1463428,-4.2463427,-4.5763426,-4.3263426,-2.2063427,-1.9563428,-1.4963428,-0.12634277,2.0236573,1.4136572,1.9436573,5.3136573,3.7036572,3.4336572,2.7936573,0.8236572,2.1436572,2.1936572,2.1436572,1.7236573,1.2536572,-0.21634278,-0.12634277,-0.4863428,-1.5463427,-0.29634276,-0.30634278,-1.3963428,-1.6663427,-1.8763428,-2.2263427,-3.3363428,-3.0663428,-2.9163427,-2.3863428,-2.9863427,-2.8063428,-1.8363428,-2.2963428,-3.9163427,-2.5663428,-1.8763428,-2.1363428,-5.236343,-4.176343,-1.8863428
1.2336572,1.6936573,1.6536572,-0.6763428,-0.76634276,-2.5863428,-1.6263428,1.1636572,1.3836572,1.0336572,2.9836571,0.36365724,-2.1363428,-5.386343,-6.856343,-5.216343,-6.546343,-2.9863427,5.113657,5.363657,5.553657,2.0736573,2.2936573,1.6236572,3.743657,3.1336572,0.9536572,-0.6863428,-0.7963428,0.023657227,-0.036342774,0.11365723,1.5936573,2.5736573,0.6336572,0.34365723,-2.0463428,-1.6663427,-1.3963428,-3.0563428,-0.90634274,-1.3963428,-1.8063427,-2.4963427,-3.5163429,-3.2363427,-3.4663427,-2.5463428,-4.716343,-3.1163428,-2.8663428,-3.9663427,-4.6463428,-1.4163427,-1.6163428,-2.7263427,-2.0663428,-2.1363428,-0.6663428
-2.2963428,2.3536572,0.67365724,-1.2163428,0.2636572,-1.4163427,4.5236573,3.1036572,1.6036572,1.3436573,1.0436572,-0.69634277,-1.7563428,-2.2363427,-5.776343,-4.5363426,-7.2063427,-5.066343,-3.4663427,-4.5363426,-3.2163427,1.4136572,-0.09634277,4.0836573,2.3636572,2.4036572,1.6036572,-0.6663428,1.8936572,1.0636573,0.2636572,0.30365723,-1.0963428,2.0236573,3.5336573,2.8036573,1.8836572,-1.1763427,-1.7663428,1.7836572,-1.5163428,-1.7663428,-2.3563428,-3.2463427,-4.2063427,-3.3163428,-3.256343,-3.2663429,-3.3363428,-2.8963428,-4.626343,-3.9763427,-3.6163428,-1.9863428,-4.1163425,-3.7163427,-4.406343,-2.256343,-2.1963427
-1.7663428,1.1236572,0.0036572265,-0.5363428,-4.376343,3.2336571,-0.09634277,1.3136573,2.2836573,1.0136572,1.1436572,1.1736572,-0.29634276,0.6236572,0.85365725,-5.236343,-5.606343,4.723657,1.6036572,5.3836575,3.5936573,1.0736573,7.4036574,7.7136574,3.2636573,1.8336573,1.1336572,0.08365723,-0.14634277,1.3436573,2.8536572,0.0036572265,2.5036573,3.4836571,2.4436572,1.5136572,-1.0863428,-2.3163428,-2.2263427,-2.6963427,-2.6363428,-2.7463427,-3.9363427,-4.336343,-3.1263428,-2.3563428,-2.5563428,-4.5763426,-3.4363427,-4.886343,-6.1863427,-3.5963428,-3.7363427,-3.1563427,-3.6163428,-3.3463428,-2.8163428,-1.6863427,-0.26634276
-2.4463427,0.9636572,0.033657227,0.86365724,1.0136572,1.0936573,-0.31634277,-1.6763427,-0.44634277,-0.63634276,-0.12634277,0.36365724,0.9336572,0.20365722,0.6536572,-7.3463426,1.5436572,-5.4763427,1.5236572,5.9636574,3.0036573,4.783657,3.3336573,1.8436573,1.2636572,-1.5663428,1.3136573,1.7636572,2.3236573,2.6436572,3.3936572,3.1136572,1.2236573,2.4336572,2.4136572,0.21365723,-1.4363427,-4.176343,-3.8163428,-0.06634277,-1.7263428,-3.8463428,-6.386343,-6.6863427,-3.9963427,-3.4063427,-4.066343,-4.7263427,-4.5363426,-3.9463427,-1.3463428,-5.336343,-4.6463428,-2.4063427,-2.4663427,-3.5363429,-1.9563428,-0.69634277,0.6336572
-1.7263428,0.97365725,-0.5963428,-0.8563428,0.04365723,-0.69634277,-0.07634278,-1.2763427,-0.38634276,-0.8063428,-1.2363428,-4.4563427,0.21365723,1.9136572,0.7036572,-1.6763427,-2.9463427,1.7436572,9.693657,9.453657,4.6036572,3.1836572,-0.70634276,4.0636573,3.4736571,3.5536573,2.2136571,1.4236572,-1.1063428,-0.40634277,3.4536572,3.7836573,3.1436572,3.3236573,1.4036572,0.8236572,-1.0563427,-2.0863428,-0.33634278,-2.5263429,-3.2463427,-4.1863427,-5.2463427,-3.506343,-3.4563427,-5.5963426,-7.406343,-5.7063427,-3.9063427,-5.2463427,-1.7463428,-5.626343,-2.7463427,-1.4963428,-4.3463426,-6.236343,-0.7363428,3.8636572,2.6336572
0.2936572,-0.6663428,-0.8063428,0.2636572,-2.9863427,-3.4163427,-3.256343,-1.8763428,-3.1063428,-1.4363427,1.1336572,3.1536572,1.9036572,2.1136572,0.5136572,2.8936572,3.8736572,3.5636573,5.893657,7.7736573,4.5636573,3.0036573,7.643657,8.693657,5.913657,4.9436574,4.4836574,-0.016342774,-2.7763429,1.3936572,2.5536573,3.493657,3.6136572,2.7936573,2.4636571,0.43365723,-1.6163428,-1.5163428,0.55365723,-1.4163427,-1.7863427,-3.0763428,-4.406343,-3.7363427,-3.7663429,-3.1863427,-2.4563427,-3.756343,-4.2463427,-3.5363429,-1.6963428,-2.3663428,-2.6163428,-4.426343,0.55365723,2.7136571,5.6036572,5.823657,5.933657
-1.2963427,-2.0563428,-1.2163428,-3.0263429,-3.6263428,-5.546343,-4.046343,-2.4663427,-0.50634277,-2.8563428,0.20365722,-1.5263427,0.2636572,0.7736572,-0.9363428,-1.8063427,-1.5963428,5.1036572,2.3236573,3.0636573,-1.9763428,4.2136574,6.533657,6.393657,4.473657,-0.10634277,-3.3963428,-0.6263428,-0.046342775,1.3336573,2.8236573,4.8836575,3.4036572,2.8336573,2.0036573,2.9236572,1.0336572,-0.88634276,-0.4263428,-1.0963428,-3.9863427,-3.8963428,-8.386343,-6.716343,-4.966343,-3.7463427,-5.2863426,-5.356343,-5.7263427,-3.3963428,-2.9963427,-3.1763427,-1.8063427,1.6336572,4.4836574,5.803657,6.9436574,6.953657,6.8336573
-0.8663428,-3.0263429,-2.7463427,-0.8463428,-4.066343,-6.026343,-4.926343,-3.0363429,-2.3163428,-1.0163428,-3.3463428,-3.3963428,-0.9363428,2.8936572,-1.3263428,0.36365724,-0.27634278,-0.026342774,2.0136573,2.2536573,3.1436572,0.74365723,-1.3463428,0.22365722,-4.426343,-1.8463428,3.5036573,-0.6663428,-0.5963428,3.0536573,3.9136572,4.0636573,3.5536573,3.5936573,2.9536572,2.2136571,1.2636572,-0.63634276,-1.6863427,-2.4563427,-1.9863428,-2.2363427,-4.1663427,-3.7263427,-3.7663429,-3.1563427,-4.4163427,-4.4363427,-3.9963427,-1.9763428,-3.1563427,-1.4463428,1.5736573,5.623657,3.0736573,5.763657,7.683657,7.863657,7.203657
-3.9363427,-1.7963427,-5.2463427,-1.6963428,-4.506343,-5.5163426,-2.6963427,-2.2763429,-2.6963427,0.17365722,-1.6363428,-8.746343,-3.2763429,0.17365722,-4.9163427,0.0036572265,1.3436573,2.5336573,2.1436572,0.98365724,-3.2463427,0.98365724,-0.18634278,2.0436573,-1.5063428,2.6036572,-3.8263428,-3.2463427,1.4136572,3.5336573,3.8336573,4.683657,4.683657,4.453657,3.3036573,2.0536573,1.4536573,-0.89634275,-2.1163428,-2.7263427,-1.8563428,-3.8863428,-3.6963427,-3.3563428,-3.1363428,-7.296343,-7.0163426,-5.086343,-3.6863427,-3.3063428,-1.3663428,1.5036572,2.7836573,-0.046342775,1.6936573,7.6336575,7.7336574,7.783657,6.3836575
-18.606342,-2.0763428,-7.9163427,-1.6363428,0.44365722,-4.3063426,-1.8363428,-2.6363428,-5.106343,-3.0863428,-6.466343,-8.136343,-3.3863428,-0.4263428,-1.9563428,1.7336572,0.6236572,2.9336572,0.85365725,2.2336571,-3.506343,-2.4663427,3.5236573,0.59365726,0.79365724,1.7336572,2.0636573,6.183657,6.993657,5.953657,5.913657,4.783657,3.5136573,2.6236572,2.3936572,1.4636573,0.33365723,-0.12634277,-1.8063427,-1.4363427,-2.2163427,-0.5963428,-0.32634276,-1.5063428,-2.2363427,-3.6163428,-2.6363428,-3.6063428,1.3236573,3.3636572,3.3036573,3.1136572,3.9136572,-1.9363427,2.5336573,7.7336574,8.433658,7.473657,6.763657
