static/data/gfs.t00z.pgrb2.1p00.f4.json
{"header": {"discipline":0,"disciplineName":"Meteorological products","gribEdition":2,"gribLength":80459,"center":7,"centerName":"US National Weather Service - NCEP(WMC)","subcenter":0,"refTime":"2019-06-20T00:00:00.000Z","significanceOfRT":1,"significanceOfRTName":"Start of forecast","productStatus":0,"productStatusName":"Operational products","productType":1,"productTypeName":"Forecast products","productDefinitionTemplate":0,"productDefinitionTemplateName":"Analysis/forecast at horizontal level/layer at a point in time","parameterCategory":2,"parameterCategoryName":"Momentum","parameterNumber":3,"parameterNumberName":"V-component_of_wind","parameterUnit":"m.s-1","genProcessType":2,"genProcessTypeName":"Forecast","forecastTime":6,"surface1Type":100,"surface1TypeName":"Isobaric surface","surface1Value":100000.0,"surface2Type":255,"surface2TypeName":"Missing","surface2Value":0.0,"gridDefinitionTemplate":0,"gridDefinitionTemplateName":"Latitude_Longitude","numberPoints":65160,"shape":6,"shapeName":"Earth spherical with radius of 6,371,229.0 m","gridUnits":"degrees","resolution":48,"winds":"true","scanMode":0,"nx":360,"ny":181,"basicAngle":0,"lo1":0.0,"la1":90.0,"lo2":359.0,"la2":-90.0,"dx":1.0,"dy":1.0}, "data":
[rows 0 to 25 of 181, columns 295 to 353 of 360]
6.0284033,6.0384035,6.0384035,6.0384035,6.0384035,6.0384035,6.0384035,6.0284033,6.0284033,6.0184035,6.0084033,5.9884033,5.978403,5.958403,5.938403,5.918403,5.898403,5.878403,5.8484035,5.8284035,5.7984033,5.7684035,5.728403,5.6984034,5.6584034,5.628403,5.588403,5.5384035,5.4984035,5.458403,5.4084034,5.358403,5.3084035,5.2584033,5.208403,5.1584034,5.0984035,5.0384035,4.978403,4.918403,4.858403,4.7984033,4.728403,4.668403,4.5984035,4.5284033,4.458403,4.3884034,4.3084035,4.2384033,4.1584034,4.088403,4.0084033,3.9284034,3.8484032,3.7684033,3.6784034,3.5984032,3.5084033
2.2784033,2.2584033,2.2484033,2.2384033,2.2384033,2.2284033,2.2384033,2.2484033,2.2584033,2.2784033,2.2984033,2.3284032,2.3584032,2.3784034,2.4184034,2.4484034,2.4784033,2.5184033,2.5684032,2.6084032,2.6484034,2.7084033,2.7784033,2.8484032,2.9184034,2.9884033,3.0484033,3.1184034,3.1784034,3.2484033,3.3084033,3.3584032,3.4184034,3.4784033,3.5284033,3.5784032,3.6284034,3.6684034,3.7284033,3.7784033,3.8284032,3.8784034,3.9184034,3.9584033,3.9984033,4.0284033,4.0584035,4.088403,4.108403,4.1384034,4.1584034,4.1784034,4.1984034,4.2184033,4.2384033,4.2584033,4.2684035,4.2784033,4.2884035
0.17840332,0.36840332,0.5584033,0.7584033,0.9384033,1.0884033,1.2284033,1.3584033,1.4884033,1.6084033,1.7384033,1.8684033,1.9884033,2.1084032,2.2284033,2.3384032,2.4484034,2.5384033,2.6284034,2.7284033,2.8084033,2.8884034,2.9584033,3.0184033,3.0684032,3.1184034,3.1584034,3.1984034,3.2384033,3.2684033,3.2984033,3.3284032,3.3684034,3.4084034,3.4484034,3.4884033,3.5284033,3.5684032,3.6184034,3.6984034,3.7784033,3.8584032,3.9284034,4.0184035,4.0984035,4.1784034,4.2584033,4.3084035,4.358403,4.418403,4.4684033,4.5184035,4.5484033,4.5984035,4.6384034,4.668403,4.708403,4.7484035,4.7584033
-0.84159666,-0.54159665,-0.21159668,0.10840332,0.39840332,0.65840334,0.90840334,1.1084033,1.2484033,1.3684033,1.4784033,1.5484033,1.6184033,1.6884034,1.7584033,1.7984033,1.8384033,1.8684033,1.8984033,1.8884033,1.8884033,1.8784033,1.8684033,1.8484033,1.8284034,1.7984033,1.7684033,1.7384033,1.7384033,1.7384033,1.7384033,1.7584033,1.7784033,1.8184034,1.8784033,1.9384034,1.9984033,2.0584033,2.0984032,2.1684034,2.2484033,2.3284032,2.4184034,2.5284033,2.6384034,2.7484033,2.8584032,2.9684033,3.0684032,3.1684034,3.2984033,3.4284034,3.5484033,3.6684034,3.7884033,3.9084034,4.0184035,4.148403,4.2784033
-0.79159665,-0.7415967,-0.8215967,-1.1715966,-1.4915967,-1.5315967,-1.1715966,-0.6915967,-0.23159668,0.078403324,0.21840332,0.12840332,-0.0015966797,-0.09159668,-0.17159668,-0.23159668,-0.2815967,-0.3415967,-0.4115967,-0.4715967,-0.52159667,-0.5615967,-0.5815967,-0.5815967,-0.5815967,-0.5715967,-0.5815967,-0.5515967,-0.53159666,-0.5015967,-0.45159668,-0.39159667,-0.3115967,-0.22159667,-0.14159667,-0.04159668,0.06840332,0.18840332,0.32840332,0.4984033,0.6984033,0.9184033,1.1384033,1.3584033,1.5684034,1.7784033,1.9784033,2.1784034,2.3784034,2.5784032,2.7884033,2.9884033,3.1884034,3.3884034,3.5784032,3.7784033,3.9884033,4.2384033,4.4684033
-1.8015966,-1.9015967,-2.1515968,-2.4215968,-2.7015967,-2.9015968,-3.0615966,-3.1415968,-3.1115966,-3.0115967,-3.1515968,-3.1115966,-3.0615966,-2.9815967,-2.8715966,-2.7815967,-2.6715968,-2.5815966,-2.4815967,-2.3715966,-2.2515967,-2.1015966,-1.9515967,-1.7715967,-1.5615966,-1.3515967,-1.1415967,-0.9415967,-0.7315967,-0.54159665,-0.3415967,-0.15159668,0.01840332,0.15840332,0.28840333,0.42840332,0.5684033,0.72840333,0.8884033,1.0584034,1.2684033,1.5084033,1.7884033,2.0684032,2.3184032,2.4584033,2.4884033,2.7684033,3.0984032,3.4684033,3.8084033,4.0584035,4.3084035,4.5584035,4.7884035,4.9984035,5.188403,5.378403,5.5684032
-2.7415967,-3.0115967,-3.2515967,-3.4715967,-3.6715968,-3.8215966,-4.4615965,-4.6915965,-4.561597,-4.311597,-4.0715966,-3.8515966,-3.6515968,-3.4615967,-3.2615967,-3.0915966,-2.9415967,-2.7715967,-2.5915966,-2.4315968,-2.2815967,-2.1415968,-1.9915967,-1.8615967,-1.7215967,-1.5715966,-1.3315967,-1.1115967,-0.9515967,-0.7415967,-0.5515967,-0.45159668,-0.32159668,-0.22159667,-0.05159668,0.20840332,0.45840332,0.72840333,1.0784034,1.5184033,1.9684033,2.3784034,2.7084033,2.9184034,3.0984032,3.2184033,3.2784033,3.3784034,3.5084033,3.7584033,3.8084033,3.9584033,4.3684034,4.7784033,5.1384034,5.458403,5.7584033,6.0184035,6.2184033
-2.6815968,-3.2515967,-3.8715966,-3.8915968,-3.8915968,-3.7115967,-3.2515967,-2.4715967,-2.3615966,-1.8015966,-1.2915967,-0.9215967,-0.77159667,-0.6415967,-0.5115967,-0.45159668,-0.3415967,-0.29159668,0.02840332,1.6484033,1.7184033,1.2984033,3.1384034,1.5484033,0.31840333,1.5984033,2.9984033,1.2784033,-0.53159666,-0.66159666,0.6384033,0.70840335,1.4484034,3.0184033,2.8384032,1.4984033,1.4184033,1.5384033,0.71840334,0.28840333,-0.09159668,0.7584033,3.1584034,4.7884035,5.088403,4.7784033,4.478403,4.148403,3.8584032,3.7384033,4.0484033,4.8684034,5.0684032,5.668403,6.188403,6.6184034,6.898403,7.088403,7.2184033
0.36840332,1.0384033,0.5784033,0.08840332,-0.8815967,-0.5615967,-0.43159667,1.2684033,2.7884033,1.9484034,0.20840332,1.1784034,-0.03159668,-3.0015967,-0.53159666,1.9884033,1.8684033,0.6984033,0.36840332,4.8484035,7.7684035,8.598403,8.348403,5.8284035,4.7684035,4.6184034,4.1184034,3.4484034,1.7584033,0.05840332,0.7484033,1.0284033,-0.36159667,-0.7315967,0.12840332,0.01840332,0.9184033,1.0284033,-0.01159668,-0.39159667,-0.9315967,-0.60159665,0.01840332,1.8084034,3.5184033,3.6784034,3.5984032,3.2984033,3.0084033,2.9084034,2.3784034,2.5984032,6.2684035,8.608403,8.7884035,8.588404,8.578403,8.618403,8.478403
8.268403,8.588404,8.698403,7.3084035,6.6784034,7.2884035,10.528403,11.488403,11.588404,11.458404,10.358403,8.368403,7.0384035,6.2184033,4.4684033,3.1784034,3.8884034,4.7184033,5.2684035,5.8884034,5.8884034,5.088403,4.3484035,3.9584033,3.4084034,2.8684034,2.4184034,2.0084033,1.9184033,2.0184033,1.9484034,1.7084033,1.8584033,2.2384033,2.2084033,1.5884033,0.59840333,-0.6815967,0.21840332,1.0684034,1.0184033,0.24840333,4.7884035,5.8084035,4.0584035,3.8684034,4.338403,3.9084034,2.7684033,2.3884034,1.4084033,2.8384032,4.6384034,5.958403,6.6984034,7.2584033,7.7184033,8.018403,8.338404
0.5584033,5.5784035,9.398403,10.658403,10.528403,10.758404,10.978403,11.168404,9.998404,8.248404,8.638403,8.868403,7.0484033,6.3184032,6.7784033,6.5284033,6.1584034,5.728403,5.2584033,4.708403,4.2484035,3.7884033,3.3684034,3.0784032,2.9084034,2.6984034,2.2784033,1.5584034,1.1184033,0.8684033,0.3084033,-0.30159667,-0.6815967,-1.1415967,-1.8215966,-2.4515967,-2.9315968,-3.0715966,-2.9415967,-1.7415967,-0.10159668,1.8984033,2.1784034,1.7284033,1.1884034,-0.6815967,1.4784033,0.5084033,2.6084032,3.5284033,4.398403,5.4484034,6.2784033,7.9884033,8.568403,9.048404,9.408403,9.308403,9.468403
11.978403,13.108403,11.898403,9.758404,9.138403,9.218403,9.298404,8.838404,8.568403,7.878403,7.1584034,6.5284033,5.7784033,5.918403,5.2984033,5.5384035,6.398403,6.358403,6.0284033,5.6984034,5.398403,5.088403,4.8184032,4.3184032,3.6084032,3.0184033,2.5584033,2.0084033,1.5184033,1.2184033,0.7584033,0.24840333,-0.19159669,-0.60159665,-1.0615966,-1.6515967,-2.0415967,-2.3115966,-2.3615966,-2.3315966,-1.7415967,-0.6815967,-0.38159668,-0.40159667,1.6684033,1.7884033,3.2784033,4.5484033,4.938403,5.9084034,6.978403,7.7984033,8.698403,9.448403,9.818403,10.248404,10.618403,10.908403,11.048404
13.638403,12.948403,11.828403,11.568403,11.118403,10.458404,9.928403,8.798404,7.938403,7.3484035,6.2684035,5.358403,4.168403,5.0684032,5.2384033,5.0684032,4.8684034,5.2584033,5.9284034,6.208403,6.208403,5.9484034,5.608403,5.1784034,4.608403,3.8484032,3.1484034,2.5284033,1.9884033,1.8984033,1.7784033,1.0384033,0.12840332,-0.4115967,-0.6915967,-0.97159666,-1.0715966,-0.8015967,-0.02159668,-0.30159667,-1.2415967,-2.8415966,-1.6515967,-0.12159668,5.4284034,0.6084033,4.108403,6.208403,8.188403,9.818403,10.428403,10.758404,11.148403,11.478403,11.458404,11.238403,11.108403,10.978403,10.858403
9.748404,10.358403,8.098403,6.478403,5.0684032,4.898403,4.588403,3.9484034,3.6984034,3.7784033,3.3184032,4.1184034,5.838403,6.0084033,6.398403,6.8684034,7.0784035,7.108403,6.648403,5.9984035,5.358403,5.378403,5.708403,5.458403,4.688403,3.8884034,2.9784033,2.8784034,2.6484034,1.9984033,1.2284033,0.6384033,0.24840333,-0.05159668,-0.13159668,0.3784033,0.5584033,0.59840333,-0.0015966797,-1.3815967,-1.3515967,-0.6115967,2.2984033,2.3084033,1.0984033,2.6784034,3.6084032,6.8484035,9.158403,9.868403,10.608403,10.908403,10.818403,10.5384035,10.278403,9.928403,9.548404,9.248404,9.018403
0.83840334,0.16840333,-0.35159668,-0.11159668,-0.6315967,-0.6715967,0.00840332,1.0084033,2.3684034,2.1384034,3.0084033,4.838403,6.0084033,6.8084035,7.6184034,7.6184034,8.088404,8.518403,8.0384035,8.408403,8.078403,7.4084034,6.8184032,5.8084035,4.4884033,3.6684034,3.2984033,2.8384032,2.1984034,1.1284033,0.3084033,0.23840332,0.6384033,0.6384033,0.34840333,-0.08159668,-0.8615967,-1.8615967,-2.5115967,-1.6115967,0.32840332,0.72840333,1.3184034,3.5284033,1.8984033,1.4184033,9.118403,10.238403,11.008404,10.918404,10.338404,9.758404,9.278403,8.918404,8.738403,8.528403,7.9984035,7.6984034,7.5384035
0.08840332,0.21840332,-0.06159668,-0.39159667,-1.6715966,-3.8815966,-3.8415966,-4.371597,-0.6715967,1.1884034,3.3284032,5.2484035,6.688403,6.1784034,7.7684035,8.688403,9.228403,9.088404,8.818403,8.108403,7.2884035,6.358403,5.1984034,4.228403,3.5884032,3.4984033,2.7184033,1.9184033,1.4184033,0.8184033,0.35840333,-0.35159668,-1.0515966,-1.3815967,-1.6615967,-2.3115966,-3.3915968,-4.9515967,-5.831597,-6.2115965,-6.3615966,-6.5115967,-2.7415967,0.4384033,1.1484033,2.1484034,9.7884035,10.718403,9.828403,8.698403,8.008404,7.668403,6.9084034,6.8284035,7.0484033,7.0184035,6.878403,6.7184033,6.5384035
-2.7315967,-2.3315966,-2.4115968,-3.5115967,-3.6115966,-5.581597,-6.831597,-6.641597,-6.021597,1.7884033,5.5184035,7.358403,8.628404,9.948403,10.438403,10.378404,9.978403,9.068403,7.838403,7.0384035,5.8684034,4.8884034,4.478403,3.4984033,2.6484034,2.2284033,1.7184033,1.1084033,0.4084033,-0.5015967,-1.1815966,-1.6015967,-1.6715966,-2.3215966,-3.7815967,-6.2015967,-6.7615967,-2.3115966,0.9384033,-1.3415967,-2.3515966,0.00840332,0.13840333,-0.5115967,0.48840332,6.7384033,8.718403,7.2184033,6.2584033,5.5384035,4.9284034,4.3884034,4.0584035,4.1384034,4.338403,4.7884035,4.7884035,4.858403,5.378403
-6.0715966,-5.9815965,-5.4815965,-5.871597,-6.6715965,-7.3815966,-8.011597,-7.8415966,-7.4515967,5.3184032,0.8684033,4.9084034,7.7584033,9.658403,10.248404,9.778403,9.128404,8.338404,7.668403,6.4684033,5.668403,4.9884033,3.8484032,3.8984034,2.7184033,1.5584034,0.6184033,-0.5615967,-1.8315967,-2.9515967,-3.6415968,-3.7615967,-4.9415965,-5.9915967,-6.391597,-3.5515966,-3.0015967,-1.0715966,-1.0515966,-1.3715967,0.6084033,-0.07159668,1.0784034,3.2284033,4.8684034,4.2584033,3.7184033,3.1484034,2.5284033,1.4484034,1.4884033,1.8884033,1.7984033,2.3284032,3.6584034,3.3684034,2.8384032,2.9184034,3.4384034
-6.521597,-5.6815968,-6.1315966,-6.9515967,-8.091597,-8.951596,-9.071597,-8.071597,-1.1715966,6.0784035,2.1984034,2.7184033,0.36840332,0.7984033,1.6084033,4.4484034,7.088403,7.0584035,6.6784034,5.9684033,4.958403,4.358403,3.5984032,2.6184034,1.3684033,-0.12159668,-1.2915967,-2.0915966,-3.2815967,-3.8215966,-4.2315965,-5.0015965,-5.9515967,-7.0115967,-8.221597,-7.6115966,-1.4215966,-2.0915966,-0.54159665,0.14840332,-0.4715967,0.06840332,1.1284033,3.0884032,1.8784033,0.90840334,-0.53159666,-1.7015967,-1.8115966,-1.6815966,-0.9915967,0.17840332,1.0784034,1.2584033,2.0984032,2.1984034,2.6584034,2.3284032,1.6684033
-4.021597,-5.4215965,-6.061597,-6.4515967,-7.9415965,-9.241596,-6.8615966,-2.2815967,-0.30159667,1.6484033,2.7384033,-0.39159667,-0.9815967,-0.4415967,0.11840332,3.7284033,4.918403,5.2484035,5.2784033,5.1384034,4.7884035,3.8584032,2.9084034,1.7684033,0.28840333,-1.3415967,-2.8215966,-4.0315967,-4.8615966,-5.3215966,-5.661597,-6.2415967,-6.791597,-7.331597,-8.181597,-7.291597,0.10840332,-1.4715967,-0.17159668,0.5084033,0.90840334,0.5484033,-0.4715967,-0.6815967,-2.3115966,-3.3715966,-4.9415965,-6.311597,-5.2015967,-2.7315967,-1.6815966,-1.2515967,-0.4415967,-1.8815967,-3.4515967,-1.1615967,-0.85159665,-0.8115967,0.71840334
-5.061597,-5.4915967,-7.021597,-6.7815967,-5.601597,-1.1715966,-0.09159668,0.41840333,1.7684033,1.8484033,1.0084033,2.2684033,1.9684033,0.47840333,-0.14159667,0.5684033,2.6184034,4.148403,4.2184033,4.088403,3.6684034,2.8784034,2.0984032,0.8184033,-0.97159666,-2.5815966,-3.8515966,-4.9815965,-5.891597,-6.3415966,-7.021597,-8.611597,-9.371596,-9.301597,-6.3615966,2.4084034,2.1584034,-0.14159667,2.2684033,0.7984033,-1.5715966,-1.6815966,-2.6615968,-2.3715966,-5.7315965,-6.6715965,-7.871597,-9.351597,-8.341597,-5.6115966,-3.6215966,-1.5815967,-0.6115967,-0.2515967,0.11840332,0.7584033,1.0484033,1.1584033,1.0184033
-3.9515967,-3.5215967,-3.6015966,-2.0515966,0.5584033,0.9284033,3.3384032,3.1984034,1.9084033,0.8284033,-0.23159668,-1.8215966,-0.3715967,-0.07159668,-1.3815967,1.3184034,4.3684034,4.7784033,4.108403,4.208403,3.5584033,2.6984034,1.4484034,0.078403324,-1.3615967,-2.8615966,-4.1715965,-5.3215966,-5.9615965,-6.0015965,-6.1715965,-7.2515965,-4.2815967,-8.321597,-6.9515967,-2.6715968,-2.7515967,-3.1215966,-3.5515966,-2.7015967,-0.04159668,0.25840333,-1.1515967,-3.9015968,-6.041597,-6.9415965,-8.221597,-9.271597,-9.011597,-7.4915967,-5.4215965,-3.3615966,0.95840335,1.3484033,3.1684034,3.7384033,2.5684032,1.2684033,0.4684033
-2.3615966,0.84840333,-0.9315967,-3.1015966,-1.9315966,1.6584033,1.7284033,1.5384033,0.47840333,1.4084033,2.5284033,2.4984033,0.078403324,-0.8615967,-1.2715967,0.41840333,3.0484033,4.478403,4.6984034,4.2984033,3.3684034,1.7584033,-0.0015966797,-1.9615967,-4.3015966,-5.7315965,-6.3215966,-6.1915965,-6.2215967,-7.521597,-4.0515966,-7.661597,-2.8515966,-1.6815966,0.18840332,1.3884033,1.0684034,1.4384034,1.3184034,0.9284033,-0.05159668,-0.9815967,-2.2215967,-4.1815968,-6.5715966,-8.691597,-8.331596,-8.311597,-8.071597,-6.4215965,-4.4815965,-3.0315967,-1.5615966,-0.6315967,1.5884033,2.5784032,2.0984032,2.3584032,-1.0415967
0.19840331,-0.2815967,-0.15159668,-1.5315967,-5.7115965,1.5184033,3.8184032,2.8684034,1.5884033,0.8884033,3.0284033,2.9484034,0.9184033,0.84840333,0.72840333,0.3084033,1.4884033,4.4484034,4.5084033,3.7184033,2.3284032,-0.21159668,-2.6915967,-5.311597,-6.6315966,-7.831597,-8.991596,-3.1815968,-2.8615966,-7.6715965,-5.411597,-1.2415967,3.2284033,1.8884033,0.72840333,0.03840332,-0.32159668,0.03840332,0.32840332,0.35840333,-0.09159668,-1.7615967,-2.5215967,-3.5115967,-5.4215965,-7.5015965,-8.641597,-6.541597,-4.9515967,-3.6715968,-2.7115967,-2.9715967,-3.7615967,-3.9515967,-3.1915967,-2.5515966,-0.16159669,-0.19159669,-2.2215967
0.03840332,-1.1815966,-1.8115966,-4.561597,-0.5515967,1.5284033,2.4984033,2.0484033,1.3684033,1.6284033,2.8284032,4.4484034,0.24840333,-2.2215967,-1.4115967,0.00840332,3.9784033,4.3284035,4.5084033,3.9584033,1.9084033,-2.3015966,-5.9715967,-7.9315968,-9.671597,-10.821597,-5.7815967,-0.29159668,-3.1315966,1.2884033,1.6384033,0.7484033,0.08840332,-0.2815967,-0.35159668,-0.06159668,0.20840332,-0.90159667,0.8684033,-1.0115967,-2.8615966,-4.791597,-2.3215966,-1.1015967,-7.411597,-4.7515965,-0.8315967,0.10840332,-2.1615968,-3.0515966,-3.1515968,-6.6715965,-7.3815966,-7.641597,-6.621597,-5.4415965,-2.9115968,-5.2315965,-3.3215966
-2.5815966,-1.4515967,-5.3015966,3.9584033,4.7984033,4.4484034,3.9984033,2.9384034,1.5684034,1.9084033,2.1484034,2.0184033,2.3084033,0.77840334,0.14840332,-0.66159666,3.1284034,3.9284034,4.458403,3.9284034,2.6384034,-0.9515967,-3.5315967,-4.161597,-1.3215966,1.2784033,0.59840333,-1.2815967,-1.3315967,-1.5115967,-1.9515967,-2.2815967,-2.2415967,-0.5615967,-0.8815967,0.02840332,0.00840332,-2.1215966,-1.9615967,-4.4815965,-3.5415967,-1.5315967,-2.6115966,-2.5415967,-5.021597,-1.7115967,-2.6415968,-2.4415967,-2.0415967,-1.3515967,-1.7815967,-2.8115966,-11.631597,-10.9615965,-7.7615967,-6.291597,-4.9815965,-6.3215966,1.0684034
