static/data/gfs.t00z.pgrb2.1p00.f8.json
{"header": {"discipline":0,"disciplineName":"Meteorological products","gribEdition":2,"gribLength":80443,"center":7,"centerName":"US National Weather Service - NCEP(WMC)","subcenter":0,"refTime":"2019-06-20T00:00:00.000Z","significanceOfRT":1,"significanceOfRTName":"Start of forecast","productStatus":0,"productStatusName":"Operational products","productType":1,"productTypeName":"Forecast products","productDefinitionTemplate":0,"productDefinitionTemplateName":"Analysis/forecast at horizontal level/layer at a point in time","parameterCategory":2,"parameterCategoryName":"Momentum","parameterNumber":2,"parameterNumberName":"U-component_of_wind","parameterUnit":"m.s-1","genProcessType":2,"genProcessTypeName":"Forecast","forecastTime":12,"surface1Type":100,"surface1TypeName":"Isobaric surface","surface1Value":100000.0,"surface2Type":255,"surface2TypeName":"Missing","surface2Value":0.0,"gridDefinitionTemplate":0,"gridDefinitionTemplateName":"Latitude_Longitude","numberPoints":65160,"shape":6,"shapeName":"Earth spherical with radius of 6,371,229.0 m","gridUnits":"degrees","resolution":48,"winds":"true","scanMode":0,"nx":360,"ny":181,"basicAngle":0,"lo1":0.0,"la1":90.0,"lo2":359.0,"la2":-90.0,"dx":1.0,"dy":1.0}, "data":
[rows 0 to 24 of 181, columns 116 to 173 of 360]
4.676697,4.6066966,4.536697,4.4666967,4.3966966,4.326697,4.246697,4.176697,4.096697,4.016697,3.9366968,3.8566968,3.7766967,3.6866968,3.6066968,3.5166967,3.4366968,3.3466969,3.2566967,3.1666968,3.0766969,2.9866967,2.8966968,2.7966967,2.7066967,2.6066968,2.5166967,2.4166968,2.316697,2.2166967,2.1266968,2.0266967,1.9266968,1.8266968,1.7166967,1.6166968,1.5166968,1.4166968,1.3066968,1.2066967,1.1066967,0.99669677,0.8966968,0.7866968,0.68669677,0.57669675,0.4766968,0.36669677,0.26669678,0.15669678,0.04669678,-0.053303223,-0.16330323,-0.26330322,-0.37330323,-0.47330323,-0.5833032,-0.6933032
6.206697,6.076697,5.9466968,5.806697,5.6666965,5.516697,5.366697,5.206697,5.0466967,4.886697,4.726697,4.5666966,4.3966966,4.226697,4.056697,3.8766968,3.7066967,3.5366967,3.3566968,3.1766968,3.0066967,2.8266969,2.6566968,2.4766967,2.2966967,2.1166968,1.9266968,1.7466968,1.5566968,1.3666968,1.1766968,0.9866968,0.7866968,0.5966968,0.40669677,0.20669678,0.0066967774,-0.19330323,-0.38330323,-0.5833032,-0.7833032,-0.9733032,-1.1733032,-1.3633032,-1.5433033,-1.7333032,-1.9033033,-2.0833032,-2.2633033,-2.433303,-2.6033032,-2.7733033,-2.933303,-3.0933032,-3.2533033,-3.4033031,-3.5633032,-3.7033033
6.786697,6.596697,6.4166965,6.226697,6.036697,5.846697,5.6666965,5.4866967,5.306697,5.136697,4.9666967,4.7966967,4.6266966,4.4666967,4.2966967,4.1266966,3.9566967,3.7666967,3.566697,3.3566968,3.1466968,2.9166968,2.6966968,2.4666967,2.2266967,1.9766967,1.7266967,1.4666967,1.2166967,0.95669675,0.69669676,0.43669677,0.16669677,-0.08330322,-0.34330323,-0.62330323,-0.8933032,-1.1533033,-1.4033033,-1.6533033,-1.9733032,-2.2133033,-2.6433032,-2.9033031,-3.1633031,-3.4233031,-3.6533031,-3.8833032,-4.1233034,-4.3533034,-4.573303,-4.8033032,-5.023303,-5.253303,-5.483303,-5.713303,-5.9333034,-6.173303
7.496697,7.2366967,6.9466968,6.6966968,6.536697,6.3966966,6.2766967,6.186697,6.096697,5.976697,5.846697,5.6966968,5.556697,5.426697,5.2966967,5.1966968,5.0866966,4.9466968,4.7366967,4.4666967,4.156697,3.8666968,3.6766968,3.5266967,3.3566968,3.1666968,2.9366968,2.6566968,2.3566968,2.0266967,1.6766968,1.2866968,0.87669677,0.50669676,0.17669678,-0.12330322,-0.40330324,-0.6633032,-0.92330325,-1.1933032,-1.4733032,-1.7433032,-1.9933032,-2.2033033,-2.3733032,-2.5633032,-2.5633032,-2.4733033,-2.4233031,-2.4933033,-2.5433033,-2.6633031,-2.8133032,-2.943303,-3.0133033,-3.0733032,-3.3333032,-3.6433032
7.906697,7.926697,7.8566966,7.6966968,7.4666967,7.206697,6.9466968,6.8166966,6.8366966,6.8966966,6.976697,7.0066967,6.9866967,6.926697,6.866697,6.726697,6.536697,6.3366966,6.156697,6.076697,6.076697,6.1066966,6.076697,5.886697,5.536697,5.016697,4.4866967,4.0866966,4.1066966,4.176697,4.286697,4.2766967,4.176697,3.9466968,3.816697,3.6966968,3.4966967,3.1066968,2.6166968,2.1866968,1.8166968,1.8366967,2.0166967,2.3266969,2.5966969,2.6366968,2.5266967,2.2566967,1.9466968,1.6266968,1.3866968,1.1966968,1.0366968,0.9066968,0.88669676,0.88669676,1.1566968,1.4266968
8.336697,8.286696,8.126697,7.9666967,8.056697,8.266697,8.496696,8.726697,8.916697,9.086697,9.266697,9.446697,9.556697,9.536696,9.406696,9.2066965,8.976697,8.876697,8.866696,8.726697,8.436697,7.9666967,7.496697,7.0666966,6.6466966,6.3366966,6.1466966,6.0466967,5.996697,6.3166966,6.246697,6.1966968,6.096697,5.996697,5.886697,5.786697,5.936697,6.0266967,5.976697,5.866697,5.726697,5.556697,5.5666966,5.6666965,5.726697,5.5666966,5.3166966,5.1966968,5.096697,5.016697,4.906697,4.7766967,4.596697,4.266697,3.9066968,3.6166968,3.4966967,3.4966967
7.9866967,8.056697,8.106697,8.196697,8.416697,8.746696,9.176697,9.646697,10.086697,10.436697,10.576696,10.576696,10.506697,10.466697,10.506697,10.556697,10.676697,10.796697,10.736697,10.476697,10.166697,9.836697,9.506697,9.116696,8.786696,8.696697,8.666697,8.496696,8.156696,7.9466968,8.076696,8.236697,8.156696,8.336697,8.376697,8.336697,8.336697,8.216697,8.146697,7.996697,7.556697,6.866697,6.186697,5.7966967,5.726697,5.8766966,6.1466966,6.186697,5.926697,5.6966968,5.496697,5.2366967,4.886697,4.5066967,4.346697,4.4166965,4.5466967,4.366697
7.116697,7.346697,7.7366967,8.246696,8.786696,9.376697,9.726697,9.916697,10.026697,10.176697,10.436697,11.056697,11.766697,12.296697,12.226697,12.146697,11.9566965,11.616696,11.416697,11.416697,11.596697,11.996696,12.156696,12.056697,12.076696,12.266697,12.446697,12.346697,12.066697,11.786696,11.396697,10.966697,10.626697,10.286696,9.926697,9.446697,10.086697,10.136697,10.246696,10.336697,10.366696,10.356697,10.336697,10.276697,10.316697,10.426697,10.416697,10.246696,10.046697,9.906696,9.696697,9.526697,9.566697,9.816697,10.086697,10.2066965,10.186697,9.976697
5.3766966,5.7966967,6.186697,6.726697,7.476697,8.196697,8.786696,9.306697,9.756697,10.316697,10.916697,11.156696,11.2066965,11.4566965,11.736697,11.846697,11.966697,12.196697,12.476697,12.746696,12.996696,13.136697,13.356697,13.496696,13.636697,13.906696,14.086697,14.056697,14.046697,13.9566965,13.766697,13.496696,13.146697,12.836697,12.636697,12.616696,12.436697,12.096697,11.756697,11.636697,11.626697,11.396697,11.396697,11.506697,11.286696,10.856697,10.906696,10.816697,10.596697,10.496696,10.586697,10.826696,10.826696,10.766697,10.726697,10.596697,10.136697,9.736697
3.2166967,3.5766969,4.1066966,4.6466966,5.0266967,5.386697,5.7566967,6.1266966,6.496697,7.0866966,7.7166967,8.266697,9.046697,9.676697,10.316697,11.036696,11.726697,12.346697,12.876697,13.236697,13.566697,13.916697,13.976697,13.966697,13.866696,14.326696,15.086697,15.546697,15.856697,15.876697,15.906696,15.676697,15.426697,15.266697,14.886697,14.506697,14.7066965,14.726697,14.876697,15.046697,14.526697,13.786696,13.356697,13.466697,13.726697,13.846697,13.816697,13.7066965,13.476697,13.186697,12.976697,12.7066965,12.366696,12.046697,11.746696,11.366696,11.076696,10.816697
-1.3033032,-0.4633032,0.23669678,0.87669677,1.6266968,2.316697,2.8666968,3.4966967,4.286697,4.906697,5.5266967,6.5466967,7.4466968,8.216697,8.946697,9.526697,10.026697,10.436697,10.9566965,11.516697,11.946697,12.286696,12.916697,13.376697,13.726697,14.046697,14.346697,14.646697,15.036696,15.396697,15.616696,15.746696,15.666697,15.516697,15.446697,15.366696,15.286696,15.156696,14.946697,14.776697,14.656696,14.506697,14.326696,14.136697,14.006697,13.936697,13.716697,13.366696,12.926697,12.426697,11.856697,11.526697,11.526697,11.786696,11.926697,12.086697,12.236697,12.346697
-6.343303,-5.3733034,-4.3733034,-3.3333032,-2.2433033,-1.2633033,-0.48330322,0.19669677,0.99669677,1.8366967,2.6466968,3.4866967,4.116697,4.436697,4.7566967,5.1666965,5.786697,6.576697,7.476697,8.366696,9.176697,9.606697,9.726697,9.736697,10.096697,10.506697,10.836697,11.106697,11.246696,11.606697,12.066697,12.626697,13.196697,13.626697,13.806697,14.036696,13.976697,13.876697,13.776697,13.586697,13.316697,12.9566965,12.796697,12.616696,12.246696,11.966697,11.926697,11.796697,11.526697,11.366696,11.246696,11.096697,10.946697,10.796697,11.336697,11.226697,11.426697,11.796697
-4.9333034,-4.0333033,-3.4233031,-2.7833033,-2.2233033,-1.9333032,-1.7533032,-1.4133033,-0.86330324,-0.21330322,0.4466968,1.0466968,1.5266968,2.0966969,2.816697,3.5966969,4.226697,4.636697,4.9866967,5.386697,5.826697,6.156697,6.6066966,7.246697,7.7766967,8.306697,8.946697,9.416697,9.7066965,9.976697,10.266697,10.546697,10.796697,10.966697,11.156696,11.196697,11.2066965,11.266697,11.346697,11.416697,11.546697,11.726697,11.806697,11.7066965,11.616696,11.506697,11.326696,11.076696,10.626697,10.246696,10.006697,9.996696,10.186697,10.176697,10.046697,9.306697,8.996696,9.736697
-4.733303,-4.7233033,-3.8333032,-2.2533033,-0.6633032,0.19669677,0.43669677,0.7866968,1.2366967,1.6266968,1.9166968,1.9466968,1.5966967,1.2666968,1.4066968,1.6766968,1.9966968,2.2466967,2.4966967,2.7566967,3.1866968,3.6666968,4.186697,4.6266966,5.016697,5.346697,5.7366967,6.2566967,6.536697,6.8966966,7.206697,7.3966966,7.636697,8.006697,8.366696,8.626697,8.836697,8.936697,8.976697,9.076696,9.176697,9.196697,9.036696,8.856697,8.736697,8.636697,8.816697,9.096697,9.176697,9.046697,8.666697,7.956697,7.6066966,7.366697,7.0066967,6.976697,7.456697,7.826697
-6.483303,-5.923303,-4.7833033,-3.7933033,-3.0733032,-2.7433033,-2.4733033,-1.9433032,-1.6833032,-1.6633033,-1.5333033,-1.1633033,-0.6533032,-0.3033032,-0.093303226,-0.15330322,-0.3033032,-0.5133032,-0.4633032,-0.37330323,-0.39330322,-0.28330323,0.29669678,1.3666968,2.1566968,1.8566967,1.7866968,2.0466967,2.2266967,2.2566967,2.3866968,2.5866969,2.816697,2.9366968,2.9466968,2.8766968,2.7966967,2.7866967,3.2066967,3.9066968,4.426697,4.9866967,5.346697,5.5466967,5.956697,5.8566966,5.2166967,4.9866967,5.0866966,4.6266966,4.036697,4.176697,4.456697,4.686697,4.6066966,4.176697,3.8366969,3.7266967
-9.0433035,-8.123303,-7.273303,-7.0533032,-6.843303,-6.593303,-6.2633033,-5.8933034,-5.823303,-5.903303,-5.8333035,-5.9333034,-5.8933034,-5.9733033,-5.9733033,-6.023303,-5.9533033,-5.7633033,-5.7833033,-5.823303,-5.843303,-5.193303,-6.323303,-6.023303,-6.1833034,-5.963303,-5.003303,-4.8333035,-5.6633034,-5.9133034,-5.063303,-4.4333034,-3.7333033,-2.443303,-1.0633032,0.43669677,1.0366968,1.4966968,1.4866967,1.5466968,1.5666968,1.5866967,1.7366967,1.8866968,1.7966968,1.8466967,2.1366968,2.566697,2.7866967,2.6966968,2.7466967,2.8866968,2.9066968,3.1766968,3.1966968,2.806697,2.1766968,1.7466968
-10.683303,-10.333303,-10.383304,-10.343304,-9.983303,-10.183303,-10.533303,-10.433303,-9.963304,-9.383304,-9.363303,-9.603303,-9.673304,-9.5433035,-10.323303,-10.453303,-10.023303,-10.243303,-9.953303,-9.233303,-10.693303,-12.233303,-12.313303,-11.033303,-11.033303,-10.573303,-9.673304,-8.453303,-7.3033032,-6.0133033,-4.9333034,-4.1833034,-3.5333033,-2.9233031,-2.3533032,-2.0033033,-1.9633032,-1.7533032,-1.3533032,-1.3333032,-1.4433032,-1.2933033,-1.0533032,-0.7133032,-0.31330323,-0.0033032226,0.15669678,0.36669677,0.7266968,1.1966968,1.6266968,2.0166967,2.4166968,2.5966969,2.5366967,2.2966967,1.8166968,1.6166968
-7.823303,-7.943303,-7.4533033,-7.713303,-8.953303,-9.553303,-9.713304,-10.183303,-9.623303,-9.403303,-9.453303,-9.743303,-9.703303,-11.063303,-11.833303,-12.093304,-12.013303,-12.0433035,-11.923304,-12.253304,-12.563303,-12.253304,-12.823303,-12.493303,-12.753304,-11.443303,-10.113303,-9.673304,-7.4133034,-6.6233034,-6.293303,-5.923303,-5.5333033,-4.923303,-4.5533032,-4.483303,-4.343303,-3.9633033,-3.6333032,-3.0833032,-2.8233032,-3.0933032,-3.2533033,-2.933303,-2.3733032,-1.9933032,-1.8133032,-1.6133032,-1.2833033,-0.9433032,-0.8833032,-0.93330324,-0.80330324,-0.6033032,-0.4633032,-0.093303226,-0.22330323,-0.4933032
-5.3033032,-6.063303,-6.3533034,-6.793303,-6.753303,-7.653303,-8.403303,-8.443303,-9.013303,-10.273303,-7.1033034,-3.7933033,-3.5633032,-5.4133034,-7.733303,-8.733303,-8.413303,-8.143303,-8.113303,-8.433303,-8.223303,-8.173304,-7.8533034,-7.1633034,-5.443303,-6.293303,-7.063303,-7.5833035,-7.063303,-7.0333033,-7.793303,-6.423303,-5.9133034,-5.7633033,-5.753303,-5.503303,-5.3533034,-5.293303,-5.1233034,-4.5333033,-3.8933032,-3.5633032,-3.6333032,-4.3333035,-4.633303,-5.1633034,-5.543303,-5.7433033,-5.843303,-5.7833033,-5.4733033,-5.443303,-5.813303,-6.0133033,-5.653303,-5.313303,-5.073303,-4.823303
-5.3533034,-5.3933034,-5.153303,-4.5533032,-4.2033033,-4.443303,-5.563303,-7.003303,-7.4933033,-6.823303,-9.133304,-5.883303,-3.7033033,-2.8233032,-0.74330324,0.7366968,-0.7133032,-2.8433032,-2.0133033,0.8066968,-0.35330322,-1.0433033,-4.443303,-5.293303,-6.7633033,-5.793303,-6.233303,-8.2933035,-8.703303,-8.593304,-7.9133034,-7.1433034,-6.573303,-6.2833033,-5.693303,-5.523303,-5.8333035,-6.2433033,-6.063303,-5.4933033,-5.5333033,-5.2233033,-5.003303,-4.653303,-5.1633034,-6.133303,-7.523303,-8.663303,-9.373303,-9.833303,-10.283303,-10.973303,-12.143303,-12.103303,-11.143303,-10.193303,-9.863303,-9.683303
-4.773303,-4.1633034,-3.7533033,-2.5633032,-2.1333032,-2.8833032,-3.943303,-2.1033032,-2.9633033,-2.933303,-1.1933032,-5.4733033,-3.4233031,-2.6433032,-1.6333032,-0.5933032,0.29669678,1.3066968,0.056696776,-0.37330323,-1.5333033,-0.5733032,-0.9133032,-1.0933032,-2.5333033,-3.9733033,-3.1533031,-3.5733032,-2.1733031,-4.113303,-7.293303,-8.693303,-5.8933034,-5.1233034,-3.7033033,-3.2033033,-5.8033032,-2.5633032,-6.313303,-6.1033034,-5.0833035,-4.5333033,-4.2433033,-4.1233034,-5.423303,-7.693303,-9.263303,-8.663303,-7.133303,-6.6233034,-6.313303,-6.193303,-6.5833035,-6.653303,-5.0333033,-2.3433032,-3.3133032,-8.153303
-3.3333032,-2.0333033,-2.8933032,-0.93330324,-2.3933032,-2.3633032,-1.3733032,0.6766968,0.95669675,0.9166968,2.2466967,1.3466967,-1.8833032,-2.2833033,-1.6333032,-2.0733032,-0.32330322,1.8966968,-1.2433032,-4.883303,-7.543303,-7.443303,-6.4533033,-3.2133033,-3.693303,-3.1233032,-4.693303,-3.6033032,-3.9733033,-3.5433033,-4.383303,-5.383303,-5.6633034,-4.8033032,-6.313303,-6.1833034,-5.883303,-6.2833033,-6.1833034,-5.573303,-5.403303,-4.293303,-3.2633033,-3.3133032,-2.1433032,-0.45330322,-1.6233032,-1.0333033,-0.73330325,-0.8333032,-0.67330325,-0.9033032,-2.0333033,-1.5633032,-1.2333032,-1.5333033,-1.5133033,-0.5333032
-2.1433032,-0.92330325,-0.8833032,-2.1333032,-0.8933032,0.7366968,0.32669678,2.4066968,1.3866968,0.76669675,0.9766968,0.7366968,-2.5133033,-1.4533032,-1.6833032,0.34669676,0.086696774,0.76669675,-3.7933033,-6.883303,-6.8033032,-8.603303,-7.213303,-5.363303,-3.2433033,-3.7033033,-4.733303,-6.3733034,-8.0433035,-7.2433033,-5.073303,-3.9133031,-4.293303,-4.323303,-3.9933033,-1.0433033,1.0266968,0.076696776,-0.17330322,-0.2733032,-5.4133034,-3.3733032,-2.1733031,-1.7833033,0.74669677,-4.3333035,-4.443303,-3.0033033,-1.7733033,-1.8733032,-1.2833033,-1.6833032,-1.3733032,-1.2633033,-1.0933032,-1.6533033,1.0566968,-1.0833032
-1.8933033,-1.4133033,-2.7333033,0.9866968,1.4566967,0.15669678,-0.04330322,0.15669678,1.8166968,1.7666968,1.9666967,-2.3733032,-2.3933032,-4.593303,-3.3133032,-2.9233031,0.42669678,0.5466968,-4.323303,-3.8433032,-4.693303,-8.153303,-4.8733034,-2.8433032,-2.2633033,-3.0433033,-3.5733032,-4.0533032,-2.683303,-1.4833032,-1.4733032,-0.80330324,0.8466968,-1.5533032,-2.5033033,-4.343303,-5.3333035,-4.213303,-4.523303,-1.2333032,-1.0933032,1.0666968,-1.8233032,3.4566967,1.1766968,-1.1533033,2.1166968,1.6866968,2.1866968,0.116696775,-1.1433033,-0.063303225,-1.2333032,-0.99330324,-0.3633032,0.37669677,4.806697,3.316697
-0.063303225,-0.2733032,-0.22330323,0.086696774,-0.48330322,1.4066968,-2.7933033,-1.6533033,1.9366968,2.2966967,-0.5133032,-5.6033034,-5.273303,-5.6633034,-3.0733032,-1.7733033,0.17669678,1.6066967,-1.2833033,-4.4733033,-1.5133033,-6.1433034,-5.7833033,-3.4133031,-2.3033032,0.27669677,-0.16330323,0.06669678,-4.003303,-4.903303,-2.0833032,-1.1033032,-0.16330323,2.0766969,0.9866968,-4.313303,-4.1833034,-1.6633033,-1.7833033,-0.7733032,-1.6433033,-0.8833032,-2.2733033,-2.4633033,0.5866968,-0.34330323,0.9066968,-0.56330323,-0.44330323,1.4266968,-0.81330323,-1.2733033,-0.8233032,0.6766968,-0.8233032,-0.86330324,-0.08330322,0.32669678
