static/data/gfs.t00z.pgrb2.1p00.f14.json
{"header": {"discipline":0,"disciplineName":"Meteorological products","gribEdition":2,"gribLength":81250,"center":7,"centerName":"US National Weather Service - NCEP(WMC)","subcenter":0,"refTime":"2019-06-20T00:00:00.000Z","significanceOfRT":1,"significanceOfRTName":"Start of forecast","productStatus":0,"productStatusName":"Operational products","productType":1,"productTypeName":"Forecast products","productDefinitionTemplate":0,"productDefinitionTemplateName":"Analysis/forecast at horizontal level/layer at a point in time","parameterCategory":2,"parameterCategoryName":"Momentum","parameterNumber":3,"parameterNumberName":"V-component_of_wind","parameterUnit":"m.s-1","genProcessType":2,"genProcessTypeName":"Forecast","forecastTime":21,"surface1Type":100,"surface1TypeName":"Isobaric surface","surface1Value":100000.0,"surface2Type":255,"surface2TypeName":"Missing","surface2Value":0.0,"gridDefinitionTemplate":0,"gridDefinitionTemplateName":"Latitude_Longitude","numberPoints":65160,"shape":6,"shapeName":"Earth spherical with radius of 6,371,229.0 m","gridUnits":"degrees","resolution":48,"winds":"true","scanMode":0,"nx":360,"ny":181,"basicAngle":0,"lo1":0.0,"la1":90.0,"lo2":359.0,"la2":-90.0,"dx":1.0,"dy":1.0}, "data":
[rows 130 to 155 of 181, columns 116 to 173 of 360]
-9.844478,-9.434478,-8.884478,-8.694477,-7.8644776,-6.7444777,-5.7344775,-4.8544774,-1.8644775,-0.9744775,-5.1244774,-4.0144777,-5.0844774,-4.0844774,-3.0744774,-2.7244775,-3.0144775,-1.7344775,0.06552246,0.5755225,0.54552245,1.0955224,1.0155225,2.6455224,4.5755224,4.7655225,5.2155223,7.1755223,7.6955223,9.655522,10.415523,9.725522,7.3555226,11.315522,11.7455225,10.365522,10.135523,8.215523,7.6955223,7.5355225,6.5055223,6.2455225,2.3455224,1.4655224,0.54552245,-0.59447753,-1.9544775,-2.4044776,-2.3444777,0.14552246,1.0355225,1.7555225,2.4355226,3.6655226,3.7555225,3.9755225,1.7455225,0.43552247
-8.694477,-8.224478,-7.6344776,-7.5944777,-7.9044776,-6.5244775,-6.1844773,-4.0744777,-2.6244776,-0.02447754,-2.4644775,-3.7544775,-1.9344776,-6.0844774,-4.5044775,-2.8744776,-1.5844775,-1.5044775,-1.6044775,-0.87447757,0.23552246,1.9755225,1.8255224,3.3055224,4.6655226,7.1255226,6.9255223,8.785522,10.295523,6.4655223,5.1255226,6.3255224,2.2155225,13.035522,10.655522,9.445522,9.395522,9.235522,9.285522,8.385523,7.1355224,6.5555224,5.4855223,3.7855225,2.3155224,0.42552245,-1.4944775,-3.0044775,-4.0744777,-2.4344776,-1.2544775,-0.124477535,1.0655224,2.2355225,2.1555223,3.3155224,0.47552246,-0.014477539
-9.964478,-9.2544775,-8.984478,-8.054478,-8.024478,-7.2944775,-7.0644774,-5.0744777,-4.0444775,-3.0044775,-1.6844776,-0.22447754,-1.1544776,-1.4044776,-6.1844773,-4.8444777,-3.3844776,-2.4344776,-2.6544776,-1.9844775,-0.8044775,0.72552246,1.5855224,2.6055224,4.5155225,5.5355225,7.4755225,8.155522,9.175523,10.025522,2.3455224,2.2655225,1.8355224,12.725522,10.285522,10.595523,11.035522,11.205523,11.125523,10.505523,10.065522,8.575522,5.5155225,2.9855225,-0.16447754,-2.5144775,-3.6844776,-4.3144774,-4.4344773,-4.5744777,-4.2144775,-3.0344775,-0.6744775,0.38552245,2.1655226,2.6055224,-0.8644775,-1.3344775
-11.574477,-10.304478,-9.514478,-8.354478,-7.6844773,-7.8544774,-7.1344776,-6.2944775,-5.2144775,-4.3744774,-4.3544774,-2.9344776,-1.6544776,0.25552246,-2.6744776,-6.0044775,-4.8344774,-3.9244776,-3.0144775,-2.0844774,-0.84447753,-0.06447754,1.8555225,4.7555223,1.6855224,4.0555224,5.5155225,7.7055225,7.9655223,9.505523,0.86552244,-0.45447755,8.835523,12.295523,12.525522,10.295523,11.815522,12.535522,12.485522,12.775522,12.175523,10.695522,9.315522,6.3155227,2.3455224,-2.1444776,-7.5944777,-9.324477,-8.164477,-7.9444776,-6.6544776,-5.0444775,-2.2744775,-0.35447752,1.7255225,-1.4144776,-3.1744776,-3.6544776
-10.774478,-8.764478,-7.6444774,-8.124477,-7.2344775,-6.2144775,-5.1744776,-4.474478,-6.3244777,-6.1944776,-5.1844773,-4.3544774,-3.2744775,-1.9244776,-0.77447754,0.24552245,-2.5044775,-5.8044777,-3.7244775,-2.3244774,-1.0244775,0.47552246,1.6455225,1.7755225,2.9455225,4.1655226,4.6255226,6.8655224,7.5055223,8.275522,8.455523,9.755523,10.645522,11.075522,12.625523,10.715523,11.565522,12.715523,14.285522,14.885523,14.145522,12.235522,9.695522,6.2955227,1.3255224,-1.6844776,-6.7444777,-9.204477,-12.394478,-12.144478,-9.764478,-7.5144777,-3.2744775,-1.8344775,-2.9844775,-2.8544776,-0.9244775,-4.224478
-11.034477,-9.524478,-8.144478,-6.7644777,-5.0744777,-4.474478,-3.8344774,-3.9944775,-4.7844777,-4.8544774,-6.7144775,-6.3544774,-4.3944774,-2.4844775,-1.4344776,-0.044477537,0.98552245,1.2055224,-4.3744774,-2.3544776,-0.76447755,1.6855224,3.7955225,3.2055225,1.7655225,4.3655224,4.9955225,5.3855224,6.7955227,7.9155226,8.985522,9.395522,10.505523,9.325522,11.515522,14.425523,12.205523,13.455523,15.415523,17.205523,17.155523,16.125523,11.445522,11.135523,11.235522,-6.1744776,-8.034477,-8.854478,-12.534477,-13.814478,-13.414477,-8.554478,-3.7244775,-2.2944775,-3.3544776,-2.0544775,-6.6244774,-6.8044777
-9.764478,-9.774478,-8.194477,-6.4244776,-4.7444777,-3.7944775,-1.3744775,-4.1644773,-6.2544775,-7.1344776,-8.484478,-6.8344774,-6.2544775,-4.6744776,-1.9544775,0.46552247,0.53552246,1.5755224,2.2955225,1.5255225,2.4255226,1.8155224,0.24552245,2.0155225,2.2555225,2.7955225,3.3755224,4.025522,4.8855224,6.2055225,7.9355226,8.765522,10.405522,7.9555225,10.235522,12.415523,13.705523,14.195522,16.035522,18.755522,19.825523,15.105522,11.975522,12.705523,9.655522,6.4155226,-1.8544775,-5.4344773,-9.794477,-10.634478,-13.264478,-4.7844777,-1.3244776,-1.5844775,-1.0044775,-0.05447754,-5.1444774,-4.5344777
-11.334477,-10.2544775,-8.714478,-7.1344776,-4.7444777,-2.8944776,2.1255224,-2.5644774,-3.7844775,-7.3244777,-8.174478,-6.5644774,-7.3144774,-5.8144774,-3.6744776,-1.0444776,-0.33447754,1.5055225,1.7155224,1.7555225,1.8555225,2.9855225,4.2155223,4.3255224,3.5755224,3.5455225,3.6555223,3.6355224,4.9455223,5.0555224,4.7655225,7.3955226,9.675523,8.595523,8.255523,10.885523,13.115522,13.965523,15.775522,18.875523,20.065523,9.935522,14.765522,6.8155227,6.2355223,6.5455227,6.7555223,1.5755224,0.17552246,-2.0444775,-3.7644775,-5.0244775,-0.8644775,-6.9344773,-1.8744775,-0.044477537,-6.6644773,-5.5344777
-11.334477,-11.124477,-10.184478,-8.114477,-5.5744777,-3.9444776,-0.16447754,-4.6844773,-3.6844776,-7.7144775,-6.3944774,-7.4944777,-6.6644773,-5.3644776,-3.5444775,-1.7344775,-1.1644776,0.92552245,0.21552247,0.71552247,2.7255225,4.1855226,4.9055223,4.8455224,4.3355227,4.5355225,6.0755224,7.3355227,7.8955226,6.9655223,5.5355225,5.5955224,6.9455223,7.5755224,5.2155223,9.295523,10.325522,13.175523,15.195522,17.285522,19.805523,10.445522,11.905522,9.795523,8.985522,6.4655223,4.1055226,3.4855225,2.5155225,3.3255224,0.43552247,2.8055224,2.6355224,-2.5644774,-3.8844776,-3.1744776,-7.0644774,-4.6244774
-13.424478,-12.564478,-11.064478,-9.584477,-7.8744774,-5.7144775,-3.2544775,-1.6744776,-2.8944776,-4.6044774,-7.5344777,-7.7344775,-6.4344773,-4.1144776,-3.4544775,-2.3744776,-0.75447756,0.5155225,1.5255225,2.1655226,1.0755224,-0.49447754,2.7555225,3.9255226,4.4055223,5.6955223,7.275522,8.425523,8.385523,8.215523,8.595523,9.175523,8.485522,6.6755223,7.3255224,4.5655227,7.8655224,9.385523,12.805523,14.345523,16.095522,16.865522,11.365522,8.945522,8.825522,8.695522,6.9855223,4.8555226,2.9655225,2.3955224,-2.5544775,-1.8844775,-1.6244775,-4.6544776,-5.1844773,-3.4644775,-1.3044776,-7.2844777
-14.084477,-13.294477,-12.0044775,-10.694477,-9.334477,-8.374477,-6.7644777,-5.5444775,-4.6344776,-4.4444776,-4.2544775,-4.6744776,-4.9044776,-4.5944777,-3.1444776,-1.8144776,-0.5544775,0.37552246,0.19552246,1.9355224,2.5255225,-0.5544775,-0.57447755,0.79552245,2.6355224,4.5355225,5.1855226,5.9055223,7.4155226,7.8755226,8.235522,9.015522,9.855522,9.505523,8.055523,5.7255225,4.3555226,6.2455225,8.165523,10.805523,12.565522,14.415523,15.155522,13.905522,9.015522,4.5155225,5.9155226,5.2055225,4.8155227,2.3955224,3.3455224,1.6555225,1.4755225,0.28552246,-0.87447757,-2.0244775,-3.3544776,-5.0044775
-15.224478,-13.594478,-12.764478,-11.544477,-10.574477,-10.134478,-8.674478,-7.1744776,-6.3844776,-5.4544773,-5.1044774,-4.3744774,-4.1944776,-3.5844774,-2.7244775,-2.1644776,-1.0644776,-0.9844775,-0.06447754,0.81552243,0.96552247,1.6455225,1.8755225,0.42552245,1.2955225,3.0855224,4.1755223,4.7255225,5.1955223,5.6755223,5.7655225,6.6255226,7.8555226,9.175523,9.735522,10.315522,8.845523,4.2355223,4.3055224,6.7955227,8.415523,9.415523,11.355522,11.805523,13.215523,12.375523,9.485522,1.9655224,2.3555224,2.5455225,2.4255226,2.2755225,0.005522461,0.12552246,1.0255225,-0.77447754,-2.7844775,-2.5644774
-15.334477,-14.124477,-13.064478,-12.564478,-11.224478,-10.054478,-8.784477,-8.5044775,-7.6344776,-7.3744774,-6.6344776,-5.4044776,-4.8444777,-4.2644777,-4.0444775,-3.5244775,-2.6644776,-2.1044776,-1.5444776,-1.0544776,-0.42447755,0.21552247,0.8855225,1.4555224,1.6255225,1.7755225,2.7055225,3.7055225,3.6155224,3.7155225,4.6255226,5.3955226,5.8655224,6.3155227,7.2255225,8.225522,8.915523,8.075522,7.8655224,3.7655225,2.8855224,5.0955224,5.6555223,7.9055223,9.325522,10.645522,10.775522,8.775522,3.6255224,1.6255225,0.03552246,-0.49447754,0.14552246,-1.8344775,-2.9044776,-2.6544776,-2.6244776,-3.1644776
-15.794477,-15.604478,-14.134478,-12.654477,-12.024478,-11.5044775,-10.704477,-9.614477,-8.384478,-7.7044773,-7.2744775,-6.6444774,-6.1944776,-5.4244776,-5.3044777,-4.4344773,-4.1544776,-3.0344775,-2.5544775,-2.0444775,-1.4844775,-1.5844775,-1.1344775,-0.8544775,-0.48447755,0.12552246,0.6955225,0.85552245,0.68552244,1.5055225,2.6655226,3.6155224,4.6055226,5.9155226,6.6655226,6.3655224,7.1655226,8.475522,8.445522,8.755523,4.6755223,0.18552247,2.3855224,2.8355224,3.7055225,5.3155227,7.0155225,7.5155225,7.0955224,6.5355225,2.3155224,-0.8044775,-1.7544775,-1.1244775,-1.0544776,-2.6144776,-3.5544775,-4.8944774
-15.484478,-15.634478,-14.684478,-12.634478,-12.594478,-11.984478,-11.654477,-10.674478,-9.314478,-8.734478,-7.8244777,-7.4944777,-6.7744775,-6.5044775,-6.1844773,-5.8644776,-5.3544774,-4.6944776,-3.8744776,-3.1544776,-3.0044775,-2.6844776,-2.4444776,-2.4044776,-2.8244774,-2.7744775,-2.7444775,-2.2144775,-1.2944776,-0.53447753,-0.63447756,0.30552247,1.4555224,2.5955224,3.6055224,4.5355225,4.8555226,5.5055223,7.0955224,7.6555223,7.5555224,4.3655224,4.4255223,3.6755226,-1.1344775,-0.96447754,0.9555225,2.8655224,3.2155225,2.3855224,1.5555224,1.0455225,-0.87447757,1.1255225,-0.25447753,-1.8244776,-2.0644774,-4.4944777
-13.914477,-14.384478,-13.374477,-11.724478,-11.474478,-11.474478,-11.194477,-10.704477,-10.074477,-9.104478,-8.694477,-8.434478,-7.5144777,-7.0144777,-6.5544777,-6.3444777,-5.6944776,-5.2744775,-5.0544777,-4.4244776,-3.8844776,-3.7244775,-3.4644775,-3.0944777,-3.3844776,-2.9044776,-2.9944775,-3.4944775,-3.9444776,-3.7344775,-2.8544776,-2.2144775,-1.0244775,0.26552245,1.3955225,1.8155224,2.8855224,3.9955225,4.5355225,5.4655223,6.0355225,6.4455223,7.4955225,5.7955227,2.8755224,3.6655226,-3.8444777,-3.5344775,-2.9944775,-0.71447754,-0.5444775,-0.49447754,-2.7444775,-3.9344776,-3.9544775,-5.3444777,-5.1544776,-5.0044775
-12.084477,-11.964478,-11.554478,-11.194477,-11.044477,-10.734478,-10.214478,-9.774478,-9.564478,-8.744477,-8.514478,-7.8544774,-7.7944775,-7.6844773,-6.9944777,-6.6244774,-6.2844777,-5.7944775,-5.6844773,-5.7844777,-5.1644773,-4.4644775,-3.9944775,-3.6744776,-3.4544775,-3.8844776,-2.4244776,-2.5844774,-4.4044776,-5.1644773,-5.5944777,-4.5644774,-3.3644776,-1.6344775,-0.57447755,0.6455225,1.0755224,1.3255224,2.4955225,3.3555224,3.6755226,4.275522,4.5455227,6.1055226,5.1155224,5.6355224,2.6655226,-1.1844776,-6.1044774,-6.1044774,-5.5144777,-3.0544775,-3.5944777,-3.7744775,-4.3444777,-5.5544777,-6.4444776,-5.8944774
-12.054478,-10.574477,-11.194477,-11.654477,-11.534477,-11.0044775,-10.524478,-10.134478,-9.7544775,-8.474478,-8.074477,-7.7644777,-7.4544773,-6.7744775,-6.4944777,-6.5344777,-6.8344774,-6.4944777,-6.0744777,-5.1344776,-4.0944777,-3.6944776,-3.1844776,-3.2444775,-3.3744776,-4.2144775,-5.2044773,-5.8444777,-5.6144776,-5.7144775,-6.9144773,-6.1544776,-4.9544773,-3.5144775,-1.9744775,-1.0144775,-0.51447755,-0.38447753,0.19552246,1.5755224,2.0855224,2.0155225,2.5155225,3.3155224,3.4955225,5.0855227,4.9155226,4.6055226,0.59552246,-5.8544774,-7.3044777,-7.0244775,-6.8844776,-5.1944776,-4.7744775,-5.0144777,-5.4944777,-5.5044775
-11.5044775,-12.354478,-12.654477,-12.144478,-11.474478,-11.724478,-9.744477,-9.354478,-9.114477,-8.764478,-8.104478,-7.3944774,-7.1344776,-6.8644776,-7.1044774,-7.0044775,-6.7644777,-6.7444777,-6.4044776,-6.1044774,-5.4844775,-4.5544777,-4.1244774,-3.7844775,-3.7044775,-4.1744776,-4.7544775,-6.2844777,-7.474478,-7.1744776,-7.3644776,-7.8744774,-6.6944776,-5.1544776,-4.2144775,-2.7644775,-1.7544775,-0.89447755,0.18552247,0.7755225,0.68552244,1.3755225,1.5455225,1.7655225,2.1155224,2.2955225,2.8555224,3.6355224,2.9955225,1.5355225,-4.8044777,-6.7544775,-7.5344777,-7.3244777,-6.9944777,-6.3144774,-5.7444777,-6.0244775
-5.6344776,-10.224478,-11.624477,-11.814478,-12.104478,-11.844478,-11.384478,-10.924478,-10.5044775,-10.314478,-10.0044775,-9.854478,-9.154477,-7.9344773,-7.7544775,-7.6044774,-6.6444774,-6.1644773,-5.7444777,-5.1544776,-4.474478,-4.0044775,-3.4944775,-3.2344775,-3.4544775,-3.6144776,-3.6644776,-4.4044776,-5.7544775,-8.014478,-8.954477,-8.324477,-7.1044774,-5.9344773,-4.5244775,-3.4344776,-2.3144774,-1.2844776,-0.32447755,0.005522461,-0.20447753,-0.24447754,0.24552245,0.38552245,0.22552246,0.28552246,1.0955224,1.0155225,1.6255225,2.4255226,1.0855224,-0.78447753,-5.7644777,-8.084477,-8.094478,-7.6844773,-7.5644774,-7.2044773
-6.0244775,-5.4344773,-7.2644777,-9.514478,-10.374477,-10.674478,-10.624477,-10.044477,-9.764478,-9.684478,-9.234478,-8.804478,-8.574477,-8.174478,-7.8444777,-7.7044773,-7.0744777,-6.0944777,-5.4444776,-3.9644775,-3.4744775,-3.1644776,-2.7744775,-2.5344775,-2.2044775,-2.3944776,-2.2844775,-3.1944776,-4.2344775,-8.144478,-9.454477,-7.6344776,-6.2444777,-4.4244776,-3.6144776,-2.7144775,-1.3844775,-0.57447755,0.20552246,0.55552244,0.86552244,0.19552246,0.13552245,0.54552245,1.1455225,0.34552246,-0.6644775,-0.30447754,-0.24447754,-0.32447755,0.5055225,0.21552247,0.27552247,2.1155224,-1.4644775,-9.034477,-9.344478,-9.104478
-7.8844776,-7.0944777,-6.4444776,-7.0044775,-7.9144773,-8.354478,-8.694477,-8.854478,-8.644478,-8.474478,-8.134478,-7.9144773,-7.5444775,-7.0644774,-6.6344776,-6.2644777,-5.4144773,-4.0144777,-3.8544776,-3.3444777,-2.5644774,-1.3244776,-1.0544776,-0.77447754,-0.6044775,-1.4044776,-2.5444775,-3.8844776,-4.7544775,-5.4544773,-3.9744775,-2.9044776,-2.8444777,-1.7944776,-0.77447754,0.005522461,0.5255225,0.62552243,0.80552244,1.5655224,1.5955224,1.1155225,0.71552247,0.53552246,0.015522461,-0.11447754,-0.62447757,-0.64447755,-1.6044775,-1.8044776,-2.1344776,-1.5244775,-1.2844776,-1.3044776,-0.49447754,0.11552246,-4.5844774,-8.384478
8.795523,3.2055225,-2.8844776,-5.4844775,-6.9344773,-7.5544777,-7.8144774,-7.6444774,-7.3144774,-7.4944777,-7.4044776,-7.2944775,-5.6644773,-3.9944775,-3.9244776,-4.3844776,-3.5744774,-2.9844775,-2.6944776,-2.5544775,-2.5244775,-2.3244774,-1.6744776,-1.1344775,-0.6744775,-0.6644775,-1.3544775,-1.9944775,-2.2044775,-1.9744775,-1.5644776,-0.7244775,0.91552246,2.4955225,3.2155225,4.0155225,4.6855226,4.6555223,4.7455225,4.2355223,4.0455227,3.5055225,2.9155226,2.5455225,1.3155224,-2.1044776,-2.1944776,-1.2644775,-2.1944776,-3.5644774,-3.6644776,-4.1944776,-4.0844774,-3.3844776,-2.9644775,-2.6544776,-2.0344775,-2.6344776
3.8655224,2.3055224,2.7055225,2.8955224,2.1355224,2.2655225,0.40552247,-2.6344776,-4.6444774,-5.6744776,-6.8344774,-7.1044774,-7.1044774,-6.2444777,-5.8844776,-5.0244775,-3.9344776,-3.7844775,-3.3644776,-2.9044776,-2.3044775,-1.4544775,0.005522461,0.7555225,0.85552245,0.37552246,0.54552245,1.2755225,1.6255225,1.4855225,1.7355225,2.7255225,3.6855226,4.2455225,5.1655226,5.1655226,5.0655227,4.7655225,4.8655224,4.8755226,4.6555223,4.2055225,4.5155225,3.7355225,2.9855225,2.1455224,1.1555225,-0.29447755,-2.2144775,-1.9844775,-5.8344774,-5.8844776,-5.9244776,-5.3244777,-5.0944777,-4.5844774,-3.7944775,-4.0644774
0.80552244,0.84552246,1.5855224,0.73552245,-1.0044775,-0.69447756,-2.4744775,-2.0144775,-0.47447753,-0.7244775,-2.8144774,-4.474478,-3.5744774,-3.1744776,-2.7144775,-1.8644775,-1.0944775,-0.62447757,-0.10447754,0.24552245,-0.20447753,-0.09447754,0.65552247,0.20552246,0.44552246,0.80552244,0.9455225,0.22552246,0.045522463,0.25552246,0.80552244,1.9955225,2.0055225,2.4455225,3.0155225,3.7155225,3.4355226,3.6455224,3.9455225,4.2255225,4.5355225,4.5855227,4.8655224,4.8155227,4.0755224,2.3755224,0.5155225,-0.7444775,-1.3844775,-2.1044776,-3.0644774,-4.0044775,-4.5544777,-4.9244776,-5.5644774,-5.6344776,-4.9944777,-5.3044777
-1.6944776,-3.7644775,-3.7044775,-2.9344776,-2.0244775,-2.7544775,-0.9944775,0.36552247,0.55552244,1.1555225,0.9555225,0.54552245,-0.03447754,-0.33447754,-0.83447754,-0.9744775,-1.0144775,-0.8644775,-0.58447754,-0.50447756,-0.78447753,-1.1744776,-1.4744775,-1.4644775,-0.9744775,-0.044477537,0.73552245,1.0155225,0.9555225,1.0255225,1.1255225,1.1455225,1.3555225,1.3055224,2.2155225,3.6455224,4.8055224,4.3955226,4.0555224,4.3155227,5.3255224,6.0955224,6.6655226,7.0555224,7.0755224,7.3255224,8.795523,0.16552246,-2.2944775,-2.7944775,-3.3244774,-3.6844776,-4.5844774,-5.0144777,-5.3044777,-5.3044777,-5.2544775,-5.0844774
