static/data/gfs.t00z.pgrb2.1p00.f6.json
{"header": {"discipline":0,"disciplineName":"Meteorological products","gribEdition":2,"gribLength":79985,"center":7,"centerName":"US National Weather Service - NCEP(WMC)","subcenter":0,"refTime":"2019-06-20T00:00:00.000Z","significanceOfRT":1,"significanceOfRTName":"Start of forecast","productStatus":0,"productStatusName":"Operational products","productType":1,"productTypeName":"Forecast products","productDefinitionTemplate":0,"productDefinitionTemplateName":"Analysis/forecast at horizontal level/layer at a point in time","parameterCategory":2,"parameterCategoryName":"Momentum","parameterNumber":2,"parameterNumberName":"U-component_of_wind","parameterUnit":"m.s-1","genProcessType":2,"genProcessTypeName":"Forecast","forecastTime":9,"surface1Type":100,"surface1TypeName":"Isobaric surface","surface1Value":100000.0,"surface2Type":255,"surface2TypeName":"Missing","surface2Value":0.0,"gridDefinitionTemplate":0,"gridDefinitionTemplateName":"Latitude_Longitude","numberPoints":65160,"shape":6,"shapeName":"Earth spherical with radius of 6,371,229.0 m","gridUnits":"degrees","resolution":48,"winds":"true","scanMode":0,"nx":360,"ny":181,"basicAngle":0,"lo1":0.0,"la1":90.0,"lo2":359.0,"la2":-90.0,"dx":1.0,"dy":1.0}, "data":
[rows 104 to 129 of 181, columns 177 to 235 of 360]
-9.023374,-9.243374,-8.363374,-8.183374,-7.563374,-7.083374,-7.393374,-7.203374,-6.313374,-6.003374,-4.643374,-3.943374,-1.803374,0.066625975,0.856626,0.636626,0.19662598,-1.263374,-2.363374,-2.173374,-1.593374,-1.393374,-2.313374,-2.783374,-1.503374,0.18662597,1.536626,1.7166259,2.256626,-1.503374,-4.573374,-3.533374,-4.043374,-3.263374,-5.533374,-4.583374,-6.883374,-6.733374,-6.273374,-8.313374,-8.683374,-8.723374,-8.613374,-9.693374,-9.393374,-8.953374,-9.253374,-8.733374,-8.223374,-7.633374,-7.523374,-8.323374,-8.953374,-10.503374,-12.633374,-13.133374,-14.053374,-12.503374,-11.043374
-7.893374,-9.933374,-9.223374,-7.993374,-8.063374,-7.363374,-7.543374,-7.733374,-6.943374,-7.473374,-6.573374,-5.423374,-4.083374,-2.683374,-1.6533741,-1.183374,-1.133374,-1.513374,-4.443374,-4.683374,-5.033374,-4.303374,-5.8433743,-4.073374,-1.7833741,-1.643374,-1.213374,-2.583374,0.066625975,-2.823374,-3.313374,-2.573374,-3.543374,-3.2233741,-4.113374,-5.303374,-5.903374,-6.723374,-7.383374,-8.013374,-7.633374,-8.593374,-8.363374,-8.683374,-9.003374,-9.323374,-8.373374,-7.763374,-6.403374,-6.663374,-6.743374,-7.633374,-10.653374,-11.053374,-12.923374,-14.083374,-13.273374,-11.803374,-10.753374
-9.273374,-9.153374,-7.823374,-7.673374,-8.383374,-7.393374,-8.313374,-7.923374,-8.483374,-7.813374,-7.313374,-7.193374,-6.303374,-4.0933743,-2.9633741,-2.683374,-2.743374,-3.253374,-7.073374,-5.8433743,-4.893374,-6.663374,-5.513374,-3.393374,-2.613374,-2.143374,-1.643374,-3.253374,-4.443374,-6.253374,-3.043374,-2.603374,-1.703374,-3.613374,-3.763374,-4.603374,-5.293374,-7.143374,-7.293374,-8.123374,-8.003374,-8.173374,-8.523374,-9.363374,-10.063374,-8.483374,-7.733374,-7.493374,-8.053374,-8.333374,-10.183374,-11.813374,-11.943374,-13.283374,-14.283374,-13.423374,-11.943374,-10.523374,-10.343374
-11.123374,-10.843374,-8.143374,-8.093374,-7.763374,-8.923374,-8.993374,-8.833374,-8.653374,-9.033374,-9.013374,-7.443374,-7.153374,-6.813374,-5.393374,-5.473374,-7.273374,-9.893374,-9.043374,-7.673374,-5.183374,-1.803374,-1.943374,-0.69337404,1.2266259,0.38662598,-1.433374,-3.143374,-3.623374,-4.393374,-6.033374,-4.073374,-3.983374,-3.053374,-4.253374,-5.373374,-5.283374,-7.5933743,-7.453374,-6.813374,-7.133374,-7.643374,-8.683374,-9.133374,-8.8533745,-8.063374,-7.563374,-7.833374,-9.363374,-11.143374,-11.493374,-12.573374,-13.413374,-14.183374,-13.393374,-11.553374,-10.683374,-10.303374,-10.373374
-10.923374,-1.453374,-8.183374,-8.953374,-9.003374,-8.983374,-10.023374,-9.653374,-9.8533745,-10.203374,-10.573374,-9.953374,-9.203374,-8.953374,-7.623374,-7.973374,-8.313374,-9.503374,-9.843374,-9.203374,-3.353374,-0.38337404,0.496626,3.076626,3.756626,-0.853374,-2.093374,-4.623374,-4.123374,-4.153374,-5.483374,-4.493374,-3.643374,-4.613374,-6.473374,-6.183374,-7.423374,-8.163374,-8.163374,-5.543374,-4.983374,-6.293374,-7.473374,-8.613374,-8.463374,-8.453374,-8.433374,-8.943374,-11.3533745,-13.233374,-13.323374,-13.8533745,-13.623374,-13.093374,-11.333374,-10.273374,-11.413374,-10.033374,-9.923374
-8.373374,-7.663374,-7.103374,-8.233374,-9.123374,-9.613374,-10.403374,-10.383374,-10.243374,-10.303374,-10.633374,-10.333374,-10.643374,-10.443374,-10.313374,-8.553374,-5.703374,-6.073374,-4.163374,-9.223374,-8.903374,-2.983374,4.506626,3.236626,2.116626,-0.40337402,-3.343374,-4.103374,-4.193374,-2.4733741,-1.753374,-3.103374,-1.883374,-8.1033745,-3.7133741,-6.553374,-10.203374,-9.683374,-8.823374,-7.143374,-6.963374,-7.933374,-7.243374,-10.463374,-12.003374,-12.233374,-10.593374,-10.393374,-13.813374,-14.453374,-12.833374,-12.973374,-12.323374,-12.503374,-11.673374,-10.453374,-9.303374,-9.3533745,-9.623374
-6.993374,-6.423374,-6.3433743,-8.253374,-8.473374,-9.003374,-9.473374,-9.143374,-9.883374,-9.423374,-10.203374,-10.203374,-9.943374,-9.923374,-9.533374,-9.413374,-9.363374,-8.413374,-1.253374,-4.5933743,-1.5333741,-1.623374,3.196626,5.456626,3.136626,-1.743374,-4.013374,-5.643374,-12.093374,-5.753374,-1.9033741,-3.7233741,-3.823374,-6.063374,-9.733374,-9.433374,-10.113374,-8.723374,-6.393374,-8.833374,-9.573374,-8.583374,-10.463374,-9.963374,-16.243374,-17.713373,-15.1033745,-13.713374,-13.223374,-12.463374,-11.333374,-12.363374,-12.543374,-12.083374,-11.423374,-10.633374,-9.903374,-9.363374,-9.873374
-6.633374,-5.653374,-6.003374,-6.943374,-8.803374,-9.653374,-9.363374,-9.553374,-10.403374,-10.773374,-10.593374,-10.273374,-9.383374,-8.763374,-9.033374,-8.6033745,-8.473374,-7.073374,-7.483374,-3.943374,-2.343374,0.39662597,3.706626,3.336626,1.266626,0.33662596,-2.353374,-4.5933743,-6.703374,-3.883374,-0.533374,1.2266259,-8.173374,-8.883374,-10.923374,-9.713374,-10.323374,-10.043374,-9.393374,-10.213374,-10.573374,-11.023374,-9.8533745,-10.733374,-11.433374,-12.803374,-14.033374,-12.483374,-12.533374,-11.153374,-11.023374,-12.993374,-12.233374,-11.313374,-11.883374,-11.273374,-9.973374,-9.333374,-10.263374
-5.823374,-5.833374,-5.013374,-8.183374,-9.143374,-9.863374,-9.823374,-10.513374,-11.033374,-11.223374,-10.8533745,-10.1033745,-9.843374,-9.893374,-9.143374,-8.983374,-6.883374,-6.503374,-5.573374,-5.453374,-3.633374,0.45662597,0.62662596,-1.943374,-1.2933741,-1.263374,-3.413374,-2.4733741,-6.063374,-3.193374,-2.273374,-6.463374,-8.533374,-8.863374,-9.593374,-9.983374,-9.873374,-10.023374,-9.113374,-11.033374,-11.763374,-12.253374,-10.893374,-10.613374,-12.093374,-12.503374,-13.093374,-11.143374,-10.153374,-9.803374,-11.173374,-13.733374,-13.483374,-11.6033745,-11.253374,-9.113374,-9.413374,-8.073374,-9.403374
-6.243374,-7.683374,-8.833374,-9.833374,-10.093374,-10.233374,-10.373374,-11.193374,-10.893374,-10.483374,-9.623374,-8.6033745,-8.293374,-7.793374,-7.213374,-7.363374,-5.783374,-5.013374,-4.853374,-4.253374,-3.043374,-2.733374,-1.7833741,-0.543374,-0.313374,-1.613374,-0.053374022,-3.703374,-4.603374,-5.563374,-5.473374,-4.783374,-8.523374,-9.093374,-9.303374,-8.523374,-7.753374,-7.423374,-9.033374,-9.783374,-11.213374,-11.023374,-11.123374,-10.773374,-11.433374,-11.8533745,-12.113374,-11.143374,-11.413374,-11.613374,-13.3533745,-12.953374,-12.323374,-10.923374,-11.633374,-10.063374,-9.693374,-9.503374,-6.963374
-5.373374,-6.003374,-6.913374,-9.403374,-9.843374,-9.723374,-10.433374,-10.633374,-9.573374,-9.233374,-9.293374,-8.863374,-7.493374,-7.613374,-8.033374,-7.603374,-6.903374,-6.123374,-4.823374,-4.043374,-4.123374,-2.533374,-1.823374,-0.963374,-1.373374,-0.903374,0.61662596,-2.933374,-4.483374,-7.793374,-4.523374,-5.483374,-6.573374,-8.253374,-8.653374,-6.763374,-6.5933743,-6.783374,-10.263374,-10.583374,-10.793374,-10.743374,-10.933374,-9.943374,-10.403374,-10.593374,-12.523374,-11.213374,-12.373374,-13.493374,-13.363374,-12.963374,-12.873374,-11.643374,-11.693374,-10.993374,-10.013374,-8.443374,-6.573374
-4.213374,-6.473374,-8.843374,-10.293374,-11.753374,-10.193374,-10.423374,-9.563374,-9.083374,-11.043374,-11.043374,-9.113374,-9.293374,-8.083374,-8.973374,-7.913374,-6.583374,-6.623374,-6.193374,-5.573374,-4.913374,-5.433374,-2.4633741,-1.373374,-1.203374,-0.69337404,-0.973374,2.506626,-3.863374,-0.30337402,-5.883374,-6.243374,-5.813374,-6.743374,-7.073374,-6.353374,-6.633374,-8.743374,-9.993374,-10.713374,-10.683374,-9.733374,-9.043374,-9.703374,-10.023374,-9.763374,-12.433374,-11.623374,-12.693374,-12.623374,-12.063374,-11.813374,-11.903374,-10.573374,-10.223374,-8.463374,-6.293374,-4.423374,-6.323374
-4.873374,-9.743374,-11.513374,-10.6033745,-10.373374,-10.633374,-11.003374,-10.523374,-10.433374,-10.013374,-8.993374,-7.733374,-7.503374,-8.053374,-6.953374,-6.523374,-5.903374,-5.663374,-4.923374,-4.763374,-5.023374,-4.783374,-3.903374,-3.393374,-0.963374,-0.113374025,0.17662598,1.4766259,0.106625974,-2.553374,-3.523374,-3.993374,-3.123374,-5.833374,-5.913374,-5.473374,-5.913374,-8.903374,-10.473374,-10.043374,-9.773374,-9.623374,-9.363374,-10.593374,-10.613374,-9.203374,-10.6033745,-11.033374,-12.413374,-11.483374,-10.8533745,-10.533374,-11.993374,-11.173374,-9.723374,-7.583374,-4.403374,-6.353374,-4.113374
-10.6033745,-10.1033745,-10.403374,-10.863374,-11.113374,-10.623374,-9.983374,-9.693374,-10.473374,-9.773374,-8.343374,-7.703374,-8.533374,-8.153374,-7.253374,-7.293374,-6.653374,-5.063374,-3.833374,-4.413374,-4.053374,-2.803374,-1.693374,-2.113374,-2.573374,-1.243374,0.62662596,0.856626,4.696626,-0.793374,-0.63337404,-1.203374,-1.5333741,-5.043374,-5.193374,-3.813374,-4.573374,-6.683374,-9.643374,-9.293374,-8.213374,-8.123374,-8.883374,-9.313374,-8.6033745,-8.873374,-8.543374,-11.123374,-10.223374,-10.013374,-11.273374,-12.233374,-11.053374,-8.503374,-8.923374,-6.703374,-4.383374,-5.083374,-4.743374
-10.583374,-11.123374,-11.413374,-10.133374,-9.933374,-8.6033745,-9.393374,-9.883374,-9.733374,-7.943374,-8.043374,-7.443374,-7.273374,-6.3433743,-5.673374,-4.583374,-4.033374,-3.523374,-2.993374,-2.613374,-2.053374,-1.673374,-1.2933741,0.31662598,-0.12337402,0.15662597,-0.87337404,-0.21337402,4.856626,5.766626,4.676626,-0.26337403,-1.4133741,-4.963374,-5.633374,-3.623374,-5.183374,-6.283374,-7.863374,-7.643374,-6.803374,-8.333374,-8.783374,-9.503374,-9.003374,-8.783374,-10.383374,-10.283374,-10.013374,-11.363374,-10.953374,-11.8533745,-9.983374,-6.573374,-6.633374,-5.753374,-5.763374,-4.853374,-5.003374
-10.393374,-9.623374,-9.583374,-9.333374,-8.613374,-8.8533745,-8.713374,-9.543374,-9.043374,-8.1033745,-6.653374,-6.603374,-5.723374,-4.943374,-3.7133741,-3.203374,-2.263374,-2.023374,-1.0433741,-0.50337404,0.11662598,1.536626,1.616626,2.006626,0.766626,-0.56337404,0.916626,0.92662597,1.356626,7.076626,10.466626,3.326626,0.026625976,-4.003374,-4.773374,-4.513374,-4.173374,-4.743374,-6.423374,-6.563374,-8.323374,-7.453374,-8.093374,-8.763374,-8.693374,-7.833374,-8.573374,-11.703374,-11.723374,-11.313374,-10.493374,-8.623374,-8.173374,-6.893374,-5.493374,-6.113374,-5.983374,-4.933374,-4.413374
-8.893374,-7.183374,-8.813374,-8.6033745,-8.173374,-8.733374,-8.493374,-8.183374,-8.053374,-7.363374,-6.403374,-5.163374,-4.253374,-3.543374,-3.353374,-3.013374,-1.763374,-0.87337404,0.47662598,1.496626,2.0366259,2.856626,2.736626,3.136626,3.866626,2.176626,0.496626,1.306626,0.976626,4.106626,9.246626,2.626626,2.636626,-1.963374,-4.123374,-4.873374,-4.713374,-5.683374,-6.223374,-6.233374,-5.973374,-7.243374,-8.033374,-7.223374,-5.743374,-8.073374,-11.333374,-10.713374,-10.033374,-10.473374,-8.893374,-8.283374,-8.233374,-6.623374,-5.003374,-4.0933743,-3.613374,-4.183374,-2.703374
-7.323374,-6.773374,-7.753374,-7.073374,-6.933374,-7.623374,-7.513374,-6.713374,-7.273374,-6.283374,-5.503374,-4.823374,-3.4733741,-3.2133741,-2.403374,-2.113374,-1.383374,-0.99337405,0.34662598,1.5966259,1.9566259,2.676626,4.756626,5.206626,3.936626,4.476626,3.066626,-0.09337402,1.9766259,2.976626,5.276626,5.636626,2.226626,3.546626,-2.883374,-3.843374,-3.323374,-4.303374,-4.823374,-5.353374,-6.8433743,-7.053374,-7.193374,-6.863374,-11.453374,-11.343374,-9.723374,-7.943374,-9.183374,-9.163374,-6.703374,-8.063374,-7.583374,-7.103374,-4.473374,-4.573374,-4.033374,-2.033374,-1.733374
-6.193374,-6.563374,-6.913374,-7.053374,-6.503374,-6.933374,-6.373374,-8.233374,-6.503374,-4.723374,-4.003374,-3.883374,-3.523374,-2.253374,-1.4033741,-1.4033741,-0.793374,-0.533374,-0.923374,-0.81337404,0.36662596,2.496626,4.766626,6.876626,6.326626,7.326626,3.896626,2.646626,2.136626,3.116626,3.916626,5.546626,5.026626,5.736626,2.2866259,-2.693374,-2.013374,-2.553374,-3.833374,-4.303374,-7.233374,-7.223374,-9.143374,-8.793374,-10.273374,-8.963374,-7.373374,-5.603374,-8.793374,-6.893374,-6.253374,-5.463374,-7.583374,-5.373374,-3.443374,-3.813374,-2.553374,-2.893374,-2.873374
-5.933374,-5.313374,-6.073374,-4.723374,-4.983374,-5.143374,-6.043374,-6.033374,-5.213374,-4.973374,-3.9733741,-4.173374,-2.943374,-2.953374,-2.003374,-0.82337403,0.34662598,0.31662598,-0.12337402,0.846626,1.566626,3.046626,3.976626,5.256626,7.396626,6.646626,4.686626,4.966626,4.956626,4.376626,2.806626,5.076626,3.346626,9.516626,5.6566257,-3.603374,-1.2733741,-2.133374,-3.783374,-4.683374,-5.813374,-6.473374,-6.693374,-7.303374,-7.303374,-6.693374,-6.063374,-4.863374,-5.543374,-7.133374,-6.833374,-6.443374,-6.133374,-4.483374,-4.753374,-3.333374,-3.093374,-2.623374,-1.743374
-6.443374,-4.943374,-5.533374,-5.033374,-4.603374,-4.483374,-5.463374,-5.223374,-5.033374,-4.893374,-4.353374,-3.803374,-2.533374,-2.2233741,-0.473374,0.19662598,-0.733374,-0.63337404,1.606626,2.076626,3.436626,4.886626,5.356626,5.966626,6.006626,8.336626,6.346626,5.646626,4.686626,4.226626,4.506626,2.156626,2.0366259,7.466626,4.126626,-1.9033741,-1.123374,-1.053374,-3.093374,-3.743374,-5.033374,-6.273374,-6.113374,-6.743374,-5.373374,-4.153374,-4.3433743,-4.943374,-6.223374,-5.043374,-4.193374,-4.683374,-3.943374,-3.923374,-2.393374,-2.153374,-2.033374,-1.6533741,-0.533374
-5.803374,-4.193374,-4.223374,-4.183374,-4.563374,-4.183374,-4.673374,-4.793374,-4.513374,-4.113374,-3.673374,-3.283374,-1.843374,-1.333374,-0.06337402,-2.173374,-0.703374,0.576626,1.816626,3.686626,5.526626,4.546626,6.776626,7.316626,8.466626,8.606626,9.446626,7.236626,6.326626,5.146626,5.486626,3.356626,2.966626,8.326626,11.8966255,1.436626,-1.093374,-0.99337405,-2.793374,-2.643374,-3.513374,-4.393374,-4.533374,-4.933374,-3.533374,-3.023374,-3.513374,-3.153374,-3.043374,-5.383374,-5.283374,-5.103374,-3.643374,-2.113374,-1.7833741,-1.683374,-1.323374,-0.68337405,0.576626
-4.313374,-4.0933743,-2.993374,-3.493374,-5.943374,-3.2233741,-3.903374,-4.633374,-5.043374,-4.403374,-3.073374,-3.853374,-3.553374,-2.193374,-2.013374,-1.623374,-0.473374,0.67662597,3.326626,4.736626,4.056626,5.576626,6.836626,8.266626,8.546626,9.446626,9.756626,8.956626,7.646626,8.036626,5.876626,5.936626,5.116626,7.036626,12.446626,5.956626,-1.333374,-0.523374,-2.953374,-1.173374,-2.4633741,-2.043374,-3.043374,-2.953374,-2.483374,-2.063374,-0.533374,-0.74337405,-3.043374,-2.2133741,-2.9733741,-2.523374,-0.313374,-0.113374025,-0.523374,-0.19337402,-0.13337402,0.73662597,1.256626
-3.513374,-2.063374,-1.863374,-4.313374,-3.183374,-2.873374,-3.693374,-3.853374,-3.683374,-3.493374,-2.703374,-2.913374,-2.193374,-1.433374,-0.963374,0.586626,0.646626,0.646626,2.666626,3.556626,4.556626,5.9066257,7.636626,9.236626,10.306626,11.986626,11.326626,11.696626,9.196626,8.256626,7.876626,6.286626,5.986626,4.206626,1.646626,2.676626,-2.283374,-1.233374,-2.323374,-1.323374,-0.253374,-0.863374,-1.253374,-1.063374,-1.833374,-1.573374,-0.613374,0.0066259764,0.33662596,-0.973374,-1.113374,1.5966259,0.94662595,1.376626,1.536626,1.906626,2.296626,2.486626,2.546626
-1.9133741,1.386626,-0.603374,-2.863374,-3.173374,-2.743374,-3.313374,-3.623374,-3.7233741,-2.7133741,-3.503374,-2.433374,-2.853374,-1.183374,0.026625976,0.24662597,0.07662597,0.646626,1.866626,3.656626,4.106626,5.386626,6.876626,7.4066257,7.736626,10.1466255,11.376626,11.206626,9.626626,7.846626,7.706626,6.246626,6.586626,5.176626,3.766626,0.81662595,0.786626,-0.48337403,-1.803374,-0.94337404,-0.523374,-0.023374023,0.31662598,0.07662597,0.12662597,-0.043374024,0.546626,0.576626,1.026626,1.606626,2.0366259,1.636626,2.766626,1.786626,1.996626,4.316626,4.316626,4.596626,3.676626
0.436626,-0.783374,-1.723374,-2.843374,-2.023374,-2.433374,-2.073374,-1.9033741,-2.583374,-2.903374,-3.743374,-2.923374,-3.353374,-1.983374,-1.1533741,-0.24337402,1.356626,1.036626,0.846626,2.676626,3.156626,4.526626,4.606626,5.716626,6.816626,10.346626,9.506626,9.696626,9.3966255,7.896626,8.276626,6.946626,6.486626,4.826626,2.0266259,-1.883374,2.256626,-0.073374026,-0.14337403,-0.08337402,-0.40337402,0.99662596,1.626626,1.676626,2.396626,1.446626,2.876626,2.706626,2.556626,2.236626,2.596626,3.986626,5.4066257,4.056626,5.796626,5.526626,5.336626,5.366626,4.826626
