static/data/gfs.t00z.pgrb2.1p00.f10.json
{"header": {"discipline":0,"disciplineName":"Meteorological products","gribEdition":2,"gribLength":80413,"center":7,"centerName":"US National Weather Service - NCEP(WMC)","subcenter":0,"refTime":"2019-06-20T00:00:00.000Z","significanceOfRT":1,"significanceOfRTName":"Start of forecast","productStatus":0,"productStatusName":"Operational products","productType":1,"productTypeName":"Forecast products","productDefinitionTemplate":0,"productDefinitionTemplateName":"Analysis/forecast at horizontal level/layer at a point in time","parameterCategory":2,"parameterCategoryName":"Momentum","parameterNumber":2,"parameterNumberName":"U-component_of_wind","parameterUnit":"m.s-1","genProcessType":2,"genProcessTypeName":"Forecast","forecastTime":15,"surface1Type":100,"surface1TypeName":"Isobaric surface","surface1Value":100000.0,"surface2Type":255,"surface2TypeName":"Missing","surface2Value":0.0,"gridDefinitionTemplate":0,"gridDefinitionTemplateName":"Latitude_Longitude","numberPoints":65160,"shape":6,"shapeName":"Earth spherical with radius of 6,371,229.0 m","gridUnits":"degrees","resolution":48,"winds":"true","scanMode":0,"nx":360,"ny":181,"basicAngle":0,"lo1":0.0,"la1":90.0,"lo2":359.0,"la2":-90.0,"dx":1.0,"dy":1.0}, "data":
[rows 130 to 155 of 181, columns 174 to 231 of 360]
2.427097,0.8770972,0.067097165,-0.89290285,-2.2329028,-0.41290283,0.47709715,0.72709715,1.1970972,2.187097,1.0870972,-1.4029028,-1.1029029,-0.49290285,0.66709715,1.2870972,0.8770972,1.7870972,1.2070972,1.0570972,1.6170971,0.86709714,1.4770972,0.98709714,1.7670971,1.9970971,2.9870973,0.8970972,-0.04290283,2.5270972,4.167097,6.397097,6.8670974,6.567097,6.1570973,4.977097,5.167097,6.167097,5.827097,4.017097,3.0770972,0.60709715,3.0570972,1.5370972,1.6370971,3.0170972,3.457097,2.4970973,2.677097,2.667097,3.677097,4.707097,5.4470973,4.937097,4.377097,6.147097,5.787097,5.787097
4.397097,-1.3429028,0.20709717,0.65709716,-0.63290286,-1.9729028,0.5170972,1.7570971,1.1270971,2.3570971,0.98709714,0.65709716,0.92709714,-0.38290283,0.7570972,0.5770972,2.0270972,2.897097,1.7970972,2.0770972,1.2370971,2.427097,3.0670972,1.5170971,1.8070972,1.0170971,1.9770972,2.6070971,0.90709716,-0.42290282,-1.1929028,1.3070972,2.7570972,5.227097,5.297097,4.457097,5.8470974,4.9670973,5.547097,6.337097,5.1570973,4.037097,1.8070972,2.5370972,1.8070972,2.5270972,3.687097,4.277097,4.307097,4.187097,5.4270973,7.557097,7.937097,8.597097,8.797097,8.427097,7.787097,7.3670974
0.21709716,-1.8529029,-4.222903,-0.6729028,-2.062903,-1.8129028,-0.8629028,1.2570971,1.7370971,0.23709717,1.6270971,-4.0529027,-2.7529027,-0.5629028,2.677097,4.2170973,3.5970972,3.7570972,4.2570972,3.5270972,3.437097,3.3170972,1.9270972,3.3770971,1.4670972,1.1370971,0.6470972,1.9570972,2.4870973,0.67709714,-1.7229028,-0.66290283,-0.32290283,4.397097,3.3870971,3.6070971,5.4270973,4.457097,4.707097,5.787097,2.177097,1.8670971,2.5670972,1.4970971,2.8070972,2.3670971,3.2570972,4.327097,5.797097,7.037097,7.287097,8.307097,10.007097,10.607098,10.687098,10.507097,10.067097,10.067097
-4.752903,-3.592903,-3.802903,-0.63290286,-2.2329028,-0.46290284,-0.34290284,1.0470972,1.2070972,1.0470972,-4.732903,-1.0829028,2.0670972,2.5470972,2.1170971,3.9970973,6.077097,5.797097,5.9870973,7.077097,7.227097,7.577097,5.1770973,3.917097,2.7670972,1.7470971,1.4170972,0.8770972,1.8970971,3.0870972,0.007097168,2.0370972,3.3470972,3.667097,3.8670971,3.7970972,4.477097,4.247097,4.497097,4.417097,3.177097,-0.5529028,0.72709715,1.1470971,3.0870972,4.2370973,5.227097,6.1170974,7.0070972,8.457097,8.767097,9.647098,11.617097,11.667097,12.7270975,12.347097,12.337097,11.997097
-4.982903,-3.082903,-1.4729028,-1.8629029,-2.812903,-3.1329029,-2.6729028,-1.5429028,0.04709717,-1.9229028,-1.1429029,2.5070972,4.2170973,5.437097,7.5070972,5.9270973,5.817097,5.807097,5.4270973,4.477097,6.127097,4.8670974,3.7770972,4.747097,6.417097,4.107097,1.5370972,1.3670971,-0.082902834,2.2570972,1.2170972,1.5770972,9.357098,4.9870973,3.0770972,3.2270973,4.497097,4.557097,4.707097,5.1370974,3.7270973,0.71709716,2.2170973,2.917097,4.0970974,5.127097,6.147097,7.6570973,8.677097,9.467097,9.457097,9.537097,11.237097,12.827097,12.897098,14.007097,13.647098,13.737097
-5.8629026,-6.412903,-5.642903,-3.9429028,-3.0329027,-4.602903,-4.412903,-0.48290282,-1.8629029,-2.5329027,2.3270972,3.897097,5.977097,6.7370973,1.9470972,3.0670972,4.777097,4.7570972,5.417097,5.1170974,5.327097,5.517097,3.5770972,5.087097,-0.40290284,-0.002902832,3.2670972,2.647097,0.79709715,0.48709717,0.97709715,-1.2729028,-6.192903,-2.9929028,0.8870972,2.397097,4.227097,5.317097,4.787097,5.8470974,5.537097,5.517097,4.837097,5.787097,5.9070973,6.227097,6.587097,7.587097,8.007097,7.7570972,8.147098,9.017097,11.817097,11.797097,13.427097,14.257097,13.747097,13.267097
-3.352903,-4.5929027,-5.932903,-4.472903,-3.3929029,-3.9529028,-2.0129027,-1.7529029,-0.82290286,1.6170971,3.187097,6.357097,4.937097,3.5270972,6.1170974,5.147097,6.317097,7.4670973,6.3870974,5.577097,5.317097,3.687097,3.437097,3.3170972,2.5470972,3.0370972,4.067097,2.407097,2.647097,0.7670972,-0.002902832,-0.7929028,-2.1929028,-3.8729029,-4.662903,-4.682903,-2.1429029,6.247097,7.6770973,6.477097,5.5070972,6.667097,7.067097,6.5070972,6.4870973,6.317097,7.457097,8.447097,8.387097,8.487097,9.717097,10.457097,12.787097,12.817097,13.037097,12.497097,12.457097,13.887097
-7.042903,-6.972903,-5.8029027,-4.482903,-4.772903,-2.6829028,-1.9929029,-1.6429029,-0.64290285,3.2770972,2.207097,1.9670972,5.1570973,6.7370973,7.727097,7.767097,8.617097,9.537097,8.897098,7.917097,6.317097,5.9470973,4.6970973,2.5070972,1.5870972,1.3670971,1.0570972,2.917097,3.9770973,2.927097,0.8770972,-1.0229028,-0.112902835,0.30709717,-0.39290282,-0.36290282,0.5670972,-1.0229028,6.787097,11.467097,8.387097,7.297097,9.617097,8.307097,6.8870974,7.6770973,8.687098,9.047097,9.2270975,7.627097,9.277097,9.847097,9.957097,9.847097,10.097097,10.957097,11.687098,12.057097
-8.302903,-8.512903,-7.372903,-6.452903,-6.2629027,-4.3029027,-1.0429028,0.35709718,2.7870972,0.85709715,3.9870973,6.307097,6.917097,7.277097,8.137097,8.867097,9.507097,8.877097,8.9770975,10.007097,8.667097,7.357097,6.997097,7.3870974,6.9670973,5.557097,3.2170973,1.3570971,1.7070972,4.0070972,3.927097,3.177097,0.47709715,0.23709717,2.0870972,1.4470972,1.3270972,0.7470972,-0.012902832,7.7370973,8.767097,9.837097,8.757097,9.507097,9.117097,8.517097,8.517097,7.4270973,5.977097,5.017097,7.557097,6.787097,7.797097,9.527097,10.077097,10.157097,8.827097,10.017097
-10.962903,-10.302903,-10.152903,-6.102903,-2.9829028,-2.1429029,-0.83290285,2.6070971,1.1270971,4.6370974,6.297097,7.3470974,8.467097,9.077097,8.587097,0.48709717,2.1070971,3.687097,1.9370972,11.177097,13.097097,6.527097,7.917097,8.017097,6.3470974,3.7270973,3.7970972,3.7170973,2.927097,2.937097,2.7270973,2.8570971,2.707097,2.4670973,0.6870972,2.5970972,1.9170972,0.5670972,0.14709717,1.0370972,2.8070972,9.657097,8.597097,7.767097,7.077097,6.807097,4.047097,2.397097,2.8870971,5.937097,7.297097,7.917097,8.007097,8.007097,6.747097,6.287097,7.317097,7.797097
-8.132903,-7.272903,-6.162903,-4.972903,-4.272903,-1.9029028,-0.46290284,0.65709716,3.1370971,5.647097,3.677097,-5.432903,-1.1829028,-1.0229028,-0.44290283,1.4070972,0.96709716,1.3070972,0.35709718,-0.24290283,1.2370971,2.5670972,4.0070972,5.797097,4.787097,4.6770973,4.0970974,3.7270973,3.4770973,3.667097,3.9770973,3.2570972,2.9670973,2.9870973,2.407097,4.397097,2.1270971,2.2370973,0.65709716,0.19709717,-0.39290282,-1.4429028,1.9570972,2.2470973,2.2270973,0.9970972,0.8070972,2.3470972,3.1270971,2.4870973,4.8670974,4.417097,4.6170974,4.747097,5.557097,6.7370973,5.067097,3.1070971
-6.1329026,-5.702903,-4.7629027,-3.552903,-1.5229028,-0.06290283,-2.6329029,-5.462903,-3.6129029,-1.8329028,-0.49290285,0.07709717,0.86709714,1.3070972,0.5570972,1.1570972,2.1270971,2.3570971,1.8770971,1.8370972,3.0370972,3.7270973,3.4770973,2.8470972,2.5670972,2.3170972,2.9670973,5.897097,5.827097,5.977097,4.9270973,4.3470974,5.477097,4.9070973,4.337097,2.8370972,0.73709714,1.8870971,1.6670972,0.7670972,0.057097167,-0.022902831,-0.42290282,2.3270972,1.2970972,-0.53290284,0.54709715,1.1270971,2.8570971,5.647097,3.167097,6.767097,5.457097,5.087097,3.457097,3.0270972,4.537097,5.3470974
-8.832903,-8.642902,-8.902903,-8.192903,-6.8029027,-5.272903,-3.352903,-2.6929028,-1.7029028,0.10709717,0.8970972,1.6470971,2.427097,2.5570972,3.0170972,3.6070971,3.3870971,3.6070971,3.5770972,3.177097,3.6270971,4.127097,4.277097,4.9070973,5.297097,5.587097,5.627097,5.577097,5.397097,5.187097,5.2370973,6.047097,6.4070973,5.1370974,7.067097,3.8470972,4.607097,2.0870972,1.7770972,2.5370972,1.6170971,1.8070972,1.2770972,1.8670971,1.4970971,-1.0029029,4.437097,4.477097,4.937097,4.9470973,5.9870973,5.9870973,6.9070973,7.9870973,6.6770973,6.127097,6.9470973,6.8670974
-6.5529027,-6.502903,-5.8429027,-4.202903,-2.8829029,-1.7629029,-0.6029028,1.0870972,2.457097,3.457097,3.9670973,4.557097,5.2570972,4.9270973,5.247097,5.647097,5.777097,5.877097,5.6170974,5.557097,5.477097,5.457097,5.877097,5.917097,5.897097,6.3670974,6.9870973,7.027097,7.207097,7.327097,6.9670973,6.817097,6.9870973,7.377097,6.9870973,5.9670973,5.777097,5.9670973,5.3670974,4.037097,3.1370971,2.707097,3.4770973,3.207097,2.667097,4.4270973,3.9770973,3.3870971,2.7470973,7.397097,7.3470974,8.107098,7.1770973,8.597097,8.287097,7.857097,8.307097,8.967097
-2.0029027,-1.6029029,-0.78290284,0.037097167,0.92709714,2.0770972,3.2470973,3.8670971,4.767097,5.317097,5.4270973,5.127097,5.9270973,7.4670973,8.457097,9.017097,8.687098,8.987097,8.347097,8.7270975,9.087097,9.247097,9.297097,9.077097,8.997097,8.847097,8.917097,9.097097,9.087097,9.097097,9.587097,10.207097,10.517097,9.557097,8.217097,8.447097,7.7570972,8.447097,7.577097,6.6970973,5.897097,4.8670974,4.747097,4.147097,4.457097,3.687097,4.087097,4.4470973,4.5070972,4.047097,4.6570973,3.917097,4.517097,5.337097,6.857097,7.7570972,9.067097,10.077097
3.8070972,3.6170971,3.8370972,3.927097,4.247097,4.6370974,5.277097,5.897097,6.607097,6.857097,7.267097,7.7170973,8.177097,8.917097,9.197097,9.597097,9.337097,9.537097,10.027097,10.127097,10.337097,10.407097,10.627097,11.4770975,11.877097,12.187098,12.2270975,12.277097,11.737097,11.017097,10.737097,10.887097,10.857098,9.847097,10.607098,11.137097,10.377097,8.587097,7.397097,7.5070972,8.297097,8.347097,8.137097,7.4270973,6.9870973,6.6370974,6.147097,5.477097,5.627097,6.297097,5.4070973,6.297097,6.057097,6.397097,7.7570972,9.277097,10.687098,9.757097
7.1570973,6.7170973,7.027097,7.057097,7.067097,7.357097,7.557097,8.097097,8.787097,9.347097,9.867097,10.177097,10.507097,10.9770975,11.437098,11.917097,11.987097,12.237097,12.547097,12.897098,12.687098,12.527097,12.777097,12.7270975,12.517097,11.967097,11.757097,11.947097,12.297097,12.207097,11.907097,11.457097,10.967097,10.417097,11.167097,11.717097,11.537097,10.277097,10.037097,10.397098,9.037097,9.647098,8.997097,10.387097,10.517097,9.407097,8.907097,8.917097,8.337097,8.107098,8.017097,7.707097,8.537097,8.717097,9.237097,10.597097,10.797097,10.957097
10.637097,10.517097,10.497097,10.577097,10.677097,10.857098,10.847097,11.697097,12.007097,12.257097,12.277097,12.517097,12.807097,13.007097,13.327097,13.907097,14.197097,14.607098,14.827097,15.157097,15.307097,14.9770975,14.617097,14.2270975,13.857098,13.137097,12.527097,12.597097,12.717097,12.827097,12.467097,12.577097,12.087097,12.027097,11.357098,11.807097,11.617097,11.877097,12.2270975,12.467097,12.247097,12.147098,11.287097,11.117097,10.857098,12.547097,12.417097,11.787097,11.567097,11.267097,11.007097,9.267097,9.757097,11.127097,11.647098,13.807097,13.917097,12.857098
13.2270975,13.267097,13.277097,13.247097,13.387097,13.497097,13.747097,13.607098,13.467097,13.647098,13.837097,13.597097,13.657097,14.047097,14.237097,14.687098,14.587097,14.507097,14.847097,14.927097,15.027097,15.157097,15.787097,15.427097,15.077097,14.807097,13.787097,12.587097,12.897098,12.687098,12.907097,13.377097,13.507097,13.127097,12.217097,11.207097,11.777097,13.087097,13.007097,13.137097,12.517097,13.787097,14.037097,14.507097,14.847097,14.257097,13.957097,14.177097,14.147098,13.787097,13.627097,13.547097,13.857098,13.997097,14.747097,15.287097,15.037097,13.967097
14.937098,15.167097,15.177097,15.287097,14.547097,14.557097,14.877097,14.297097,13.807097,13.757097,13.587097,13.837097,14.087097,14.117097,13.917097,14.017097,14.377097,15.187098,14.857098,14.957097,14.957097,15.067097,14.757097,15.957097,15.757097,16.877098,15.697097,15.197097,15.427097,14.447097,14.377097,13.307097,12.847097,13.207097,12.847097,12.507097,12.377097,11.797097,12.807097,13.987097,14.287097,15.607098,16.457098,16.967096,17.087097,17.077097,17.377098,17.007097,16.467096,16.117098,15.777097,15.097097,15.067097,15.637097,15.047097,16.257097,15.7270975,14.137097
15.617097,15.817097,15.707097,15.497097,15.377097,14.687098,14.567097,14.387097,14.547097,13.997097,14.247097,13.867097,13.647098,13.497097,13.547097,12.887097,14.407097,13.9770975,14.187098,14.697097,15.087097,15.437098,15.357098,15.357098,14.857098,15.687098,16.487097,15.877097,16.837097,14.717097,14.637097,14.097097,13.287097,12.677097,13.497097,12.917097,12.647098,13.867097,14.177097,14.9770975,16.457098,17.147097,18.467096,20.147097,20.727097,20.857098,20.477097,19.187098,18.677097,17.817097,16.707098,16.157097,16.017097,15.377097,13.757097,14.367097,13.257097,12.137097
15.417097,15.167097,15.317097,15.217097,14.957097,14.577097,13.217097,14.017097,13.987097,13.687098,13.947097,13.567097,13.567097,13.067097,13.097097,13.267097,13.967097,14.257097,14.627097,15.077097,15.377097,15.597097,15.527097,15.587097,15.677097,15.527097,15.857098,15.657097,15.907097,14.907097,14.937098,13.587097,15.057097,13.877097,13.677097,12.997097,13.047097,13.387097,14.917097,14.457097,15.827097,17.007097,19.517097,21.847097,19.907097,19.667097,19.147097,17.947098,16.777098,15.697097,14.817097,15.327097,9.207097,5.957097,5.357097,5.5970974,7.707097,6.2570972
16.157097,16.067097,14.927097,15.797097,15.2270975,15.617097,15.417097,15.067097,14.787097,13.107098,12.4770975,13.057097,13.067097,13.427097,13.887097,14.337097,14.687098,14.7270975,15.027097,15.387097,15.677097,15.907097,16.037098,16.567097,16.987097,17.177097,16.607098,16.637096,15.997097,15.677097,15.047097,17.127098,14.077097,14.057097,13.547097,12.667097,13.107098,13.027097,12.407097,12.807097,12.497097,11.737097,11.117097,11.257097,10.777097,10.757097,10.417097,9.457097,9.237097,8.4770975,9.797097,3.5170972,3.8070972,2.5670972,0.40709716,-0.6029028,-1.4129028,-2.1329029
15.257097,15.607098,15.447097,15.297097,15.4770975,15.457097,15.597097,14.237097,12.787097,10.217097,10.607098,11.317097,12.247097,12.897098,13.517097,13.447097,12.827097,13.117097,14.457097,15.627097,16.307096,16.497097,16.757097,15.797097,15.527097,15.637097,15.447097,15.7270975,15.187098,13.867097,14.697097,14.287097,12.877097,13.307097,13.817097,12.467097,11.487097,11.857098,10.647098,10.257097,8.527097,5.767097,2.647097,-1.7929028,-3.1729028,0.43709716,1.1070971,0.5770972,-4.502903,-4.702903,-2.322903,-0.8529028,0.72709715,1.4670972,1.0670972,0.65709716,1.0070971,1.7570971
13.7270975,13.397098,14.117097,14.837097,14.757097,14.537097,14.367097,8.567097,3.2470973,4.147097,4.1170974,6.327097,8.7270975,10.387097,10.827097,12.667097,12.987097,13.027097,12.787097,12.687098,11.337097,5.337097,6.2570972,6.357097,7.067097,7.587097,8.7270975,8.877097,9.297097,9.117097,9.867097,10.527097,11.837097,11.757097,12.017097,11.797097,9.397098,9.377097,9.607098,8.587097,7.3470974,5.187097,2.407097,0.057097167,-2.7329028,-4.8429027,-5.142903,-4.672903,-4.062903,-3.342903,-2.562903,-0.9929028,0.14709717,1.1470971,1.3970971,1.9670972,2.897097,3.2770972
9.997097,6.497097,-2.2429028,-7.212903,-8.032903,-6.972903,-5.4929028,-3.292903,-0.58290285,2.1270971,4.527097,6.1570973,6.777097,7.437097,7.747097,8.107098,8.097097,8.967097,7.9070973,9.417097,10.387097,10.997097,9.7270975,10.217097,10.837097,8.027097,10.317097,10.847097,10.597097,10.997097,11.877097,13.167097,14.147098,14.247097,8.147098,8.187098,8.517097,6.267097,7.7370973,7.3670974,7.187097,5.7170973,4.327097,2.947097,1.4570972,0.44709718,-0.14290284,-0.16290283,0.07709717,0.31709716,0.54709715,1.2470971,1.8670971,2.1370971,2.8170972,3.5670972,4.207097,5.127097
