static/data/gfs.t00z.pgrb2.1p00.f18.json
{"header": {"discipline":0,"disciplineName":"Meteorological products","gribEdition":2,"gribLength":80498,"center":7,"centerName":"US National Weather Service - NCEP(WMC)","subcenter":0,"refTime":"2019-06-20T00:00:00.000Z","significanceOfRT":1,"significanceOfRTName":"Start of forecast","productStatus":0,"productStatusName":"Operational products","productType":1,"productTypeName":"Forecast products","productDefinitionTemplate":0,"productDefinitionTemplateName":"Analysis/forecast at horizontal level/layer at a point in time","parameterCategory":2,"parameterCategoryName":"Momentum","parameterNumber":2,"parameterNumberName":"U-component_of_wind","parameterUnit":"m.s-1","genProcessType":2,"genProcessTypeName":"Forecast","forecastTime":27,"surface1Type":100,"surface1TypeName":"Isobaric surface","surface1Value":100000.0,"surface2Type":255,"surface2TypeName":"Missing","surface2Value":0.0,"gridDefinitionTemplate":0,"gridDefinitionTemplateName":"Latitude_Longitude","numberPoints":65160,"shape":6,"shapeName":"Earth spherical with radius of 6,371,229.0 m","gridUnits":"degrees","resolution":48,"winds":"true","scanMode":0,"nx":360,"ny":181,"basicAngle":0,"lo1":0.0,"la1":90.0,"lo2":359.0,"la2":-90.0,"dx":1.0,"dy":1.0}, "data":
[rows 26 to 51 of 181, columns 58 to 115 of 360]
3.197451,4.4174514,4.487451,-0.6425488,-2.262549,-0.77254885,0.39745116,-0.47254884,-0.30254883,-0.042548828,0.27745116,0.20745116,2.3374512,1.0274512,0.10745117,1.7874511,1.0374511,-3.6125488,-3.752549,-3.1625488,-1.4925488,-2.3425488,-1.8625488,-2.4225488,-2.6225488,-2.6425488,-2.1225488,-2.2025487,-0.9925488,-2.7025487,-1.6425488,-2.512549,-1.9425489,-1.9925488,-1.2125489,0.18745117,0.43745118,-0.27254882,-1.1225488,-0.72254884,-0.31254882,-1.4025488,-2.6325488,-2.3625488,-1.5425488,-0.44254884,1.4174511,1.9474511,2.757451,3.207451,3.8074512,3.3774512,4.657451,4.5574512,3.3674512,3.957451,5.117451,3.0674512
3.197451,3.487451,5.637451,3.967451,1.4474511,1.8674512,1.9974512,0.34745118,2.227451,-0.5025488,-0.092548825,-1.7525488,-4.612549,-4.782549,-4.892549,-4.632549,-3.3225489,-1.5625489,1.2174512,3.9174511,0.18745117,-1.5525489,-1.8825488,-1.6625488,-2.252549,-2.9025488,-2.9825487,-3.8925488,-2.0625489,-1.2325488,-1.9725488,-0.7625488,-1.2125489,0.11745117,0.43745118,1.0874512,0.89745116,-0.022548828,-1.8725488,0.13745117,0.23745117,-1.3525488,-0.92254883,-2.522549,-3.052549,-1.0725489,-0.5725488,0.6074512,2.217451,3.3974512,4.107451,4.567451,5.337451,3.717451,2.6374512,3.6674511,5.127451,2.3874512
3.6674511,4.867451,7.407451,4.047451,4.9574513,5.317451,1.9474511,1.7374512,2.4374511,3.487451,3.217451,0.72745115,0.29745117,-4.802549,-7.142549,-8.042549,-8.392549,-5.552549,-3.4225488,-2.1625488,-1.8625488,-1.2225488,-0.6225488,-0.79254884,-0.49254882,-0.79254884,-1.2525488,-1.2125489,-1.4725488,-0.84254885,-0.49254882,-0.17254883,0.09745117,0.6174512,1.6274512,1.6974511,2.0574512,2.8074512,3.3874512,3.717451,4.077451,3.727451,3.3074512,4.0174513,2.6174512,1.6574512,0.82745117,1.0474511,2.3374512,3.4074512,3.3374512,3.9374511,4.2274513,4.837451,1.7174512,3.6074512,3.987451,4.077451
3.4074512,4.197451,6.3974514,3.5574512,4.597451,4.947451,6.087451,3.8774512,4.3074512,4.4574513,4.117451,5.9974513,2.7974513,4.6674514,2.5374513,2.0974512,-1.0525489,-1.7925488,0.7374512,1.1574512,-1.0925488,-0.37254882,-0.30254883,-0.042548828,0.24745117,0.09745117,0.30745116,-0.7525488,-1.3825488,0.07745117,0.28745118,0.28745118,1.3974512,1.3974512,0.27745116,0.07745117,1.0374511,2.717451,3.1374512,2.5674512,3.0574512,3.197451,3.977451,3.957451,3.8774512,2.3974512,1.9374511,1.7674512,2.1274512,2.5574512,3.5474513,4.527451,3.8974512,1.6374512,3.3674512,2.5274513,3.3074512,3.5974512
3.0974512,5.3974514,5.9174514,3.707451,4.597451,4.217451,4.1874514,4.6674514,4.817451,5.047451,4.2274513,4.297451,2.467451,3.487451,4.297451,3.717451,1.9774512,-0.52254885,1.9874512,0.47745118,0.5074512,0.027451172,0.20745116,0.78745115,0.6974512,0.9974512,0.6874512,-0.5725488,-1.6825489,0.13745117,0.44745117,-0.06254883,-0.39254883,0.6074512,1.3774512,1.8874512,2.2974513,2.0474513,2.477451,2.8574512,2.737451,2.6874511,2.2774513,2.3474512,2.457451,2.4274511,1.4274511,0.82745117,-0.40254882,0.13745117,0.84745115,1.0474511,2.8474512,1.9074512,3.2674513,3.477451,3.3274512,1.9474511
3.2974513,4.6874514,4.097451,5.6874514,5.8074512,5.0174513,5.027451,4.717451,4.797451,5.987451,5.777451,4.777451,3.2674513,1.8374512,2.4274511,4.137451,1.6974511,1.1474512,0.89745116,0.7974512,1.1974511,0.97745115,2.0474513,2.9074512,1.9374511,1.6674511,1.0674511,0.66745114,0.14745118,-0.42254883,0.29745117,0.72745115,0.37745118,-1.0525489,-0.30254883,0.37745118,0.89745116,1.3174511,1.1574512,0.6874512,1.3874512,2.2674513,1.7474512,0.44745117,0.40745118,0.6274512,0.52745116,1.8974512,1.0074512,-0.40254882,-0.85254884,-1.1725488,0.30745116,2.1374512,1.1874511,0.6374512,0.7974512,0.72745115
3.3374512,4.867451,5.587451,5.947451,5.577451,4.6674514,5.077451,5.1674514,5.7274513,5.447451,3.8074512,4.1874514,4.9174514,3.8774512,4.857451,3.1474512,2.2974513,3.247451,3.4274511,2.5974512,3.0974512,2.6074512,3.1274512,2.967451,2.3174512,2.6474512,0.97745115,0.82745117,0.45745116,0.11745117,0.28745118,0.77745116,1.1474512,1.4374511,0.91745114,-0.20254883,-0.32254884,1.0374511,0.8174512,0.9874512,1.5574511,0.71745116,0.78745115,1.6374512,1.1674511,1.1374512,0.40745118,-0.18254882,-0.9525488,1.9374511,2.1374512,1.8074511,0.09745117,-0.32254884,-0.34254882,-0.65254885,-0.40254882,0.26745117
1.9774512,3.1674511,4.587451,4.5574512,5.237451,5.617451,5.137451,5.2074513,4.637451,4.377451,4.9574513,5.677451,4.827451,4.4374514,4.577451,4.327451,3.8174512,3.8074512,3.5474513,3.3174512,4.5174513,4.2674513,3.6274512,3.1074512,2.4074512,1.8074511,1.6774511,1.8174511,-0.24254882,0.34745118,0.48745117,1.1474512,1.1874511,1.4774512,0.78745115,-0.03254883,0.17745118,0.25745118,-0.54254884,-1.7325488,-2.0725489,-1.5425488,-1.7225488,-0.72254884,-0.8625488,-0.05254883,-2.0825489,-1.8425488,-0.22254883,-1.3225489,1.5574511,1.9374511,-0.9525488,-0.7625488,0.41745117,-0.15254883,-1.3025489,0.59745115
3.1874511,2.6474512,2.977451,3.6074512,4.4974513,4.507451,5.697451,6.1674514,5.087451,5.257451,5.867451,5.487451,5.2874513,4.657451,4.127451,4.117451,3.5174513,3.0374513,2.8074512,2.8974512,3.4074512,3.2774513,2.1574512,2.3774512,1.9974512,1.5074512,1.7474512,1.8374512,1.5274512,0.39745116,1.1874511,-0.122548826,-2.4125488,-0.53254884,-1.2125489,-0.98254883,-0.52254885,0.8174512,1.1774511,1.1774511,1.1874511,0.8774512,-1.1125488,0.66745114,-0.07254883,-0.5025488,-2.4625487,-3.1725488,-1.4125488,-4.392549,0.047451172,-0.08254883,-1.0825489,-2.0825489,0.41745117,0.70745116,-0.46254882,-0.11254883
3.8774512,3.227451,4.317451,5.1874514,4.857451,4.887451,4.857451,3.457451,4.6674514,4.7474513,5.1474514,4.0574512,3.5874512,3.8474512,3.1574512,2.8274512,2.1074512,1.8274512,1.7274512,2.6374512,2.5974512,1.1674511,1.7874511,2.0974512,1.4874512,1.0074512,1.4074512,1.0074512,0.8874512,0.20745116,1.3074511,0.97745115,-0.7425488,-0.47254884,-0.22254883,-1.5525489,-1.1225488,-0.9925488,-0.67254883,-1.5325488,-0.44254884,-0.43254882,0.6374512,-0.0125488285,0.48745117,-1.0325488,0.83745116,1.5074512,0.9374512,-2.1325488,-0.022548828,-0.13254882,1.7974511,-1.3725488,-0.10254883,0.6374512,0.5474512,-0.98254883
1.7274512,2.7874513,3.1374512,3.6174512,3.247451,3.4374511,3.7874513,3.8874512,5.2874513,3.717451,3.987451,3.9274511,2.947451,3.2874513,2.6374512,1.7774512,2.1474512,1.3374512,1.0474511,0.58745116,0.70745116,0.9474512,0.76745117,-0.042548828,0.027451172,-0.8225488,-1.2025489,-0.8925488,-0.17254883,-0.40254882,0.7974512,0.78745115,-0.27254882,-1.5825489,-0.39254883,0.7574512,1.2674512,1.3374512,1.0574511,-1.0125488,-0.6825488,-0.6425488,0.19745117,2.697451,2.197451,2.5274513,3.207451,3.5574512,0.46745118,1.3274512,0.12745117,1.3774512,-1.6025488,1.1374512,0.66745114,-0.22254883,0.06745117,-0.14254883
1.2674512,1.5474511,2.3774512,2.487451,1.5174512,3.8374512,4.0574512,3.1574512,3.217451,2.997451,1.9774512,2.3374512,1.3674512,1.4374511,0.64745116,0.20745116,-0.6125488,-0.9525488,-1.5125488,-1.2525488,-1.3425488,-1.4625489,-1.5325488,-1.4325489,-2.0725489,-2.3925488,-1.9225488,-2.272549,-1.2025489,-1.1425488,-1.0025488,-0.6225488,-1.4825488,-0.91254884,-0.41254884,0.047451172,-0.05254883,0.65745115,1.1474512,0.6774512,-1.7825488,-0.45254883,-1.8825488,-0.29254884,3.3374512,4.7874513,3.727451,3.3674512,1.6174512,-3.292549,-1.8825488,0.6374512,-0.30254883,-1.6725488,-0.6825488,0.20745116,1.5674511,0.8174512
-0.03254883,-1.2625488,1.2374512,2.6674511,3.3074512,2.6774511,1.6874511,1.7274512,0.78745115,0.6174512,0.06745117,-0.5125488,-0.7025488,-1.8625488,-1.6625488,-3.3125489,-3.9725487,-4.0825486,-3.1325488,-2.552549,-2.4225488,-2.302549,-2.002549,-2.502549,-2.752549,-1.7325488,-1.5525489,-1.6425488,-0.73254883,-0.5725488,0.45745116,-0.54254884,-0.42254883,-0.30254883,-0.73254883,0.21745117,1.1674511,-0.91254884,-0.71254885,1.1274512,0.9374512,1.7274512,-1.1625488,-0.34254882,-1.5625489,0.6374512,2.697451,3.477451,1.8074511,0.8874512,-1.3125489,-0.30254883,0.47745118,1.3374512,1.2974511,1.1474512,2.467451,1.1574512
-0.60254884,-0.96254885,-1.4925488,-2.2325487,-1.4925488,-0.84254885,-2.032549,-2.1325488,-2.9025488,-1.6425488,-1.4525489,-1.9325489,-1.6325488,-2.3525488,-3.9125488,-6.5025487,-6.5825486,-6.7325487,-5.862549,-5.532549,-4.432549,-3.7125487,-3.282549,-1.8125489,-0.31254882,0.29745117,-1.2025489,-0.042548828,-1.1425488,0.21745117,0.40745118,0.36745116,-1.0725489,-0.16254883,0.41745117,-1.7225488,-0.03254883,1.8474512,0.7574512,1.1974511,1.2574512,-1.7325488,-1.1625488,-1.3125489,-0.79254884,-0.90254885,-0.73254883,0.41745117,-1.1825489,0.32745117,-0.5625488,-0.17254883,-0.05254883,0.13745117,0.31745118,-0.36254883,-0.07254883,2.5474513
-3.7325487,-2.4825487,-2.8925488,-4.432549,-3.6125488,-3.0625489,-0.31254882,1.0074512,-0.8225488,-2.522549,-1.3825488,-1.5725489,-1.5425488,-1.2125489,-1.8225489,-3.3425488,-2.0625489,-3.1525488,-5.1925488,-6.5425487,-4.5425487,-3.2225487,-2.4025488,-1.1325488,-1.1625488,0.90745115,0.22745118,0.29745117,-0.39254883,-0.22254883,-1.1925489,0.7474512,-2.1625488,-1.2625488,-0.8125488,-0.0125488285,0.5574512,0.71745116,2.1374512,0.26745117,0.71745116,-2.3225489,-1.7725488,-0.9925488,-1.6825489,-1.5825489,-1.8125489,-1.6725488,-0.122548826,-0.7425488,-0.23254883,-0.42254883,1.2774512,0.6274512,-0.37254882,0.5074512,-0.65254885,0.10745117
-2.5625489,-3.3725488,-3.4125488,-1.3225489,-0.9525488,-3.0625489,-4.092549,-3.8825488,-0.91254884,0.9474512,-1.3525488,-1.3225489,-0.8925488,-0.6925488,-0.8925488,-1.4625489,-0.16254883,-1.1225488,-1.2425488,-1.9325489,-3.2125487,-2.8125489,-1.0025488,-1.3425488,-1.0825489,-0.16254883,-1.0225488,0.007451172,-0.97254884,0.72745115,0.5574512,0.6774512,0.41745117,-0.7625488,-1.3625488,0.6974512,-2.8225489,-1.1825489,0.44745117,1.2974511,-0.48254883,-1.0325488,-1.5125488,-2.3525488,-2.1725488,-2.252549,-1.0225488,0.31745118,-0.47254884,2.737451,1.2574512,-0.7525488,-0.5025488,0.7574512,1.3174511,0.22745118,-0.28254882,0.22745118
1.5874512,0.8574512,1.0574511,2.1374512,1.2274512,2.6474512,-2.2225487,-4.872549,-6.122549,1.7074512,-0.59254885,-1.4425489,-3.022549,-2.9325488,1.3474512,-1.0125488,-2.7225487,-1.3725488,-2.1225488,-3.4625487,-4.322549,-4.882549,-4.362549,-5.492549,-3.002549,-0.8825488,4.117451,4.387451,4.4174514,2.4174511,1.1274512,0.24745117,1.0574511,0.41745117,-0.5025488,1.1874511,3.0174513,2.0574512,0.64745116,2.737451,1.3174511,1.0674511,0.07745117,-1.1025488,-1.9425489,-4.2725487,-2.032549,-6.492549,-2.3225489,-0.2525488,2.447451,-0.40254882,-1.4025488,-1.0725489,-2.1625488,-2.8125489,-2.4125488,-2.292549
-2.262549,-1.4725488,1.1174512,-0.5125488,-0.092548825,-0.91254884,-4.2925487,-3.3425488,-2.1525488,-2.6625488,-2.3325489,-3.1725488,-2.502549,-1.1925489,-2.2325487,-3.4225488,-4.452549,-4.3525486,-4.402549,-5.1925488,-6.2125487,-2.9425488,-1.2625488,-1.0125488,-2.6625488,-0.58254886,-1.5025488,0.48745117,0.9474512,3.0174513,4.377451,4.8974514,1.7374512,0.44745117,0.047451172,0.7974512,1.8074511,2.8674512,-0.8825488,-2.522549,0.8174512,0.8774512,1.3974512,4.107451,0.007451172,-0.23254883,-1.4725488,-1.7525488,-4.392549,-3.022549,-2.802549,-1.5825489,-1.5925488,-3.012549,-2.4725487,-1.6525488,-1.2925488,-1.6125488
0.39745116,-0.8225488,-0.78254884,1.6574512,-1.8325489,-3.032549,-2.3725488,-4.112549,-3.6625488,-4.182549,-3.4825487,-2.9425488,-3.7025487,-3.4825487,-4.6925488,-5.952549,-6.452549,-6.0625486,-6.682549,-6.382549,-4.8125486,-4.952549,-3.012549,-0.72254884,2.947451,0.65745115,-1.2225488,-2.1525488,-2.7225487,-4.8125486,-1.0225488,1.1274512,3.3174512,3.987451,1.5274512,1.6074512,-0.37254882,-3.762549,2.3274512,1.5674511,-4.4425488,-4.922549,-2.5625489,-3.8925488,-1.7625488,-1.8925488,-1.7625488,-2.752549,-4.422549,-4.612549,-3.7325487,-4.372549,-2.8725488,-4.5625486,-3.492549,-2.1125488,-5.2725487,-4.532549
-2.3325489,-2.792549,-1.0625489,-3.4625487,-1.6725488,-2.9625487,-4.202549,-4.682549,-4.7325487,-4.2725487,-2.9725487,-3.8625488,-3.552549,-4.912549,-5.7125487,-6.382549,-4.172549,-5.1925488,-5.722549,-5.2325487,-2.292549,1.2874511,1.7174512,-1.4925488,-2.262549,-4.862549,-5.2325487,-5.912549,-6.6925488,-6.282549,-4.382549,-2.1525488,-0.78254884,2.1874511,3.007451,1.4674512,3.507451,1.2574512,0.24745117,-3.6325488,-1.1525488,-4.402549,-2.792549,-2.752549,-3.522549,-2.3925488,-2.2125487,-4.092549,-3.792549,-3.272549,-5.0625486,-3.7225487,-4.782549,-3.542549,-3.4625487,-1.1625488,0.10745117,-2.3725488
-5.592549,-6.652549,-4.722549,-1.5525489,-4.202549,-3.9225488,-3.6825488,-5.132549,-3.8525488,-2.8525488,-0.96254885,5.3074512,0.10745117,-2.552549,-3.5725489,-4.0225487,-2.802549,-4.182549,-2.762549,-2.4825487,-2.9425488,-4.9425488,-3.4625487,-3.042549,0.26745117,0.15745117,0.43745118,-1.4525489,-1.9925488,-3.292549,-2.242549,0.28745118,2.477451,4.407451,4.2674513,5.2274513,12.087451,10.077451,-2.542549,1.6574512,-5.892549,-5.402549,3.9174511,-2.7225487,-6.472549,-7.9625487,-7.2325487,-7.412549,-5.822549,-5.632549,-5.392549,-4.112549,-5.3125486,-4.762549,-4.5025487,-2.9825487,-0.24254882,-0.07254883
-7.5425487,-6.632549,-6.4625487,-5.572549,-5.7325487,-5.452549,-3.6325488,-1.8225489,0.03745117,-0.47254884,-0.21254882,-5.052549,-2.272549,0.43745118,0.43745118,-1.9725488,-2.9025488,-1.2225488,-0.6225488,1.1074512,-0.20254883,-1.3225489,-0.91254884,0.09745117,1.2874511,-0.11254883,0.16745117,-1.4125488,0.15745117,1.2574512,-1.7325488,-1.7125489,4.177451,2.0374513,0.017451173,-0.97254884,1.7774512,0.18745117,2.8274512,-0.90254885,-2.242549,3.997451,2.217451,3.497451,2.5774512,3.747451,0.31745118,-4.152549,-3.9625487,-2.502549,0.65745115,-5.142549,-5.0625486,-5.6025486,-4.892549,-4.882549,-4.2325487,-3.022549
-5.052549,-4.3525486,-8.082549,-6.1025486,-7.6925488,-6.2125487,-5.322549,-4.032549,-1.6825489,-1.3825488,0.14745118,0.6274512,-0.21254882,0.35745117,-0.08254883,0.33745116,-0.03254883,1.1574512,0.6974512,0.47745118,0.12745117,0.06745117,-0.41254884,-0.41254884,-2.4125488,-0.92254883,-5.5225487,-2.302549,0.44745117,-0.60254884,0.017451173,-1.8225489,-2.242549,1.9774512,3.2774513,4.507451,4.407451,-0.8925488,0.7574512,-2.6225488,-0.90254885,-4.7525487,-8.072549,-12.342548,-5.372549,-2.3225489,2.6274512,1.0874512,1.1174512,-0.71254885,-2.552549,-1.8425488,-2.3325489,-1.5025488,-1.2025489,-1.1925489,-3.4625487,-4.932549
3.0274513,2.2674513,-2.4425488,-5.672549,-5.262549,-5.742549,-3.9225488,-4.172549,-0.72254884,-0.122548826,-0.042548828,-0.7625488,-0.14254883,-0.022548828,-3.6725488,-0.30254883,0.8174512,-0.0125488285,0.42745116,0.22745118,1.3274512,0.8874512,0.19745117,-4.262549,-1.3225489,-3.9525487,-5.782549,-4.762549,-5.8325486,-4.932549,-0.2525488,-0.17254883,-3.0625489,-1.2125489,-4.6925488,0.4974512,-3.032549,-3.4825487,0.27745116,-5.3525486,-3.002549,-6.762549,-6.4425488,-5.452549,-5.112549,-6.632549,-3.6825488,-2.4425488,-2.1825488,-1.8025489,-3.1625488,-1.1025488,-4.0825486,-3.1525488,-1.1025488,-0.54254884,0.76745117,1.0274512
-2.1625488,0.11745117,-1.5425488,-2.3925488,-4.682549,-4.612549,-3.6525488,-2.9325488,-1.4725488,-1.4825488,0.39745116,-0.07254883,0.017451173,0.007451172,-0.10254883,-0.14254883,-0.15254883,-0.7525488,-0.7625488,-1.5325488,-1.4425489,-1.5325488,-2.2125487,-3.782549,-2.6125488,-6.932549,-3.6125488,-8.422549,-9.882549,-9.882549,-10.592548,-9.092548,-10.012548,-8.122549,-8.122549,-6.622549,-7.992549,-12.282549,-6.622549,1.1874511,3.3174512,3.4074512,3.717451,-0.60254884,-1.4525489,-3.8225489,-4.9625487,-9.352549,-4.8525486,-2.3625488,-3.512549,-7.822549,-6.5625486,-4.642549,-3.3725488,-0.7625488,-0.14254883,2.0174513
-2.3925488,-4.702549,-3.302549,-2.012549,-4.182549,-3.0925488,-1.3925488,-1.7225488,-2.552549,-0.92254883,-0.43254882,0.44745117,-1.3825488,-0.27254882,0.22745118,0.59745115,0.8574512,-0.0125488285,-2.1525488,0.6074512,2.5974512,-5.2125487,-3.042549,-3.3525488,-3.1625488,-4.872549,-6.072549,-6.612549,-6.2525487,-3.8925488,-2.6725488,0.53745115,2.997451,2.3374512,0.5674512,-0.60254884,-2.6925488,0.83745116,1.2474512,1.1974511,-0.2525488,0.8174512,-1.0825489,-0.59254885,-3.4025488,-3.1325488,-1.1125488,-0.15254883,-2.4325488,-2.3625488,-1.6625488,-4.412549,-6.702549,-3.9625487,-6.932549,-3.3825488,-2.022549,-5.362549
