static/data/gfs.t00z.pgrb2.1p00.f20.json
{"header": {"discipline":0,"disciplineName":"Meteorological products","gribEdition":2,"gribLength":81298,"center":7,"centerName":"US National Weather Service - NCEP(WMC)","subcenter":0,"refTime":"2019-06-20T00:00:00.000Z","significanceOfRT":1,"significanceOfRTName":"Start of forecast","productStatus":0,"productStatusName":"Operational products","productType":1,"productTypeName":"Forecast products","productDefinitionTemplate":0,"productDefinitionTemplateName":"Analysis/forecast at horizontal level/layer at a point in time","parameterCategory":2,"parameterCategoryName":"Momentum","parameterNumber":3,"parameterNumberName":"V-component_of_wind","parameterUnit":"m.s-1","genProcessType":2,"genProcessTypeName":"Forecast","forecastTime":30,"surface1Type":100,"surface1TypeName":"Isobaric surface","surface1Value":100000.0,"surface2Type":255,"surface2TypeName":"Missing","surface2Value":0.0,"gridDefinitionTemplate":0,"gridDefinitionTemplateName":"Latitude_Longitude","numberPoints":65160,"shape":6,"shapeName":"Earth spherical with radius of 6,371,229.0 m","gridUnits":"degrees","resolution":48,"winds":"true","scanMode":0,"nx":360,"ny":181,"basicAngle":0,"lo1":0.0,"la1":90.0,"lo2":359.0,"la2":-90.0,"dx":1.0,"dy":1.0}, "data":
[rows 52 to 77 of 181, columns 0 to 59 of 360]
-2.971997,-1.9119971,1.9480029,1.908003,-0.24199706,-2.191997,-1.1119971,-4.651997,-0.87199706,1.7080029,3.828003,7.848003,4.768003,2.878003,0.5880029,-0.8919971,-0.14199707,0.47800294,-0.9219971,-3.6119971,-5.661997,-4.361997,-0.26199707,-1.8719971,-3.941997,-5.671997,-7.761997,-2.8119972,-1.5319971,-2.391997,-1.221997,-2.631997,-2.0619972,-3.381997,-2.6119971,-1.331997,-1.601997,-2.481997,-2.3119972,-1.0519971,-1.8919971,1.0680029,0.46800292,1.2180029,1.418003,-2.001997,-2.951997,-0.5319971,-2.5719972,-4.391997,-3.171997,-4.401997,-3.381997,-0.03199707,1.898003,2.328003,-2.5819972,-0.8519971,-2.201997,-4.391997
6.478003,4.718003,0.6480029,1.3380029,-0.13199706,-2.221997,3.118003,-4.2019973,-0.9119971,2.808003,1.2180029,7.598003,6.468003,2.988003,0.16800293,-0.55199707,0.98800296,0.37800294,-0.75199705,-3.411997,-4.891997,-7.111997,-3.511997,-1.8019971,-6.041997,-4.4919972,-8.601997,-8.661997,-1.5419971,-2.121997,-1.811997,-1.941997,0.19800293,-2.681997,-5.441997,1.558003,1.9980029,-2.181997,-1.4319971,-1.191997,0.20800292,0.16800293,1.2480029,0.54800296,1.428003,0.7880029,-2.181997,-0.7719971,-1.231997,0.38800293,-1.211997,-3.701997,-1.2519971,0.5980029,-1.2719971,-2.3519971,1.7080029,0.30800292,-0.40199706,0.9680029
4.128003,2.518003,-0.6419971,-2.0719972,0.61800295,10.898003,8.288003,7.558003,1.918003,4.738003,1.2280029,6.178003,4.8180027,2.1380029,-0.8519971,1.2580029,2.208003,-0.05199707,-0.5419971,-2.6019971,-5.011997,-6.021997,-7.4719973,-2.781997,-2.8319972,-2.141997,-4.901997,-8.111997,-3.771997,-6.161997,1.8380029,0.49800292,1.158003,-0.39199707,0.43800294,5.708003,1.9780029,-1.6319971,-0.88199705,-1.5219971,-0.22199707,-1.0519971,-0.38199708,0.26800293,-2.371997,0.55800295,0.9680029,0.25800294,-0.38199708,3.9080029,-2.211997,3.9280028,3.858003,-1.691997,0.13800293,2.508003,0.45800292,-1.2619971,1.2080029,1.9580029
0.40800294,-2.1119971,-2.0519972,-1.4319971,7.5680027,5.108003,1.298003,1.148003,3.298003,1.158003,4.838003,6.018003,6.248003,5.2580028,4.578003,2.238003,1.8180029,0.31800294,-0.57199705,-2.501997,-4.311997,-5.601997,-6.7419972,-6.871997,-3.1019971,-0.32199708,-2.881997,-7.051997,-5.091997,-6.101997,-3.711997,-0.45199707,2.1980028,-0.6719971,2.238003,6.828003,3.758003,0.9680029,-1.5519971,-3.141997,-2.3019972,-2.3319972,-2.971997,-4.461997,-4.4519973,-3.931997,-0.48199707,0.44800293,2.818003,2.008003,1.7080029,3.208003,1.8480029,-2.891997,-2.8219972,-4.871997,-0.29199708,1.268003,2.378003,1.7180029
-3.3419971,-3.0619972,6.738003,0.5380029,4.138003,8.398003,2.558003,5.628003,1.4480029,-1.8919971,5.728003,6.838003,5.7580028,4.168003,4.678003,3.4380028,1.0880029,0.20800292,-1.2719971,-2.791997,-3.3019972,-3.901997,-3.931997,-4.651997,-5.331997,-5.061997,-4.9319973,-3.471997,-4.191997,-5.281997,-5.341997,-1.9119971,-0.26199707,0.10800293,4.358003,6.348003,1.3180029,1.6080029,1.558003,-1.971997,-3.131997,-3.8319972,-4.671997,-5.7419972,-5.831997,-6.731997,-4.711997,-2.3119972,2.718003,2.3880029,-0.7919971,0.18800293,0.33800292,-1.061997,0.69800293,1.3680029,-2.011997,1.688003,0.48800293,1.408003
-1.841997,-0.81199706,0.11800293,4.268003,4.128003,3.628003,5.948003,6.2580028,7.328003,6.868003,3.358003,1.5680029,3.4080029,1.028003,4.448003,2.958003,1.5880029,0.10800293,-1.441997,-2.401997,-3.161997,-3.001997,-0.68199706,-4.9919972,-5.541997,-4.981997,-3.541997,-3.011997,-3.3619971,-4.4719973,-4.621997,-3.131997,-1.3819971,0.9780029,2.9380028,4.018003,2.208003,-0.17199707,-0.29199708,0.23800293,-0.9619971,-3.8319972,-5.961997,-7.611997,-7.051997,-6.901997,-9.061997,1.058003,0.38800293,1.4680029,1.528003,0.88800293,1.1380029,0.46800292,-1.3919971,2.6580029,5.858003,0.8480029,0.49800292,-1.471997
5.358003,3.828003,5.908003,5.488003,4.308003,5.728003,4.668003,5.388003,3.098003,5.0480027,5.098003,2.528003,3.588003,0.93800294,2.1580029,1.1180029,-0.35199708,-0.94199705,-1.821997,-3.431997,-4.2419972,-1.9019971,-0.40199706,-4.651997,-5.2419972,-5.111997,-4.091997,-3.3019972,-4.041997,-3.3519971,-1.5519971,-1.0019971,-0.74199706,0.27800292,0.47800294,1.9980029,0.05800293,-1.061997,-0.04199707,-1.5519971,-1.4919971,-3.0819972,-6.311997,-6.321997,-5.191997,-5.591997,-8.131997,-7.501997,-3.3119972,4.908003,1.188003,0.7880029,0.92800295,4.358003,-2.0819972,1.7180029,0.16800293,3.998003,3.118003,0.49800292
5.638003,6.708003,4.988003,4.348003,3.988003,4.178003,3.478003,4.578003,3.8880029,5.2780027,5.138003,4.908003,3.6580029,1.9580029,-0.30199707,-1.6719971,0.01800293,0.5280029,-1.211997,-3.631997,-2.6119971,0.03800293,-1.591997,-2.891997,-4.371997,-4.9319973,-4.831997,-4.361997,-2.8419971,-0.81199706,-2.001997,-4.091997,-3.3419971,-2.8119972,-0.7119971,-1.1719971,-1.341997,-2.191997,-2.5619972,-2.6119971,-5.561997,-6.191997,-7.1819973,-4.111997,-1.7519971,-3.221997,-6.2419972,-6.731997,-5.041997,-4.2019973,0.56800294,0.9180029,3.268003,2.4480028,6.698003,3.6980028,4.108003,1.298003,3.738003,2.458003
2.028003,2.868003,4.338003,5.288003,3.308003,4.288003,3.9380028,3.3980029,3.3980029,3.8980029,4.288003,3.758003,2.048003,0.5980029,-0.07199707,-1.3619971,0.49800292,0.46800292,-0.76199704,-2.781997,-3.001997,-1.2719971,-1.1819971,-2.241997,-2.031997,-1.9019971,-1.101997,-1.1619971,-2.641997,-3.261997,-4.921997,-6.461997,-4.831997,-2.431997,-1.691997,-3.0519972,2.4480028,0.35800293,-1.601997,-3.171997,-3.5919971,-3.6019971,-4.711997,-5.371997,-6.131997,-3.3419971,-4.771997,-6.881997,-6.911997,-5.071997,-2.641997,-1.2519971,2.6780028,2.748003,5.058003,4.648003,7.448003,0.32800293,-4.421997,4.0080028
4.238003,5.968003,2.758003,2.9080029,4.408003,4.7580028,4.0480027,4.978003,5.948003,6.208003,5.308003,3.478003,1.2280029,-0.32199708,-0.7819971,-1.0019971,0.61800295,-3.431997,-2.541997,-4.611997,-4.441997,-0.13199706,-0.28199708,-1.061997,-1.1719971,-0.08199707,-1.6619971,-2.691997,-3.5919971,-6.601997,-7.7419972,-8.711997,-1.321997,-13.081997,-0.34199706,-2.891997,-0.86199707,3.788003,-0.10199707,-2.521997,-2.191997,-3.021997,-5.1819973,-6.4319973,-7.081997,-4.381997,-3.691997,-7.4919972,-6.831997,-4.961997,-6.101997,-5.281997,-1.591997,2.798003,2.578003,2.218003,4.908003,3.718003,2.778003,-5.9719973
2.6780028,3.988003,3.278003,0.21800293,1.288003,3.9180028,4.738003,5.438003,4.768003,4.388003,4.208003,1.9980029,1.2380029,0.25800294,-2.021997,-1.5219971,-1.1619971,-0.82199705,-1.3919971,-3.921997,-4.101997,-3.911997,0.44800293,-0.45199707,-0.46199706,-1.7819971,-2.281997,-3.491997,-5.071997,-6.751997,-8.331997,-9.411997,-3.791997,-4.581997,-0.22199707,-4.271997,0.87800294,-1.711997,0.9580029,1.3580029,0.47800294,-0.51199704,-3.941997,-5.881997,-6.961997,-3.8519971,-5.621997,-5.441997,-6.901997,-6.311997,-7.261997,-8.331997,-3.411997,0.17800292,0.46800292,1.418003,0.7780029,2.338003,0.88800293,2.498003
-1.331997,-0.95199704,-3.171997,-1.3919971,-1.311997,1.5680029,3.858003,3.1880028,4.308003,4.188003,3.4480028,2.4480028,2.288003,-0.02199707,-1.451997,-1.5219971,0.55800295,0.03800293,-3.781997,-3.8219972,-4.341997,-3.661997,-0.18199708,1.0680029,0.24800293,-0.7319971,-1.4119971,-3.941997,-5.391997,-7.381997,-8.891997,-9.281997,1.6280029,3.958003,-8.201997,-4.611997,-1.2719971,1.688003,3.1880028,6.238003,3.708003,0.17800292,-3.681997,-4.261997,-6.371997,-4.881997,-6.271997,-6.001997,-7.121997,-8.671997,-6.871997,-8.161997,-7.921997,5.458003,1.8580029,0.9180029,1.8580029,0.7780029,-0.21199708,1.8280029
-0.47199708,-1.2719971,-0.74199706,2.818003,2.848003,0.68800294,4.398003,3.548003,4.848003,5.3180027,2.968003,0.22800294,0.61800295,-0.9019971,-3.181997,-1.1519971,0.16800293,-1.2719971,-3.961997,-3.241997,-3.251997,-3.8119972,-1.471997,0.55800295,-0.46199706,-0.57199705,-3.441997,-5.4919972,-7.671997,-6.371997,-7.9919972,-6.481997,0.16800293,4.148003,1.8880029,-5.001997,-5.671997,-0.01199707,2.9080029,1.518003,0.92800295,0.13800293,-1.2519971,-5.381997,-6.091997,-8.491997,-9.181997,-9.401997,-8.031997,-7.771997,-7.791997,-8.561997,-7.881997,-1.4319971,-1.6319971,1.5680029,-2.5519972,6.468003,2.768003,1.6180029
-1.8819971,-1.101997,-2.221997,0.33800292,0.30800292,-2.011997,1.518003,6.128003,7.168003,2.238003,2.558003,1.0780029,-1.1319971,-2.691997,-3.491997,-0.93199706,-0.63199705,-1.8019971,-2.681997,-0.99199706,-2.381997,-3.911997,-1.341997,-2.411997,-3.8419971,-3.971997,-4.131997,-6.671997,-7.641997,-6.601997,-3.3419971,-2.761997,6.0280027,0.21800293,-2.781997,-8.771997,-5.661997,-6.581997,0.8480029,2.798003,-0.74199706,-2.8219972,-3.721997,-5.141997,-9.391997,-10.801997,-8.741997,-11.151997,-9.341997,-8.411997,-8.581997,-11.281997,-7.911997,-4.151997,-2.121997,-1.8619971,1.9680029,1.058003,-0.21199708,0.9680029
-3.1019971,-3.5919971,-3.411997,-4.651997,2.1380029,2.9280028,4.948003,3.988003,6.838003,5.588003,-3.521997,0.07800293,-1.8719971,-2.921997,-2.671997,-1.2719971,-1.831997,-2.151997,0.01800293,-1.1719971,-2.151997,-3.931997,-4.7019973,-4.871997,-6.271997,-6.891997,-5.7419972,-6.831997,-7.921997,-6.711997,-5.511997,1.9780029,-0.10199707,4.078003,3.778003,0.32800293,-4.9319973,-3.281997,1.1980029,-2.191997,-0.76199704,-3.5819972,-7.481997,-10.581997,-12.051997,-11.471997,-8.251997,-10.991997,-9.441998,-9.551997,-9.251997,-10.551997,-7.731997,-6.7219973,-4.071997,-1.451997,2.228003,-3.1119971,-1.8819971,-1.1119971
-4.881997,-4.841997,-4.2019973,1.6280029,2.368003,3.088003,0.23800293,2.6780028,1.9680029,0.6680029,-0.48199707,-2.8619971,-1.201997,-2.441997,-3.191997,0.5880029,1.918003,0.63800293,-0.45199707,-0.23199707,-3.451997,-3.411997,-5.121997,-4.841997,-5.511997,-1.9219971,-5.581997,-7.511997,-8.591997,-6.631997,-0.14199707,-1.3719971,3.878003,3.1880028,-0.5919971,0.04800293,2.1880028,-3.661997,3.1880028,-4.081997,-2.781997,-6.131997,-7.731997,-10.941998,-11.7319975,-9.741997,-8.681997,-11.131997,-10.611997,-8.301997,-7.261997,-9.181997,-9.741997,-7.9919972,-4.9519973,-1.211997,3.788003,2.798003,3.9380028,-1.2619971
-5.161997,-2.701997,5.108003,3.558003,6.0080028,4.478003,-0.06199707,-1.6219971,-2.271997,1.9580029,1.2080029,2.9280028,-4.101997,-2.3319972,-5.7019973,-0.95199704,-0.25199708,1.3880029,-0.39199707,0.13800293,-4.401997,-2.441997,-4.581997,-6.301997,-6.081997,-1.5419971,-6.001997,-8.531997,-7.211997,-5.121997,-2.131997,5.058003,2.718003,2.028003,-0.44199708,-4.501997,-2.0619972,-7.071997,-5.921997,-3.911997,-2.961997,-0.9119971,-4.441997,-7.2419972,-9.361997,-8.7319975,-8.431997,-9.111997,-6.781997,-6.091997,-3.391997,-6.631997,-8.621997,-8.471997,-5.9719973,-2.0619972,1.9980029,2.858003,2.488003,2.578003
2.3980029,0.008002929,3.278003,4.188003,7.088003,5.168003,3.018003,-2.8619971,-5.081997,-0.49199706,-3.001997,-3.631997,-1.971997,-3.651997,-6.001997,-4.591997,0.69800293,-1.211997,0.43800294,-2.6119971,-5.881997,-5.001997,-5.921997,-3.181997,-4.2219973,-4.121997,-5.9919972,-7.581997,-3.531997,-3.881997,0.9580029,0.8280029,0.22800294,-2.441997,-2.1019971,-3.8119972,-3.0719972,-4.9719973,-10.091997,-5.071997,-0.8519971,-1.1819971,-5.631997,-8.281997,-9.951997,-10.441998,-9.161997,-8.821997,-7.001997,-4.011997,-3.3319972,-5.041997,-7.691997,-7.761997,-6.191997,-2.231997,0.49800292,3.518003,3.998003,4.878003
-1.731997,3.838003,3.578003,3.048003,3.3980029,3.128003,-0.33199707,0.7780029,-3.631997,-2.701997,-2.651997,-2.031997,-3.241997,-6.351997,-6.851997,-0.7719971,1.558003,2.788003,-1.5519971,-7.7019973,-7.331997,-5.801997,-3.3319972,-3.221997,-2.461997,-4.531997,-5.061997,-4.411997,-7.871997,-1.321997,-0.5319971,-0.5219971,-0.99199706,-0.8319971,-1.231997,-1.7719971,-4.851997,-6.211997,-8.711997,-3.881997,-0.12199707,-2.641997,-5.751997,-5.7419972,-6.7219973,-7.761997,-7.881997,-6.9519973,-6.391997,-3.881997,-3.0719972,-3.221997,-5.361997,-6.121997,-5.2019973,-2.401997,0.80800295,3.368003,6.088003,8.058002
2.998003,4.368003,2.308003,0.6580029,0.67800295,-0.94199705,-1.331997,-0.68199706,0.61800295,0.8380029,-2.421997,-0.36199707,-2.001997,1.1980029,0.43800294,1.5980029,1.9480029,0.9080029,-0.7219971,-11.261997,-8.011997,-6.171997,-3.3319972,-2.381997,-3.761997,-3.481997,-3.681997,-5.261997,-1.4019971,-2.281997,-1.8919971,-2.031997,-2.0619972,-0.75199705,-1.591997,0.31800294,3.6580029,-2.261997,1.1280029,-1.6719971,-2.241997,3.968003,-2.391997,-7.251997,-6.911997,-7.361997,-6.281997,-4.171997,-4.551997,-1.5019971,0.87800294,0.09800293,-1.0119971,-4.031997,-2.661997,-0.45199707,-0.15199707,5.288003,9.108003,9.358003
2.218003,3.748003,1.4780029,0.98800296,1.178003,1.148003,0.99800295,-1.821997,1.4680029,0.55800295,3.328003,-2.541997,-1.971997,-2.511997,-0.47199708,-1.701997,-0.88199705,-0.22199707,-5.301997,-7.501997,-5.391997,0.6080029,-0.93199706,0.38800293,-5.031997,-6.421997,-1.4919971,-2.8119972,-5.251997,-3.381997,-2.0719972,-0.7319971,-0.23199707,3.118003,3.868003,8.908003,8.458003,2.978003,2.378003,-5.851997,-6.301997,-2.791997,4.448003,-2.3619971,0.5280029,-4.071997,-2.941997,-1.8619971,-2.6019971,-2.3119972,-1.7519971,-1.6419971,-0.9119971,-0.08199707,2.558003,0.38800293,4.648003,9.648003,9.158003,8.228003
4.018003,2.518003,4.0280027,0.06800293,0.8980029,2.1480029,5.158003,4.898003,3.6880028,1.408003,5.128003,4.408003,2.968003,1.4880029,0.16800293,-0.5419971,-1.441997,-0.7919971,0.69800293,0.5780029,-0.18199708,-3.891997,-2.181997,-1.1419971,-2.421997,-3.371997,-0.51199704,-0.13199706,-2.491997,-2.0519972,-2.5619972,-0.9819971,2.838003,7.408003,7.998003,8.728003,7.498003,5.0480027,1.9580029,-5.9519973,-3.5619972,-3.1019971,-1.731997,1.168003,0.75800294,4.908003,4.418003,1.4980029,1.668003,0.5880029,-0.32199708,2.1880028,2.6580029,-1.061997,4.838003,8.058002,8.208003,8.148003,8.058002,7.848003
3.878003,5.228003,2.118003,4.918003,5.998003,8.188003,5.748003,5.238003,2.988003,2.6980028,5.198003,2.3880029,1.9680029,4.668003,4.468003,2.3980029,1.188003,2.228003,1.438003,0.43800294,-0.62199706,-1.211997,0.26800293,-1.811997,-0.9219971,-1.6619971,0.38800293,0.26800293,-3.021997,0.26800293,2.488003,4.098003,10.628003,11.368003,11.528003,8.598003,7.078003,4.498003,0.81800294,0.6580029,-2.381997,-1.691997,-3.401997,1.7080029,-0.74199706,-0.5419971,0.42800292,1.8780029,2.818003,1.428003,1.5980029,-0.81199706,1.0880029,6.588003,6.718003,6.468003,6.438003,7.988003,8.558002,8.808002
4.908003,5.988003,7.208003,6.138003,9.388003,7.478003,6.688003,5.5280027,5.158003,6.228003,5.608003,5.288003,7.178003,3.528003,5.938003,5.5080028,3.018003,1.2180029,0.9180029,-0.45199707,-1.701997,1.428003,-2.0619972,0.24800293,2.8980029,0.39800292,2.468003,4.748003,5.0280027,6.868003,5.978003,7.7580028,10.308002,11.078003,9.488003,7.908003,5.668003,0.9180029,0.5280029,0.41800293,-3.491997,-1.2919971,0.81800294,-0.10199707,0.25800294,-0.20199707,-0.43199706,1.6180029,3.6380029,2.518003,1.2380029,3.268003,7.668003,10.028003,10.968003,9.228003,8.748003,9.588003,9.998003,9.358003
7.8180027,7.0280027,7.768003,8.148003,7.0080028,6.0680027,5.868003,3.768003,2.878003,3.008003,3.958003,5.748003,6.0080028,5.698003,5.288003,4.268003,3.558003,4.588003,5.118003,4.808003,3.468003,4.588003,3.978003,2.308003,5.708003,1.418003,2.6680028,5.118003,5.0680027,5.978003,6.988003,9.758003,11.348003,10.688003,6.928003,4.408003,6.658003,1.9580029,0.63800293,0.56800294,-1.6619971,-4.1819973,-6.501997,-2.751997,-2.0919971,0.05800293,1.7080029,0.7680029,4.7780027,4.118003,4.938003,3.548003,7.968003,12.218003,12.418003,8.318003,12.558002,11.338003,10.468003,9.718003
7.348003,7.7580028,7.388003,5.7980027,7.408003,7.498003,5.388003,7.958003,6.8180027,4.408003,4.598003,4.398003,4.768003,4.358003,3.808003,2.818003,2.4180028,2.6880028,5.368003,3.988003,4.078003,4.108003,3.1680028,3.1980028,1.1180029,1.1980029,5.368003,5.188003,5.378003,5.668003,7.338003,6.208003,9.7680025,9.468003,6.138003,4.248003,5.168003,0.17800292,-0.01199707,-0.02199707,-1.6219971,-2.691997,0.24800293,-4.311997,1.158003,2.338003,3.208003,2.288003,6.598003,0.21800293,1.9780029,0.27800292,10.208003,14.238003,15.068003,13.648003,12.108003,11.218003,9.818003,9.078003
