static/data/gfs.t00z.pgrb2.1p00.f10.json
{"header": {"discipline":0,"disciplineName":"Meteorological products","gribEdition":2,"gribLength":80413,"center":7,"centerName":"US National Weather Service - NCEP(WMC)","subcenter":0,"refTime":"2019-06-20T00:00:00.000Z","significanceOfRT":1,"significanceOfRTName":"Start of forecast","productStatus":0,"productStatusName":"Operational products","productType":1,"productTypeName":"Forecast products","productDefinitionTemplate":0,"productDefinitionTemplateName":"Analysis/forecast at horizontal level/layer at a point in time","parameterCategory":2,"parameterCategoryName":"Momentum","parameterNumber":2,"parameterNumberName":"U-component_of_wind","parameterUnit":"m.s-1","genProcessType":2,"genProcessTypeName":"Forecast","forecastTime":15,"surface1Type":100,"surface1TypeName":"Isobaric surface","surface1Value":100000.0,"surface2Type":255,"surface2TypeName":"Missing","surface2Value":0.0,"gridDefinitionTemplate":0,"gridDefinitionTemplateName":"Latitude_Longitude","numberPoints":65160,"shape":6,"shapeName":"Earth spherical with radius of 6,371,229.0 m","gridUnits":"degrees","resolution":48,"winds":"true","scanMode":0,"nx":360,"ny":181,"basicAngle":0,"lo1":0.0,"la1":90.0,"lo2":359.0,"la2":-90.0,"dx":1.0,"dy":1.0}, "data":
[rows 104 to 129 of 181, columns 0 to 57 of 360]
-3.0029027,-1.9229028,-1.8829029,-1.0629028,-0.39290282,-1.6729028,0.97709715,-1.4329028,-0.97290283,1.3470972,0.71709716,1.4170972,2.0870972,3.0370972,2.7570972,0.43709716,-3.1729028,-2.2329028,-3.302903,-3.2429028,-3.7429028,-3.082903,-3.0029027,-3.9029028,-3.102903,-3.292903,-3.052903,-3.292903,-3.6629028,-3.2329028,-1.1729028,-2.062903,-2.4829028,0.25709715,0.42709717,-4.372903,-0.7329028,-0.24290283,0.20709717,1.2170972,0.46709716,1.4470972,1.3570971,1.2470971,-1.5329028,-1.2129028,-2.2829027,0.12709717,1.1570972,-1.8429028,-0.33290282,-6.642903,-9.652903,-10.932903,-11.052903,-10.122903,-11.652903,-11.482903
-2.0129027,-2.9329028,-3.102903,-2.1629028,-0.44290283,-1.9029028,-0.89290285,0.9970972,-0.16290283,2.0570972,1.4470972,1.6970972,4.4470973,0.5070972,-1.3929029,-2.572903,-3.092903,-4.432903,-4.062903,-4.3029027,-3.582903,-3.9229028,-4.022903,-3.8829029,-3.812903,-3.5229027,-3.6629028,-3.7729027,-3.602903,-3.552903,-2.5329027,-3.2229028,-1.5329028,-2.6429029,-0.8729028,1.4070972,0.21709716,2.3270972,0.84709716,1.4770972,1.6870972,5.517097,-0.20290284,-0.19290283,0.7670972,1.7170972,1.2070972,2.4870973,-6.562903,-3.9329028,0.65709716,-5.812903,-10.292903,-10.902903,-11.152903,-11.352902,-11.712903,-11.072903
-2.4929028,-2.7029028,-3.9529028,-2.7329028,-2.102903,-1.5729028,-0.48290282,0.90709716,3.177097,1.5770972,-1.2629029,1.0870972,5.667097,-0.84290284,-4.232903,-3.2329028,-4.0329027,-4.642903,-4.7829027,-5.1529026,-4.942903,-4.6529026,-3.302903,-3.2729027,-4.142903,-4.332903,-3.852903,-3.9329028,-2.5229027,0.5070972,-3.1329029,-2.5329027,-0.90290284,-2.2129028,-2.1929028,-1.2929028,1.0770972,1.4670972,2.707097,2.907097,2.907097,3.197097,1.4170972,0.49709716,3.6170971,4.607097,-0.36290282,-3.822903,-4.162903,-3.7629027,-4.832903,-8.972903,-9.932903,-10.752903,-10.612903,-11.962903,-11.812902,-11.202903
-1.9029028,-2.092903,-3.352903,-3.812903,-2.9329028,-1.3929029,0.16709717,1.0470972,1.5170971,-0.57290286,-0.51290286,2.3770971,-1.4629028,-2.1329029,-4.852903,-4.1529026,-4.022903,-4.472903,-4.562903,-4.972903,-5.272903,-4.122903,-4.082903,-3.852903,-2.6329029,-2.1729028,-4.222903,-3.4629028,1.4770972,1.0370972,-1.2829028,-2.9129028,-2.7029028,-2.4629028,-3.4029028,-0.06290283,1.1470971,3.0670972,7.2370973,9.507097,5.9070973,1.2170972,0.8270972,1.6470971,4.4470973,-1.3029028,-0.5029028,-5.962903,-7.0529027,-1.7629029,-8.942903,-10.492903,-11.312902,-10.652903,-11.012903,-11.842903,-12.372903,-12.952903
-2.1629028,-1.7129028,-1.8429028,-3.0229027,-3.1929028,-2.302903,-0.33290282,0.46709716,-0.24290283,0.6270972,0.33709717,0.92709714,1.8570971,-3.092903,-4.8829026,-4.3829026,-3.9029028,-4.772903,-4.1129026,-4.542903,-4.542903,-4.0929027,-3.9029028,-3.1229029,-2.7829027,-3.9329028,-3.0129027,-1.2729028,-0.9929028,-2.9029028,-3.4829028,-3.6129029,-0.7929028,-1.0629028,-0.14290284,2.3370972,5.307097,8.097097,2.2470973,0.17709717,-3.332903,-1.4729028,-0.48290282,1.3270972,1.6270971,-1.0229028,-3.792903,-6.3229027,-4.452903,0.43709716,-8.5229025,-11.212903,-12.632903,-11.382903,-11.0229025,-13.262903,-14.912903,-14.002903
-1.1229029,-1.8929029,-1.8329028,-1.9229028,-2.592903,-2.572903,-1.2629029,0.33709717,-0.6229028,-0.29290283,1.9570972,0.13709716,0.92709714,-0.6029028,-4.432903,-4.372903,-3.6829028,-5.772903,-6.122903,-4.712903,-4.922903,-4.082903,-4.002903,-3.072903,-2.552903,-2.7129028,-3.042903,-2.582903,-3.4129028,-3.8729029,-3.6829028,-4.472903,-1.1929028,-2.7429028,1.2570971,0.9470972,0.8270972,-3.2129028,-3.5329027,-4.922903,-4.722903,-4.102903,-3.1429029,-1.5629028,-5.6329026,1.6670972,-2.292903,-6.982903,-2.6429029,-2.802903,-11.192903,-13.662903,-12.122903,-12.732903,-14.352902,-14.182903,-14.682903,-13.912903
-0.88290286,-0.6729028,-0.91290283,-1.9929029,-2.072903,-3.0229027,-1.7729028,-0.96290284,0.12709717,-0.33290282,0.007097168,1.4270972,-0.052902833,1.2770972,-3.042903,-3.6929028,-3.9229028,-6.332903,-5.3829026,-5.042903,-4.582903,-4.412903,-3.842903,-4.602903,-3.8829029,-2.602903,-3.2629027,-4.682903,-5.082903,-5.482903,-3.582903,-4.0329027,-0.39290282,0.32709718,2.417097,-1.3229028,-4.0529027,-6.1329026,-6.0329027,-4.522903,-5.792903,-5.642903,-8.612903,-6.582903,-10.262903,-1.5929028,-2.2029028,-3.842903,0.7570972,-6.542903,-9.562902,-11.872903,-7.8829026,-12.402903,-12.952903,-15.892902,-13.622903,-11.752903
-0.29290283,0.26709718,0.017097168,-0.6029028,-1.7529029,-2.042903,-2.3629029,-1.9329028,-0.10290283,-0.032902833,-2.572903,1.4770972,2.907097,4.8670974,-2.542903,-0.8529028,-3.2329028,-4.482903,-4.2429028,-4.5129027,-4.372903,-3.0229027,-4.202903,-4.3229027,-3.342903,-5.3829026,-7.0529027,-6.5129027,-6.222903,-2.9629028,-4.3229027,-1.9629028,0.54709715,0.97709715,2.4870973,-5.3029027,-5.602903,-6.372903,-6.372903,-7.122903,-7.1329026,-6.8829026,-7.352903,-5.122903,-7.462903,-2.6929028,-7.5929027,-4.0929027,-1.4729028,-11.152903,-10.932903,-12.712903,-12.352902,-12.732903,-13.432903,0.44709718,-11.142902,-14.162903
1.1170971,1.3370972,1.4770972,1.1970972,-1.2229028,-1.6129029,-1.9429028,-1.9029028,-1.7129028,-0.06290283,-1.5729028,-1.5929028,1.9370972,-0.59290284,0.7670972,-0.17290284,-3.1829028,-2.072903,-3.302903,-4.062903,-3.2629027,-3.9529028,-3.9229028,-3.2729027,-3.102903,-3.8829029,-5.372903,-5.392903,-5.5529027,-6.982903,-5.312903,-1.4729028,-1.3829029,-0.8029028,1.8870971,-3.6129029,-6.272903,-7.542903,-8.532903,-9.032903,-7.702903,-5.3829026,-1.0129029,-10.242903,-5.082903,-5.1529026,-4.062903,-3.4929028,-8.972903,-11.542903,-13.242903,-13.282903,-13.642902,-14.042903,-13.872903,-14.852902,-15.012903,-14.632903
3.2970972,3.0370972,3.4870973,2.3370972,1.3770971,-0.90290284,-1.4229028,-1.9429028,-2.052903,-1.9829029,-0.64290285,-2.7829027,1.7070972,1.7570971,2.7370973,-3.3829029,-1.5829028,-0.10290283,-2.052903,-2.6329029,-3.4229028,-2.9829028,-3.852903,-3.312903,-3.4429028,-2.602903,-4.642903,-3.8829029,-2.792903,-3.9429028,-2.802903,-2.3929029,-3.052903,-1.9629028,-0.58290285,-3.2829027,-6.8429027,-8.242903,-9.242903,-10.382903,-10.052903,-8.582903,-7.702903,-12.952903,-6.5529027,-10.902903,-9.992903,-2.1229029,-10.322903,-13.232903,-12.442903,-12.372903,-13.302903,-13.642902,-13.882903,-13.302903,-14.652903,-14.472903
5.477097,4.9470973,5.037097,4.707097,3.697097,0.92709714,-0.47290283,-0.6829028,-1.4729028,-1.8429028,-2.052903,-2.302903,-2.9929028,3.5270972,4.667097,1.6970972,1.8570971,-1.6429029,-1.9929029,-3.3829029,-2.4029028,-2.9829028,-2.7729027,-2.352903,-3.0129027,-1.9329028,-3.5329027,-0.17290284,-3.0329027,-1.1129029,-2.322903,-3.1429029,-3.1229029,-2.6429029,-3.1929028,-4.2629027,-7.3429027,-7.232903,-9.482903,-11.232903,-10.722903,-9.252903,-9.262903,-11.182903,-7.2429028,-6.252903,-3.9129028,-3.7829027,-12.212903,-12.862903,-13.072903,-12.892902,-13.542903,-14.632903,-14.892902,-16.232903,-15.782903,-13.972903
3.147097,5.027097,7.297097,7.057097,5.1570973,4.7370973,1.3570971,0.20709717,0.36709717,-0.83290285,-1.9829029,-2.7429028,-2.602903,0.8070972,7.4070973,1.6870972,2.3070972,-0.89290285,-1.1729028,-1.0729028,-2.1929028,-1.8529029,-2.2529027,-2.0229027,-1.1729028,-2.1729028,-1.9129028,-1.7429029,-3.3729029,-2.042903,-1.4729028,-1.8729029,-3.9129028,-2.3629029,-4.732903,-8.312902,-9.712903,-9.462903,-10.572903,-11.792903,-13.912903,-11.882903,-13.742903,-15.542903,-9.492903,-7.872903,-9.112903,-9.932903,-14.612903,-14.362903,-13.782903,-13.312902,-13.512903,-13.162903,-14.662903,-15.142902,-14.2729025,-13.562902
6.497097,5.807097,7.4470973,8.077097,7.9270973,6.5970974,5.0070972,2.3870971,1.3670971,1.2270972,-0.082902834,-2.102903,-2.572903,-1.5429028,2.707097,2.2370973,3.8570971,1.9370972,-0.5029028,-1.0729028,-2.062903,-1.1029029,-1.3229028,-2.0329027,0.04709717,-0.36290282,-0.95290285,0.19709717,-0.012902832,0.44709718,-3.6629028,-1.8929029,-2.092903,-3.102903,-5.722903,-9.332903,-10.252903,-10.802903,-11.132903,-11.652903,-13.5229025,-15.172903,-16.512903,-17.832903,-17.632902,-16.352903,-15.242903,-15.192903,-14.372903,-13.322903,-13.352902,-13.192903,-13.082903,-13.552903,-13.632903,-13.282903,-12.392902,-11.702903
8.017097,9.507097,8.297097,9.707097,9.057097,8.257097,7.017097,5.277097,3.2970972,2.407097,1.6770972,0.5170972,-1.7929028,-2.1329029,-0.6229028,2.697097,6.337097,6.797097,-1.8929029,0.39709717,-1.1329029,-0.82290286,-1.9029028,0.90709716,-0.64290285,0.90709716,-3.4629028,-0.9329028,0.007097168,-0.8529028,-3.4029028,-2.1529028,-2.0329027,-2.9029028,-6.372903,-8.622903,-10.252903,-11.082903,-11.312902,-12.012903,-12.642902,-13.642902,-14.672903,-15.492903,-15.452903,-15.172903,-15.432903,-14.252903,-13.862903,-12.882903,-12.602902,-13.062902,-13.242903,-12.752903,-13.2729025,-12.572903,-13.462903,-13.982903
10.037097,10.027097,11.247097,9.807097,10.357098,9.257097,8.387097,6.917097,5.6770973,4.017097,3.4670973,2.3370972,0.77709717,-1.4229028,-1.3229028,-0.15290283,4.127097,3.707097,-0.36290282,0.26709718,-1.2329029,-0.51290286,-0.21290283,1.4670972,1.0370972,-1.7129028,-0.8729028,2.397097,1.3270972,1.4670972,-2.2629027,-1.7929028,-2.7029028,-4.062903,-6.872903,-7.6529026,-9.092903,-10.512903,-12.122903,-13.032903,-13.392902,-14.542903,-14.672903,-14.402903,-14.942903,-14.552903,-13.882903,-12.712903,-12.902903,-12.512903,-12.432903,-11.322903,-12.732903,-12.812902,-13.442903,-13.962903,-13.822903,-12.432903
11.577097,12.287097,11.987097,11.777097,10.437098,9.457097,10.147098,8.927097,6.7570972,5.827097,5.017097,4.1370974,2.457097,0.84709716,-0.82290286,-0.33290282,1.5270972,0.35709718,1.4870971,0.26709718,-0.6729028,-0.23290282,1.5270972,2.3770971,-5.102903,-0.082902834,0.24709716,0.5070972,0.6870972,0.36709717,-0.6029028,0.6370972,-7.982903,-4.7429028,-6.292903,-7.5329027,-8.7729025,-9.172903,-11.212903,-12.302903,-13.182903,-13.212903,-14.052903,-13.382903,-13.452903,-12.852902,-11.732903,-12.362903,-11.562902,-10.562902,-9.882903,-10.002903,-13.432903,-13.492903,-12.072903,-12.222903,-11.202903,-11.072903
14.647098,13.517097,13.377097,13.197097,12.837097,10.827097,9.807097,10.897098,7.897097,6.997097,5.8470974,6.227097,4.517097,3.0170972,1.0370972,-0.39290282,1.4970971,4.277097,0.54709715,0.22709717,-0.24290283,1.5070971,1.7570971,2.4670973,-2.2629027,1.1170971,0.24709716,-1.8429028,1.2170972,-1.2429029,-1.2729028,-7.562903,-7.672903,-5.752903,-6.2629027,-6.0129027,-7.3229027,-7.462903,-9.312902,-9.942903,-10.912903,-11.492903,-11.342903,-12.112903,-11.362903,-11.352902,-10.662903,-10.102902,-12.332903,-13.112903,-12.982903,-12.562902,-12.422903,-11.812902,-10.552903,-10.602902,-10.222903,-10.472903
8.557097,12.797097,14.757097,13.787097,13.537097,13.077097,12.057097,10.097097,9.447097,8.367097,6.827097,6.317097,5.5970974,5.667097,3.7670972,1.7670971,0.60709715,3.9770973,1.9770972,0.23709717,1.1270971,2.2470973,3.0670972,2.447097,2.0270972,2.0870972,1.7170972,1.9870971,0.86709714,-1.0229028,-0.6229028,-6.142903,-6.1529026,-4.622903,-4.8229027,-3.842903,-5.702903,-6.0729027,-6.7429028,-7.412903,-7.852903,-9.342903,-9.152903,-9.962903,-9.492903,-9.802903,-9.712903,-11.722903,-11.972903,-11.622903,-10.742903,-10.602902,-10.412903,-10.422903,-9.752903,-9.742903,-9.612903,-9.7729025
12.797097,7.9670973,6.267097,15.407097,13.137097,14.067097,13.807097,11.737097,10.017097,9.087097,7.747097,6.8870974,6.6770973,5.937097,5.7370973,4.687097,2.4770973,1.2370971,3.4770973,-0.84290284,0.067097165,3.3470972,3.0670972,2.7570972,3.7670972,3.0170972,1.7170972,2.657097,-1.4729028,-1.6229029,-7.2829027,-4.5929027,-4.8029027,-3.1229029,-3.4729028,-3.7229028,-3.9529028,-4.412903,-5.212903,-6.732903,-7.3229027,-7.212903,-9.142902,-8.402903,-11.232903,-10.7729025,-10.382903,-9.552903,-9.372903,-9.182903,-8.082903,-7.722903,-9.2729025,-8.942903,-9.132903,-8.982903,-8.892902,-8.972903
11.697097,11.057097,8.057097,6.5970974,15.737097,12.607098,11.897098,14.047097,10.597097,9.697097,9.207097,6.377097,7.3870974,7.067097,6.457097,5.437097,5.787097,2.8170972,2.437097,0.017097168,0.8970972,3.1270971,3.1170971,2.4970973,2.8370972,2.1270971,1.6970972,0.057097167,-7.722903,-6.002903,-4.182903,-2.9829028,-2.4229028,-1.5829028,-1.3429028,-1.8829029,-2.8629029,-2.7129028,-3.352903,-3.9529028,-4.4929028,-5.432903,-6.062903,-8.432903,-7.942903,-6.752903,-5.672903,-5.922903,-4.792903,-5.7429028,-7.602903,-7.272903,-7.4929028,-7.872903,-7.8029027,-7.5929027,-7.502903,-7.8429027
8.9770975,9.667097,5.767097,6.607097,7.607097,12.387097,12.567097,12.2270975,12.997097,11.207097,10.677097,10.507097,10.817097,9.037097,7.417097,7.337097,4.877097,4.817097,3.2570972,0.44709718,0.48709717,4.147097,-2.0329027,-0.37290284,-1.8329028,2.177097,2.7770972,-4.0529027,-3.1629028,-2.562903,-2.1229029,-0.9829028,-1.0329028,-0.64290285,-0.15290283,-0.48290282,-1.0229028,-1.5029029,-1.2029028,-2.1929028,-1.7829028,-2.5229027,-3.8929029,-7.062903,-5.4929028,-3.582903,-3.5029027,-3.7829027,-4.672903,-4.932903,-5.602903,-6.272903,-6.2829027,-6.142903,-6.392903,-6.2629027,-6.082903,-6.142903
5.817097,6.607097,5.497097,3.1070971,5.9070973,4.837097,-2.2229028,8.057097,12.177097,9.407097,10.297097,12.557097,11.987097,10.347097,7.877097,8.087097,6.837097,4.997097,6.147097,3.397097,-0.52290285,-6.192903,-7.122903,-5.542903,-5.1129026,-3.2529027,0.6370972,1.7470971,1.6870972,0.41709718,0.19709717,0.30709717,0.66709715,1.4070972,1.5970972,1.7170972,2.1370971,0.8770972,0.24709716,0.44709718,0.34709716,-0.7329028,-5.122903,-3.3729029,-2.3929029,-1.6129029,-1.5029029,-2.092903,-2.9929028,-3.1729028,-3.6629028,-4.1529026,-4.172903,-4.332903,-4.702903,-5.082903,-4.8629026,-4.142903
6.087097,5.207097,5.357097,3.7670972,4.9470973,4.297097,2.5770972,0.9470972,1.5570972,10.357098,9.777097,10.647098,12.847097,12.4770975,11.447097,8.147098,7.047097,6.2370973,7.1370974,4.817097,0.14709717,-3.6829028,-3.9229028,-1.9129028,-0.70290285,-0.09290283,-0.8029028,0.29709718,1.4970971,2.0370972,1.7770972,1.9970971,2.3670971,3.0170972,3.2570972,2.907097,3.0270972,2.7970972,2.2870972,2.5670972,1.8470972,-1.8629029,-0.96290284,-0.45290282,1.4870971,0.71709716,1.2470971,0.38709718,0.067097165,-1.2629029,-1.0829028,-1.0529028,-1.6529028,-2.552903,-2.542903,-2.7329028,-2.552903,-2.4429028
7.5970974,6.8870974,6.687097,7.1170974,6.2370973,3.947097,6.087097,6.0970974,5.587097,3.3270972,5.187097,10.737097,13.417097,11.717097,11.177097,10.137097,8.717097,7.587097,8.687098,7.7570972,6.4070973,6.587097,6.2370973,4.147097,3.5570972,4.1370974,3.7170973,2.0470972,1.7670971,2.157097,2.7370973,2.8070972,4.037097,5.357097,5.3670974,5.687097,4.997097,5.0970974,3.3670971,4.587097,4.317097,2.707097,2.3570971,3.0570972,3.8470972,3.5370972,3.9870973,3.457097,2.947097,2.167097,1.5570972,1.4870971,1.3070972,0.7070972,0.24709716,0.38709718,0.12709717,-0.022902831
7.047097,7.8670974,10.2270975,11.317097,9.257097,7.777097,6.8470974,8.457097,7.4070973,8.087097,7.767097,7.1770973,10.187098,12.587097,11.557097,11.347097,8.587097,8.987097,9.027097,12.917097,9.247097,8.867097,7.9070973,6.437097,5.937097,6.4070973,6.977097,5.6570973,3.197097,2.5870972,3.427097,3.6070971,4.567097,6.577097,7.077097,7.077097,6.527097,6.827097,7.3870974,6.0970974,7.727097,6.7170973,3.5370972,5.1970973,6.457097,5.107097,5.707097,6.167097,5.837097,5.337097,4.6970973,4.3870974,4.047097,4.077097,4.297097,3.7270973,3.5570972,3.647097
7.527097,7.787097,8.127097,8.027097,7.727097,8.177097,9.807097,9.667097,9.487097,8.387097,11.037097,10.577097,8.267097,11.887097,11.707097,10.047097,11.857098,9.637097,11.917097,11.447097,12.077097,12.937098,11.867097,10.107098,8.587097,8.437098,7.607097,7.437097,6.037097,4.267097,3.9970973,4.587097,5.647097,6.8470974,7.767097,8.407097,8.617097,9.117097,8.827097,9.207097,9.597097,8.717097,7.8670974,6.7570972,6.4270973,7.567097,7.607097,8.077097,8.427097,8.417097,8.037097,7.1770973,6.897097,6.827097,6.937097,7.037097,6.827097,6.4070973
