static/data/gfs.t00z.pgrb2.1p00.f0.json
{"header": {"discipline":0,"disciplineName":"Meteorological products","gribEdition":2,"gribLength":80074,"center":7,"centerName":"US National Weather Service - NCEP(WMC)","subcenter":0,"refTime":"2019-06-20T00:00:00.000Z","significanceOfRT":1,"significanceOfRTName":"Start of forecast","productStatus":0,"productStatusName":"Operational products","productType":1,"productTypeName":"Forecast products","productDefinitionTemplate":0,"productDefinitionTemplateName":"Analysis/forecast at horizontal level/layer at a point in time","parameterCategory":2,"parameterCategoryName":"Momentum","parameterNumber":3,"parameterNumberName":"V-component_of_wind","parameterUnit":"m.s-1","genProcessType":2,"genProcessTypeName":"Forecast","forecastTime":0,"surface1Type":100,"surface1TypeName":"Isobaric surface","surface1Value":100000.0,"surface2Type":255,"surface2TypeName":"Missing","surface2Value":0.0,"gridDefinitionTemplate":0,"gridDefinitionTemplateName":"Latitude_Longitude","numberPoints":65160,"shape":6,"shapeName":"Earth spherical with radius of 6,371,229.0 m","gridUnits":"degrees","resolution":48,"winds":"true","scanMode":0,"nx":360,"ny":181,"basicAngle":0,"lo1":0.0,"la1":90.0,"lo2":359.0,"la2":-90.0,"dx":1.0,"dy":1.0}, "data":
[rows 52 to 77 of 181, columns 60 to 119 of 360]
-1.2224219,3.077578,2.1775782,0.14757812,-2.0824218,-5.002422,-2.5124218,-1.3124219,5.3775783,-0.062421873,0.55757815,0.007578125,2.7175782,-0.2524219,2.037578,1.9875782,1.0675781,-2.0224218,-0.38242188,-0.41242188,-0.07242188,-3.192422,-2.692422,-4.6024218,3.7475781,4.807578,3.087578,-0.18242188,-0.76242185,-1.0424218,1.1175781,-0.8424219,-4.052422,-2.222422,-3.642422,1.8375782,3.867578,5.7775784,4.497578,2.4275782,0.55757815,-0.10242187,1.8375782,-0.62242186,3.887578,0.98757815,-2.862422,0.94757813,2.9175782,1.6775781,1.8675781,-0.75242186,-0.18242188,-0.42242187,-0.9524219,-1.3024219,-1.1624218,-1.2824218,1.3975781,2.607578
-1.8324219,0.56757814,1.9075781,2.327578,3.6675782,1.2775781,1.8875781,5.5675783,-1.7924218,0.48757812,0.007578125,-0.20242187,-0.47242188,-0.6524219,0.75757813,0.9575781,0.32757813,-2.2824218,-0.44242188,0.18757813,0.80757815,5.1475782,4.387578,1.7175782,2.277578,1.3175781,-0.11242188,-0.8424219,-0.092421874,-0.07242188,-0.062421873,-1.4024218,0.61757815,-2.442422,-2.112422,-0.8924219,-0.38242188,2.1675782,0.73757815,2.9875782,1.6275781,0.8275781,-0.3124219,-0.76242185,-1.6724219,0.6475781,1.0075781,1.2575781,1.2175782,-0.41242188,2.357578,1.5275781,1.8275781,-0.8924219,0.7275781,-0.122421876,1.1375781,3.4875782,3.2475781,3.847578
-0.42242187,-1.5824219,-0.56242186,-0.23242188,0.34757814,2.557578,1.8775781,2.1875782,1.5175781,-0.7824219,1.4475781,-0.14242187,1.2375782,0.93757814,-0.33242187,0.31757814,-0.48242188,2.567578,-0.88242185,-0.38242188,-0.36242187,-0.62242186,-1.1124219,-1.7224219,0.09757812,-1.6224219,1.1475781,0.29757813,-3.0124218,-3.122422,-0.94242185,-0.51242185,-0.63242185,-1.5724219,-1.6424218,-1.9824219,-1.9324219,-1.2124219,-2.5724218,0.62757814,-0.24242188,0.7275781,0.81757814,-1.2324219,0.68757814,1.4875782,-0.7024219,-1.4324219,0.41757813,-1.6524218,-0.94242185,-0.8924219,2.307578,0.47757813,1.6875781,3.6575782,4.257578,2.867578,1.5175781,2.277578
-1.7324219,-6.402422,-0.49242187,0.99757814,-1.2024219,-0.55242187,-1.4424219,-2.382422,-2.112422,-1.8124219,-1.1924219,-3.642422,-2.472422,-0.7224219,1.2675781,1.4175781,0.8375781,-1.6924219,0.99757814,-1.6024219,-0.8524219,0.38757813,-2.712422,-0.3424219,0.29757813,1.4975781,1.3575782,-1.5424218,-1.4424219,-2.0424218,-1.8224219,-1.2124219,-2.382422,-3.162422,-2.142422,1.0275781,1.8275781,1.6275781,1.2375782,1.4575782,0.68757814,0.07757813,1.5175781,1.4275781,-0.94242185,0.9175781,0.29757813,-1.3824219,-1.5024219,-0.5324219,-4.212422,-1.1324219,0.93757814,0.8275781,-2.5824218,2.607578,5.5475783,4.977578,2.797578,1.8975781
1.2575781,-6.092422,-3.672422,-0.94242185,-1.2424219,-1.6124219,-2.0624218,-1.9624219,-0.80242187,-1.2524219,-1.7224219,0.56757814,-1.0824219,-1.1624218,-0.29242188,-0.23242188,1.5475781,1.6375781,0.28757814,-1.4724219,-2.0624218,-0.99242187,-0.9124219,-1.0224218,0.057578124,0.11757813,-1.2324219,-2.712422,0.8475781,2.127578,-0.63242185,-2.7624218,-1.5024219,-0.68242186,3.1675782,4.347578,1.6475781,1.6775781,2.057578,0.29757813,-0.23242188,1.4275781,2.377578,-0.11242188,0.5275781,0.26757812,-0.5924219,-1.7224219,-0.6624219,-1.2824218,-1.2224219,-0.88242185,-2.402422,-4.262422,-3.132422,2.6875782,6.407578,3.9275782,4.257578,2.087578
-2.0524218,-7.052422,-4.752422,-2.7324219,-2.0824218,-3.412422,-1.3924218,0.087578125,-1.8924218,0.75757813,-0.9724219,-0.42242187,1.3775781,0.07757813,-1.5624219,-1.9624219,-0.49242187,-0.75242186,-0.43242186,2.277578,0.74757814,-0.20242187,0.27757812,0.017578125,-0.75242186,-0.24242188,-0.08242188,-0.6424219,-0.6024219,1.7375782,9.857578,2.587578,2.9375782,4.0475783,2.9775782,2.2575781,2.2475781,0.12757812,-0.87242186,0.41757813,1.4375781,0.4975781,-0.8424219,-0.7724219,-0.69242185,-1.2524219,-1.8324219,-0.39242187,0.18757813,-1.4924219,-0.17242187,-1.6024219,-2.2824218,-2.0324218,2.0075781,2.1575782,0.28757814,-0.20242187,-1.1024219,0.8275781
-1.6324219,-6.9124217,-7.362422,-4.4324217,-0.5924219,0.26757812,-0.062421873,3.7175782,1.7075782,-1.1224219,-0.51242185,1.6775781,2.527578,1.7775781,-1.4724219,4.0875783,3.367578,-1.7624218,-0.11242188,-0.8924219,1.3175781,2.377578,2.0175781,1.4175781,0.4975781,1.8275781,-0.16242188,-0.3124219,3.4875782,3.537578,3.067578,5.787578,4.6275783,2.9675782,0.22757812,1.6675781,0.92757815,0.6375781,0.8375781,1.2675781,-0.5224219,1.2775781,0.9575781,-0.93242186,-0.22242187,-1.0824219,-2.2524219,-1.2124219,-1.3324219,1.5975782,0.15757813,0.23757812,0.8275781,3.347578,0.10757813,-1.0624219,1.2475781,2.1475782,1.4475781,0.5775781
-2.872422,-4.022422,-2.9824219,-2.132422,2.4275782,3.867578,2.627578,3.287578,0.73757815,3.4575782,0.4375781,3.7475781,2.4175782,1.7275782,1.1675781,0.8375781,2.4475782,-1.0324218,-2.2624218,1.4275781,1.6875781,0.98757815,1.4075781,2.9475782,2.617578,0.5875781,1.0375781,4.977578,0.5175781,-0.052421875,-0.6024219,1.2175782,2.127578,3.777578,2.2275782,2.567578,2.0075781,2.2675781,1.2775781,3.2075782,1.3875781,1.2375782,0.45757812,0.38757813,0.9775781,-0.7024219,-1.5824219,-0.57242185,-0.6724219,-0.24242188,1.2275782,1.0275781,1.8075781,4.387578,2.867578,2.577578,1.3675781,0.48757812,0.017578125,-0.3124219
0.10757813,1.5875782,0.5875781,5.3175783,3.2475781,0.69757813,1.3575782,0.7175781,-1.8024219,2.2475781,1.1275781,1.6375781,2.077578,1.7775781,1.0175781,-0.27242187,0.73757815,0.9175781,-1.1224219,-1.4524219,-1.7024219,0.39757812,-2.212422,0.7075781,-1.2324219,3.067578,2.837578,2.7475781,1.9275781,2.587578,3.2575781,1.6175781,2.2175782,1.8375782,1.0975782,0.62757814,1.6175781,2.367578,1.3875781,1.8475782,1.0075781,0.94757813,0.06757812,0.09757812,0.06757812,-1.4024218,-0.74242187,-0.08242188,0.7875781,1.5175781,2.0075781,1.8375782,4.407578,7.927578,2.297578,2.307578,-0.56242186,0.7675781,0.69757813,1.0675781
-1.8324219,-2.3524218,-6.042422,-3.5224218,-1.5724219,2.817578,1.8375782,-0.16242188,1.6975781,1.2775781,2.2675781,2.4775782,1.8975781,2.067578,2.4375782,-1.0724219,2.387578,1.8675781,1.6075782,-0.032421876,-0.7724219,-1.7624218,-1.6924219,-0.5424219,1.9775782,2.1475782,2.0175781,2.6675782,1.9275781,2.1675782,2.527578,2.597578,3.9675782,1.9675782,1.7875781,-0.80242187,-0.2824219,-1.0524219,0.81757814,0.29757813,0.50757813,0.28757814,1.7075782,0.19757813,-0.032421876,-0.7224219,0.017578125,0.55757815,1.3775781,0.68757814,1.4575782,2.9475782,2.617578,6.987578,1.3475782,1.2175782,1.2675781,0.8275781,0.7975781,-1.3524219
2.097578,-0.012421875,-2.182422,-4.1024218,-3.192422,3.4675782,2.2575781,-0.122421876,3.5175781,3.9175782,4.2975783,2.787578,3.087578,3.4475782,2.4775782,3.327578,1.9375781,2.0175781,0.29757813,0.5875781,-0.24242188,-1.1024219,-1.7124219,-1.8324219,-1.0324218,0.86757815,0.8975781,1.7275782,2.6875782,2.817578,-0.11242188,-1.1224219,0.6575781,-0.35242188,-0.81242186,-1.0524219,-1.3124219,-1.3924218,0.38757813,0.11757813,0.20757812,0.11757813,1.9175781,1.6375781,-0.18242188,-0.3124219,1.5875782,2.2575781,3.537578,1.9075781,5.497578,0.9175781,2.4075782,5.457578,0.8575781,1.9675782,1.7275782,1.3575782,2.4175782,0.6575781
3.887578,2.597578,1.7275782,0.24757813,3.037578,2.617578,3.847578,0.7075781,5.327578,7.747578,5.007578,3.7175782,1.6975781,3.9975781,3.567578,1.3675781,0.10757813,-0.012421875,-0.48242188,-0.122421876,-1.4924219,-2.952422,-2.862422,-0.9524219,-1.7324219,-0.45242187,-1.5824219,-1.5624219,-1.6824219,-3.132422,-2.152422,-1.9224219,-2.682422,-1.8724219,-3.7824218,-1.5924219,0.87757814,0.34757814,0.5875781,0.20757812,-0.9624219,0.15757813,2.1875782,2.4375782,4.327578,2.7575781,7.697578,5.3975782,5.017578,2.087578,4.677578,1.4475781,4.237578,5.0275784,1.1575781,4.117578,2.877578,1.8475782,1.2775781,0.18757813
1.9775782,1.3275781,1.3475782,2.6475782,2.2675781,2.4875782,1.4375781,1.0875782,2.037578,5.037578,3.9375782,2.597578,1.6275781,2.1875782,1.8875781,0.9775781,0.87757814,-0.80242187,-2.202422,-1.8524219,-2.882422,-2.182422,-3.2624218,-4.362422,-3.2324219,-2.6024218,-1.1324219,-2.7724218,-2.372422,-2.382422,-2.2924218,-0.22242187,0.93757814,0.10757813,0.27757812,0.38757813,1.6975781,1.6775781,1.1975781,-0.51242185,0.47757813,1.3875781,3.4975781,2.387578,6.887578,2.797578,6.457578,3.6475782,2.637578,2.7175782,3.4275782,3.587578,4.3975782,3.857578,2.8975782,4.477578,3.7175782,1.2675781,0.5875781,-0.46242186
1.2375782,4.617578,4.967578,4.3975782,3.587578,3.2375782,2.537578,1.3175781,3.7175782,2.387578,2.4775782,2.037578,1.3775781,0.48757812,0.6575781,1.9575782,-0.2824219,-0.2824219,-2.872422,-2.912422,-1.1024219,-2.0324218,-3.6024218,-1.1424218,-2.2624218,-2.212422,2.6675782,0.61757815,-1.5224218,-1.7224219,-0.24242188,-0.44242188,0.20757812,-0.69242185,-0.38242188,0.32757813,0.94757813,1.1475781,-0.6024219,1.4275781,1.2875781,2.2075782,1.9675782,2.547578,3.057578,1.8475782,1.5575781,0.98757815,2.087578,3.877578,2.637578,2.807578,2.4575782,2.867578,1.3575782,2.567578,1.6775781,0.5475781,-0.07242188,4.307578
6.667578,5.557578,7.5675783,6.937578,5.447578,4.157578,3.377578,3.587578,2.9275782,3.557578,3.387578,2.4275782,0.26757812,-0.17242187,1.7775781,1.3675781,-0.022421874,-2.0624218,-1.8924218,-1.1524218,1.7675781,1.6375781,1.6275781,-1.7424219,0.81757814,0.23757812,-0.18242188,2.2075782,1.7175782,0.5175781,1.0175781,-0.122421876,0.06757812,0.5175781,0.057578124,1.7275782,1.1375781,0.22757812,0.87757814,1.8375782,0.7675781,1.8375782,1.9575782,1.4575782,2.6975782,4.307578,0.15757813,4.247578,4.557578,6.827578,2.8975782,2.097578,1.0475781,2.627578,1.7475781,1.7375782,0.67757815,0.73757815,4.707578,5.0875783
15.797578,12.527578,8.357578,7.697578,6.907578,5.967578,4.687578,4.537578,4.137578,3.7675781,3.037578,2.6875782,1.1075782,1.8175781,5.347578,0.7975781,-0.7824219,-2.5424218,-1.8724219,-1.3524219,-0.07242188,-0.08242188,-2.212422,-0.9024219,-0.8324219,-0.62242186,0.42757812,2.537578,-0.032421876,0.7175781,-0.092421874,-0.45242187,-0.08242188,-0.46242186,-1.0024219,3.2275782,1.6175781,1.5275781,0.9175781,1.1475781,1.1175781,1.5975782,1.3575782,1.8875781,1.8275781,0.9575781,2.9575782,5.917578,3.387578,5.217578,4.987578,2.2175782,1.4875782,4.457578,3.857578,1.5575781,2.637578,3.7075782,3.5075781,2.7175782
10.437578,11.627578,9.907578,8.207578,6.887578,5.197578,4.747578,4.6075783,4.177578,3.587578,2.827578,2.067578,2.9375782,3.787578,1.9575782,0.21757813,-0.9224219,-1.5524219,-2.6024218,-2.2324219,-1.0624219,-1.8824219,-1.7224219,-0.76242185,1.6775781,0.6475781,1.2975781,2.1975782,0.007578125,0.56757814,-1.0624219,0.29757813,-0.6524219,-0.042421874,0.9675781,4.747578,4.517578,0.61757815,1.1475781,0.80757815,0.9575781,1.1475781,0.8475781,1.4875782,1.2575781,0.6075781,1.2275782,2.1975782,2.4075782,3.097578,4.477578,2.607578,3.627578,3.9975781,5.8775783,6.437578,5.727578,4.8375783,3.6575782,2.327578
9.937578,9.917578,8.577579,8.057578,6.5875783,5.3775783,3.9775782,3.9675782,2.9875782,2.587578,1.2575781,0.24757813,2.617578,1.5775781,2.357578,-2.132422,-1.4124218,-1.8924218,-0.76242185,-2.5124218,-1.2424219,0.73757815,0.8575781,1.7675781,2.9075782,-0.5824219,-1.2524219,-0.19242187,0.8375781,5.057578,2.9275782,1.0275781,4.427578,-0.062421873,0.74757814,7.2975783,7.8975782,2.307578,1.0875782,0.92757815,1.2175782,1.4075781,1.1275781,1.2075782,0.61757815,0.7775781,2.4175782,2.637578,7.717578,4.737578,5.507578,9.037579,8.257578,7.197578,5.957578,6.257578,5.667578,4.5675783,3.557578,2.4675782
10.227578,9.147578,8.927578,8.537579,6.037578,4.957578,3.587578,2.7675781,1.8475782,0.8375781,1.7675781,0.15757813,0.6075781,0.44757813,-1.5524219,-2.152422,-2.132422,-2.7824218,-1.0924219,-1.6024219,1.9275781,1.7775781,3.587578,1.6175781,1.0575781,1.6175781,2.4075782,2.4275782,2.2675781,2.9375782,1.2975781,1.2875781,-2.2624218,1.7375782,0.27757812,6.1475782,5.5875783,1.1275781,1.1975781,1.0775781,1.5075781,1.1075782,0.93757814,0.9175781,0.33757812,0.44757813,2.537578,9.447578,10.387578,2.7575781,5.8975782,8.647578,8.907578,7.727578,6.707578,5.717578,4.1275783,3.347578,2.7475781,1.7375782
9.407578,9.047578,8.797578,7.2775784,6.887578,4.557578,2.4475782,1.2975781,1.0575781,0.42757812,0.5175781,0.55757815,0.47757813,1.3075781,-0.6024219,-1.5224218,-3.8424218,-3.2524219,-0.43242186,-1.4224219,3.7175782,2.327578,5.977578,0.8575781,2.117578,1.7875781,3.797578,1.6375781,0.14757812,-5.772422,-4.082422,-0.18242188,-1.8324219,9.037579,4.5675783,3.2375782,2.6575782,0.9675781,1.5975782,0.9775781,2.107578,0.7675781,-0.17242187,0.06757812,0.48757812,-0.092421874,3.337578,7.8175783,9.1175785,3.047578,2.1675782,8.097578,7.827578,7.217578,6.757578,5.947578,5.217578,4.177578,1.9975781,-0.87242186
8.537579,8.877578,8.037579,7.727578,6.197578,5.007578,2.587578,1.3075781,0.9775781,0.31757814,0.4375781,0.4375781,-0.8924219,-1.8024219,-0.022421874,-1.1624218,-1.1224219,-0.48242188,0.33757812,-0.012421875,3.867578,2.117578,2.567578,2.117578,7.5875783,2.7075782,2.9775782,5.037578,2.087578,1.0875782,-3.112422,-5.4524217,5.517578,7.947578,8.657578,2.4475782,2.787578,1.0575781,2.067578,1.3975781,1.3375782,1.2075782,-0.26242188,-0.94242185,0.47757813,1.2575781,1.7075782,6.597578,7.987578,7.017578,7.097578,6.887578,6.5275784,7.0875783,6.597578,5.747578,4.8775783,3.637578,0.87757814,-2.5624218
8.427578,8.657578,8.3675785,7.0275784,6.137578,5.2775784,4.2975783,3.2175782,1.9675782,1.1075782,0.8475781,0.13757813,-0.15242188,-1.4324219,0.68757814,2.6475782,1.9075781,0.67757815,-0.42242187,0.81757814,1.7475781,2.4075782,4.1075783,8.8675785,9.567578,5.6475782,5.487578,3.807578,5.487578,-0.40242186,-1.7724218,-3.172422,6.8375783,7.8575783,9.037579,4.0275784,4.847578,7.0475783,1.1875781,0.8875781,1.7175782,0.27757812,-0.062421873,-0.5424219,1.4275781,1.7275782,1.5775781,2.807578,3.4475782,6.937578,7.077578,6.0275784,5.657578,6.227578,6.707578,6.3375783,4.477578,2.7575781,-0.2824219,-2.5424218
8.967578,8.287579,7.217578,6.7775784,5.6275783,4.717578,3.587578,2.327578,1.5075781,1.0675781,1.1975781,-0.33242187,0.50757813,0.34757814,0.21757813,0.8875781,2.797578,2.1775782,0.6075781,-0.092421874,0.6375781,2.277578,6.6075783,8.707578,6.217578,9.037579,7.1275783,5.637578,4.8175783,1.7575781,-1.9524219,3.787578,6.1275783,8.227578,8.837578,4.117578,7.497578,8.207578,2.1875782,0.23757812,0.44757813,-0.20242187,-0.24242188,2.827578,2.077578,1.2175782,0.67757815,0.99757814,0.36757812,5.017578,4.497578,5.017578,6.177578,6.657578,6.717578,6.097578,4.137578,2.1775782,0.027578125,-2.0424218
9.277578,8.097578,6.667578,5.697578,5.187578,4.477578,3.7075782,3.1675782,3.137578,2.2575781,1.5375781,1.3075781,0.20757812,-0.99242187,-0.87242186,1.5475781,2.5075781,2.037578,1.3675781,0.7975781,-0.9124219,9.987578,6.737578,8.217578,4.787578,8.707578,4.717578,2.4275782,1.5275781,2.8975782,1.1975781,5.507578,8.937578,8.727578,7.827578,7.057578,6.8175783,6.457578,1.3475782,-0.29242188,3.4375782,1.8675781,1.4575782,1.6075782,1.8575782,1.1975781,-0.10242187,-0.022421874,0.62757814,1.0075781,4.257578,4.577578,5.2775784,5.5675783,5.467578,4.6075783,3.8975782,2.4675782,1.3275781,-1.8424219
8.727578,8.137578,6.917578,6.2975783,5.757578,4.497578,4.167578,2.6875782,2.2575781,1.2875781,0.99757814,0.7775781,-0.3124219,-0.7024219,-1.6224219,1.7475781,1.8475782,1.1475781,1.3975781,0.6575781,0.5475781,10.307578,8.757578,5.457578,0.5975781,3.2675781,4.8375783,6.257578,5.637578,5.677578,7.077578,6.707578,7.827578,6.867578,6.5275784,7.517578,6.447578,5.807578,5.6475782,-0.20242187,1.2975781,0.4075781,0.26757812,1.8875781,0.24757813,-0.5424219,-0.20242187,-0.6524219,0.047578126,0.41757813,3.077578,2.527578,5.437578,6.157578,5.5875783,4.0875783,2.9575782,2.277578,-0.042421874,-0.9124219
9.677578,8.897578,8.3675785,7.1275783,6.137578,4.7975783,3.9875782,3.367578,3.297578,2.2075782,1.1575781,0.5375781,0.7875781,-0.76242185,-1.1224219,0.27757812,1.4475781,1.7175782,-0.16242188,1.8175781,1.3375782,8.177578,10.487578,9.647578,7.727578,8.337578,6.507578,9.687578,6.727578,6.3775783,5.807578,5.097578,7.137578,6.487578,7.177578,4.657578,5.687578,5.5275784,4.727578,0.5175781,1.4475781,2.4375782,1.1275781,0.73757815,-0.012421875,-1.2524219,-1.1224219,0.017578125,0.5375781,0.09757812,1.4075781,0.80757815,3.2075782,4.517578,4.517578,3.537578,3.037578,1.8975781,0.6475781,-1.8124219
