static/data/gfs.t00z.pgrb2.1p00.f4.json
{"header": {"discipline":0,"disciplineName":"Meteorological products","gribEdition":2,"gribLength":79897,"center":7,"centerName":"US National Weather Service - NCEP(WMC)","subcenter":0,"refTime":"2019-06-20T00:00:00.000Z","significanceOfRT":1,"significanceOfRTName":"Start of forecast","productStatus":0,"productStatusName":"Operational products","productType":1,"productTypeName":"Forecast products","productDefinitionTemplate":0,"productDefinitionTemplateName":"Analysis/forecast at horizontal level/layer at a point in time","parameterCategory":2,"parameterCategoryName":"Momentum","parameterNumber":2,"parameterNumberName":"U-component_of_wind","parameterUnit":"m.s-1","genProcessType":2,"genProcessTypeName":"Forecast","forecastTime":6,"surface1Type":100,"surface1TypeName":"Isobaric surface","surface1Value":100000.0,"surface2Type":255,"surface2TypeName":"Missing","surface2Value":0.0,"gridDefinitionTemplate":0,"gridDefinitionTemplateName":"Latitude_Longitude","numberPoints":65160,"shape":6,"shapeName":"Earth spherical with radius of 6,371,229.0 m","gridUnits":"degrees","resolution":48,"winds":"true","scanMode":0,"nx":360,"ny":181,"basicAngle":0,"lo1":0.0,"la1":90.0,"lo2":359.0,"la2":-90.0,"dx":1.0,"dy":1.0}, "data":
[rows 150 to 174 of 181, columns 114 to 170 of 360]
1.6525855,2.2925854,2.5025854,3.6025856,4.9825854,6.1825852,7.3225856,8.342586,7.6325855,3.7325854,0.17258544,-0.33741456,3.4625854,5.2725854,6.9425855,8.362585,9.182586,9.612585,10.102586,11.182586,12.132586,12.892586,13.352586,13.582585,13.582585,12.562586,12.882586,13.612585,14.102586,14.052586,13.842586,13.282585,13.322585,13.192585,13.612585,13.322585,15.032585,13.832585,13.772586,13.142586,11.232586,10.992585,11.032585,11.002585,11.102586,11.9225855,11.892586,12.332585,13.382586,13.992585,13.932586,13.932586,14.132586,14.062586,14.482586,13.992585,14.042585
1.7325854,0.03258545,1.4025855,3.1425855,2.8325853,1.7125854,0.13258545,-0.92741454,-1.3174145,-0.65741456,0.38258544,2.6125855,4.5825853,6.2425857,8.272586,8.722586,9.312586,10.362585,11.642586,12.382586,12.772586,13.082585,13.102586,13.042585,12.312586,12.992585,13.912585,14.1725855,13.462585,14.552586,14.192585,13.782585,13.242585,14.022586,14.412585,14.312586,14.292585,13.612585,13.572585,12.182586,12.182586,12.232586,12.322585,11.732586,10.932586,11.522586,11.802586,12.782585,13.152585,13.642586,14.332585,14.852586,14.742585,14.692585,14.482586,14.292585,13.552586
3.8025854,3.2425854,3.4825854,3.5625854,3.2825854,3.6325855,2.9325855,2.0225854,2.2625854,3.4025855,4.3925853,5.6025853,6.5725856,7.2225857,8.302586,9.302586,10.142586,11.302586,11.892586,12.322585,12.122585,11.992585,11.972586,12.042585,12.812586,14.782585,15.392586,13.882586,13.182586,12.902585,14.052586,15.292585,15.212585,15.872585,17.032585,16.972586,15.912585,13.952585,13.552586,12.092586,12.212585,12.252585,12.772586,13.652585,13.312586,12.062586,12.322585,12.952585,12.622585,11.632586,13.4225855,14.122585,14.522586,14.822585,14.722586,14.472586,14.462585
3.0025854,2.9625854,3.0125854,3.3325853,3.2425854,4.6325855,5.3725853,5.4725857,5.8825855,6.4125853,6.7925854,7.1825852,7.7525854,8.252585,8.692585,9.342586,10.292585,11.042585,10.162585,12.312586,13.082585,13.572585,13.512586,13.602586,14.132586,13.852586,13.502585,13.952585,14.022586,12.982586,14.6725855,15.622585,16.302586,16.582586,17.092585,16.112585,13.642586,12.192585,10.412585,10.192585,10.702585,10.742585,10.762586,11.332585,11.322585,10.152585,11.152585,12.262586,11.862585,12.9225855,12.612585,12.4225855,12.812586,12.192585,13.602586,13.192585,14.162585
4.7125854,4.4725857,4.2325854,3.9825854,3.7825854,3.3025854,4.6825852,5.4225855,5.9225855,4.5325856,5.4625854,5.6825852,6.4125853,6.5925856,7.1525855,7.8825855,7.3725853,8.512586,2.0025854,-2.4974146,-3.3074145,-3.0274146,-2.9574146,-2.5974145,-1.3474145,-0.24741454,0.7425854,2.0525854,4.4825854,7.2325854,9.622585,12.842586,15.222586,14.622585,12.622585,9.382586,7.9125853,8.122585,7.8425856,7.0625854,7.0425854,7.1225853,7.3625855,8.1725855,8.572585,8.612585,9.182586,9.552586,9.882586,10.392586,11.322585,12.292585,13.122585,13.232586,12.782585,12.382586,11.4225855
1.1825855,3.3425856,3.5725853,3.3225853,2.8525856,2.8125854,2.9825854,2.8625855,3.1625855,3.5125854,4.4025855,2.9325855,-1.9774146,-7.047415,-7.4374146,-7.6674147,-7.6674147,-7.7574143,-7.297415,-6.9374146,-6.6574144,-5.9974146,-5.1874146,-4.2874146,-3.7374146,-3.0674145,-2.5574145,-2.0574145,-3.0974145,-3.7874146,-4.4974146,-4.6974144,-5.1774144,-6.0974145,-6.2874146,-6.2674146,-5.5774145,-3.8074145,-1.8474145,-0.07741455,0.35258543,0.8025854,2.5525854,2.8425856,4.1025853,4.8225856,4.6725855,4.7225857,4.5025854,2.5125854,2.7225854,0.6725854,-0.20741455,1.9325855,5.5525856,8.652585,10.942585
-3.6074145,-2.7574146,-2.8574145,-3.0674145,-4.2174144,-7.3274145,-9.237414,-9.637415,-10.207415,-10.707415,-11.447414,-11.897414,-10.547415,-9.467415,-9.407414,-9.887415,-8.367414,-7.4074144,-7.0674148,-7.3474145,-3.9874146,-3.7974145,-2.4074144,-2.0374146,-1.4774146,-3.4174147,-5.297415,-6.8874145,-7.8374147,-7.2774143,-7.047415,-7.0674148,-7.1174145,-7.7174144,-7.6274147,-7.2874146,-6.7174144,-6.3274145,-5.8674145,-5.7174144,-5.797415,-5.4974146,-5.2874146,-4.9074144,-4.7374144,-4.4474144,-4.0674148,-3.4274147,-2.4074144,-1.1274146,0.35258543,1.4225855,2.9425855,3.6725855,4.7925854,6.4325852,8.242585
-2.1674147,-2.8674145,-10.277414,-12.857414,-10.417415,-11.647414,-12.767414,-11.407414,-12.357414,-9.447414,-7.1574144,-9.597415,-5.8874145,1.1325854,2.4325855,2.1225855,-1.2974145,-4.9374146,-5.1974144,-2.6774147,-2.6174145,-3.3474145,-2.6674147,-2.5474145,-3.0274146,-3.7474146,-4.2674146,-3.9974146,-2.5274146,-0.48741454,0.15258545,-0.51741457,-3.4074144,-3.6874146,-3.6874146,-4.5874147,-4.8774147,-3.6774147,-2.7874146,-2.1274145,-1.9874146,-1.8674146,-1.7174145,-1.5474145,-1.2174145,-1.1974145,-1.2474146,-1.2374146,-0.96741456,-0.22741455,0.7425854,2.0225854,3.0525854,3.1625855,1.7925855,2.9025855,3.2125854
-5.3174148,-5.6074147,-7.1274147,-7.4274144,-7.2474146,-6.2574143,-6.8774147,-8.007415,-7.8274145,-7.9974146,-7.3574147,-5.8474145,-4.7374144,-3.9874146,-4.3574147,-4.547415,-4.6874146,-4.3274145,-5.5574145,-5.1374145,-3.7574146,-2.4874146,-2.2274146,-2.3474145,-1.9774146,-1.9274145,-1.0674145,-0.10741455,-1.3874146,0.13258545,-2.2074146,-7.4574146,2.3725855,5.6225853,0.88258547,-0.7574146,-1.9474145,-4.8674145,-1.3074145,-2.1674147,-2.9274147,-3.3374145,-3.7074146,-3.0374146,-1.9774146,0.84258544,-2.4474146,-2.7274146,-2.1974146,-0.45741454,1.2625854,2.5225854,2.4825854,1.0725855,0.43258545,0.8725855,1.3325855
-4.9974146,-5.4474144,-5.0774145,-5.2374144,-5.5374146,-5.5074143,-5.4174147,-5.7374144,-5.6074147,-5.6974144,-5.4574146,-5.047415,-4.6374145,-4.1574144,-3.8874145,-4.2874146,-5.0174146,-5.2674146,-6.1674147,-4.3374147,-4.5374146,-1.2474146,-0.83741456,-1.3374145,-1.5274146,-0.7474145,-0.35741454,-0.07741455,0.07258545,0.33258545,-0.9974145,-0.59741455,-0.90741456,-3.4574146,-5.3274145,-5.1774144,-1.0974145,-2.1474144,-5.0774145,-3.5874145,-3.7974145,0.44258544,-0.78741455,-4.6374145,-4.797415,-4.3474145,-2.6474144,-0.03741455,2.3925855,3.8125854,-0.7474145,-1.6274146,-1.5674145,-1.1674145,-1.0274146,-0.5674145,0.21258545
-4.6074147,-4.8474145,-5.1174145,-5.0674148,-4.9774146,-4.7374144,-4.7674146,-4.7574143,-4.6274147,-4.4274144,-4.3774147,-4.2474146,-3.9674146,-3.5474145,-3.3074145,-3.4474146,-4.2774143,-3.9774146,-3.6874146,-3.9074144,-2.4574146,-0.7574146,-0.67741454,-0.83741456,-0.85741454,-0.19741455,1.0625855,2.1825855,3.3725855,2.7625854,2.1625855,0.9225854,-0.67741454,-1.5674145,-1.2574146,-1.0674145,-1.8374145,-2.0774145,-2.6674147,-5.2474146,-6.4374146,-3.7074146,-0.77741456,0.53258544,-2.4474146,8.062586,0.9925854,1.8825854,-3.7974145,-3.0474145,-2.1474144,-1.3574146,-0.71741456,-0.33741456,-0.12741455,-0.52741456,-1.6074146
-4.7074146,-4.6974144,-4.7474146,-4.7374144,-4.3974147,-4.047415,-3.9874146,-3.7974145,-3.6674147,-3.2474146,-2.9274147,-2.6974146,-2.4974146,-2.2574146,-2.3174145,-2.3574145,-2.1974146,-1.4974146,-0.41741455,0.42258546,1.2625854,1.1125854,1.2725854,1.6325854,2.4025855,3.3525856,4.3225856,4.3125854,4.8325853,4.0425854,4.0025854,2.4825854,1.5525855,1.0625855,0.66258544,-0.027414551,-0.16741455,0.13258545,-0.17741455,-0.26741454,-0.017414551,-0.41741455,0.30258545,1.4225855,2.8825855,8.312586,5.1625853,2.5425854,-0.58741456,4.4625854,-2.5674145,-3.8374145,1.0525855,2.6625855,1.2825855,2.0225854,1.9025855
-3.5374146,-3.4374146,-3.4574146,-3.5574145,-3.7274146,-3.6374145,-3.4374146,-3.2474146,-2.4974146,-1.8374145,-1.3574146,-0.70741457,-0.33741456,0.03258545,0.72258544,1.5125854,2.4425855,2.8625855,3.5325854,4.2425857,4.1125855,4.8725853,5.7325854,4.702585,5.1725855,5.1225853,5.3525853,5.7125854,5.1925855,4.5825853,4.1025853,4.4125853,4.2325854,3.5725853,3.1925855,2.5525854,2.9325855,3.1725855,3.1825855,3.3825855,3.6525855,3.8025854,4.1725855,5.1625853,7.4325852,10.162585,12.072585,5.1525855,-0.10741455,-2.1574144,1.9525855,2.9625854,2.5725853,3.5625854,1.9925854,1.3625854,0.72258544
-2.6674147,-2.4474146,-2.2374146,-1.7674146,-1.7274146,-1.7374146,-1.4474145,-1.0774145,-0.40741456,0.35258543,1.2125854,1.8725854,2.4925854,3.0925856,3.5525854,4.8425856,5.5925856,5.7125854,5.7725854,5.5725856,7.3625855,7.0125856,6.6925855,6.8125854,5.6425853,5.5525856,6.5425854,6.0925856,5.6825852,5.3725853,5.3025856,5.4025855,5.7625856,5.6925855,5.6025853,5.6325855,5.3925853,4.8625855,5.1125855,5.4625854,5.8125854,6.3025856,6.8425856,7.1525855,7.3225856,8.772586,10.282585,13.142586,2.2325854,2.9925854,1.1725855,0.71258545,0.33258545,-0.45741454,1.1925855,-1.0274146,4.4125853
-1.9074146,-1.4274145,-0.9374145,-0.42741454,0.13258545,0.41258544,0.88258547,1.4125855,2.1025856,3.0325854,3.9925854,4.6825852,5.5425854,5.8525853,6.2725854,6.952585,6.7725854,7.1225853,7.5825853,6.9225855,8.012586,8.702585,8.112585,7.5925856,6.5125856,7.1925855,8.342586,7.7125854,6.7325854,6.5425854,6.452585,6.4825854,6.5725856,7.0625854,7.1225853,7.1425853,7.2625856,7.8025856,7.9925857,8.492585,9.282585,10.462585,10.592586,9.832585,11.792585,11.442585,5.9425855,-1.1374146,4.4425855,8.912585,2.6325855,3.2925854,2.8125854,2.3625855,3.5625854,5.7525854,7.7825856
1.0625855,1.4425855,1.8725854,2.1025856,2.4925854,2.8725855,3.4025855,4.0525856,4.8525853,5.7825856,6.5525856,6.9425855,7.1825852,7.4825854,7.9225855,8.592586,8.592586,8.682586,8.722586,8.302586,7.8225856,8.132586,9.772586,9.352586,7.5825853,8.062586,8.412585,7.9925857,7.9425855,7.8725853,7.7325854,7.7425857,7.7525854,7.8025856,8.392586,8.602586,9.152585,9.642586,10.222586,11.062586,11.832585,13.152585,12.032585,12.302586,13.612585,15.192585,14.972586,13.652585,10.202585,5.6625853,8.312586,8.932586,5.7125854,4.2625856,4.2925854,5.2925854,4.9225855
4.952585,5.0625854,5.3825855,5.5625854,5.702585,6.0925856,6.5125856,6.8025856,7.1225853,7.5125856,7.7125854,7.6525855,8.452585,9.202585,10.162585,10.932586,10.562586,9.772586,9.4225855,8.522586,8.512586,7.9625854,8.542585,8.652585,8.832585,8.852586,8.4225855,8.362585,8.542585,8.472586,8.082585,8.002585,8.212585,8.4225855,8.642586,9.002585,9.592586,9.782585,10.012586,9.892586,10.072585,11.412585,8.062586,5.4225855,8.062586,9.852586,6.7325854,6.5325856,4.452585,1.6025854,2.1525855,2.1825855,2.8725855,2.6325855,2.0125854,2.0525854,2.1425855
6.3525853,6.6025853,6.8125854,6.9725857,7.0125856,7.1425853,7.5825853,7.5525856,7.4625854,7.5425854,7.7225857,8.132586,8.542585,9.902585,10.732586,10.132586,10.032585,9.472586,9.662585,9.192585,8.862585,8.702585,8.772586,8.412585,8.322585,8.442585,8.752585,8.832585,8.802586,8.462585,8.302586,8.392586,8.722586,8.952585,9.1725855,9.312586,9.472586,9.712585,9.652585,9.412585,9.522586,9.522586,9.4225855,8.392586,7.8825855,6.8125854,6.5425854,6.6925855,6.3925853,5.1325855,3.9125855,3.3325853,3.5325854,5.5225854,5.4725857,4.5625854,2.2425854
6.4025855,6.3825855,6.4625854,6.7325854,6.702585,6.7825856,6.7625856,6.7125854,6.7725854,6.952585,6.7925854,7.0625854,7.5525856,8.352586,8.562586,9.022586,9.102586,9.272586,9.522586,9.712585,9.322585,8.962585,8.842586,8.962585,8.9225855,9.132586,9.222586,8.812586,8.772586,9.142586,9.222586,9.452585,9.712585,9.842586,9.792585,10.132586,10.392586,10.602586,10.602586,10.832585,10.542585,10.452585,8.862585,7.3125854,11.002585,9.932586,4.7825856,3.9125855,-0.65741456,1.6125854,1.9225855,0.5025855,0.98258543,1.8925854,1.3925854,2.0425854,3.0725853
5.0025854,5.0925856,5.2425857,5.4625854,5.7625856,6.0825853,6.3125854,6.6125855,6.7525854,6.8725853,7.1025853,7.3525853,7.8125854,8.342586,8.962585,9.482586,9.732586,10.362585,10.472586,10.302586,10.212585,9.952585,9.752585,9.542585,9.562586,9.572585,9.572585,9.572585,9.602586,10.052586,10.472586,10.762586,11.022586,11.032585,11.012586,11.162585,11.522586,11.912585,11.722586,11.332585,11.592586,13.012586,10.272586,7.4825854,6.6425853,3.3325853,8.1725855,5.8625855,2.6825855,4.2825856,6.6425853,8.492585,9.512586,9.382586,8.732586,8.012586,6.9725857
5.8125854,6.0025854,6.1625853,6.4025855,6.5525856,6.7225857,6.9825854,7.1025853,7.1125855,7.1225853,7.1325855,7.1425853,7.3125854,7.7325854,8.842586,10.032585,9.982586,10.1725855,10.512586,11.102586,10.652585,10.252585,10.082585,10.182586,10.312586,10.022586,10.122585,9.992585,10.122585,10.882586,11.022586,11.202585,11.932586,12.682586,13.452585,13.152585,11.932586,11.9225855,13.162585,10.562586,5.4425855,3.8625855,5.3925853,5.4825854,5.4025855,6.3825855,7.4625854,5.9225855,7.3125854,7.1725855,5.4625854,3.6425855,1.3925854,0.38258544,0.38258544,0.66258544,1.0625855
6.202585,6.5225854,6.8525853,7.202585,7.5525856,7.7225857,7.702585,7.8125854,8.142586,8.542585,8.562586,8.352586,8.512586,9.072585,9.612585,9.982586,10.1725855,10.522586,10.972586,11.282585,11.292585,11.242585,11.162585,10.902585,10.552586,10.232586,9.942585,9.842586,9.852586,10.012586,10.122585,9.942585,9.862585,10.232586,10.542585,10.612585,9.812586,9.062586,8.442585,1.2225854,-1.5874145,-2.8574145,-1.7774146,0.94258547,1.4425855,0.45258546,-0.017414551,-0.027414551,0.30258545,-0.77741456,-0.6874145,-0.49741456,-0.23741455,-0.16741455,0.18258545,0.38258544,0.08258545
6.7125854,6.8925853,7.0525856,7.3025856,7.702585,8.112585,8.432586,8.592586,8.822585,9.212585,9.482586,9.372585,9.102586,8.802586,8.502585,8.402585,8.562586,8.882586,9.112585,9.132586,9.162585,9.242585,9.242585,9.152585,8.892586,8.342586,7.7725854,7.4425855,7.3325853,7.1325855,6.8025856,6.4325852,5.9825854,5.4325852,4.8225856,4.0425854,3.1725855,1.7325854,-0.05741455,-0.08741455,0.7425854,1.7425854,2.2225854,2.1525855,1.9425855,1.0625855,0.98258543,0.7525855,0.37258545,0.37258545,-1.2774146,-2.4574146,-2.1974146,-1.6974145,-1.8174145,-1.4174145,-0.64741457
7.1425853,6.7325854,6.4825854,6.452585,6.5925856,6.7725854,6.8425856,6.6925855,6.6925855,6.6825852,6.8125854,6.9425855,7.0925856,7.3125854,7.5425854,7.702585,7.7625856,7.5925856,7.3125854,6.9825854,6.7325854,6.5325856,6.3825855,6.202585,6.0025854,5.7825856,5.5525856,5.3325853,5.1425853,4.9025855,4.5725856,4.2125854,3.8125854,3.3425856,2.9025855,2.4825854,2.3525856,2.4025855,3.0225854,3.0825853,3.3325853,3.3025854,3.0325854,2.5925856,1.2825855,-0.21741456,0.38258544,1.5025854,-0.90741456,0.042585447,-0.83741456,-0.6974146,1.1825855,1.3825854,0.02258545,-0.25741455,-0.86741453
6.6325855,6.7225857,6.7925854,6.8425856,6.9225855,7.0025854,7.0325856,6.952585,6.7825856,6.6025853,6.4225855,6.2525854,6.0925856,5.9825854,5.9125853,5.8825855,5.8425856,5.7925854,5.7125854,5.6025853,5.4625854,5.3025856,5.1125855,4.8625855,4.5625854,4.2825856,4.0325856,3.7625854,3.4625854,3.1825855,2.8725855,2.5125854,2.2025855,2.0025854,1.9425855,2.0525854,2.1225855,2.1625855,2.1425855,2.0625854,1.9725854,1.8525854,1.7125854,1.2725854,0.91258544,1.4825854,2.4825854,3.2525854,3.5125854,2.7525854,1.0925854,-0.61741453,-0.8174145,1.7025855,2.3425856,0.46258545,0.0025854493
