static/data/gfs.t00z.pgrb2.1p00.f0.json
{"header": {"discipline":0,"disciplineName":"Meteorological products","gribEdition":2,"gribLength":79762,"center":7,"centerName":"US National Weather Service - NCEP(WMC)","subcenter":0,"refTime":"2019-06-20T00:00:00.000Z","significanceOfRT":1,"significanceOfRTName":"Start of forecast","productStatus":0,"productStatusName":"Operational products","productType":1,"productTypeName":"Forecast products","productDefinitionTemplate":0,"productDefinitionTemplateName":"Analysis/forecast at horizontal level/layer at a point in time","parameterCategory":2,"parameterCategoryName":"Momentum","parameterNumber":2,"parameterNumberName":"U-component_of_wind","parameterUnit":"m.s-1","genProcessType":2,"genProcessTypeName":"Forecast","forecastTime":0,"surface1Type":100,"surface1TypeName":"Isobaric surface","surface1Value":100000.0,"surface2Type":255,"surface2TypeName":"Missing","surface2Value":0.0,"gridDefinitionTemplate":0,"gridDefinitionTemplateName":"Latitude_Longitude","numberPoints":65160,"shape":6,"shapeName":"Earth spherical with radius of 6,371,229.0 m","gridUnits":"degrees","resolution":48,"winds":"true","scanMode":0,"nx":360,"ny":181,"basicAngle":0,"lo1":0.0,"la1":90.0,"lo2":359.0,"la2":-90.0,"dx":1.0,"dy":1.0}, "data":
[rows 50 to 74 of 181, columns 58 to 115 of 360]
-4.3507175,-2.7007177,-3.2207177,-3.1907177,-2.9307177,-4.300718,-3.5107179,-4.2307177,-3.2107177,-3.9107177,0.34928223,-0.46071777,-3.2807178,-0.27071777,0.16928223,-0.17071778,-0.26071778,0.79928225,1.1292822,0.50928223,1.4392822,1.4592823,3.0392823,1.8692822,3.7792823,-0.14071777,1.3592823,3.3992822,1.8392823,-1.8307178,-4.610718,-0.8507178,-0.4407178,0.25928223,-2.0307178,2.9392822,4.9392824,-1.5707178,-2.8707178,-7.5407176,-1.4707178,-5.530718,-6.860718,-6.4007177,-5.6007175,-5.5007176,-2.490718,-3.2007177,-2.6807177,-3.7607179,-3.1407177,-0.020717774,-0.27071777,0.19928223,-0.36071777,0.61928225,2.0892823,2.5292823
-2.0807178,-3.7507179,-5.8807178,-4.700718,-3.2007177,-2.7707179,-3.3407178,-2.3807178,-2.6607177,-1.0307177,-1.8607178,-0.95071775,0.13928223,-1.7507178,0.45928222,1.3992822,1.9892823,1.2092823,1.2492822,0.8392822,1.0292822,0.45928222,-0.31071776,0.7692822,-1.3307178,-4.6707177,-1.3007178,0.029282227,6.299282,5.909282,2.009282,0.47928223,0.37928224,2.6392822,1.4692823,2.8992822,3.259282,1.0792823,5.639282,-0.63071775,-0.82071775,-1.7207178,1.6892822,-0.9607178,-6.300718,-5.8507175,-7.6707177,-3.8207178,-1.3707178,-5.740718,-6.780718,-2.2907178,-5.950718,-4.8507175,-4.1307178,-1.8807178,0.19928223,-0.36071777
1.1492822,4.379282,1.7692822,-3.8307178,-2.1607177,-0.9707178,-1.4307178,-0.060717773,-0.7907178,-0.70071775,-1.0707178,-1.7307178,-3.3907177,1.7892822,-1.2107178,0.6592822,1.5192822,-0.010717774,-1.9207177,0.8892822,-1.7507178,-2.6307178,1.8892822,0.9092822,4.609282,-0.7207178,7.2492824,7.989282,4.129282,-1.6007178,0.3092822,2.1392822,0.67928225,0.85928226,6.7292824,7.3992825,5.529282,1.9692823,0.50928223,6.0392823,3.1392822,0.8992822,-1.1407177,-0.88071775,0.37928224,-0.8307178,-7.320718,-5.910718,-3.7907178,-5.0007176,-3.9307177,-2.9107177,-1.6107178,-1.9507178,-2.6107178,-1.5407177,-0.7207178,-2.5707178
-2.8907177,-0.42071778,2.3992822,-3.9307177,-2.2707179,-4.4007177,-1.1907178,2.6592822,5.719282,5.6192822,4.319282,1.2492822,-1.7907177,-3.3407178,2.0892823,1.1592822,-0.8607178,0.029282227,-1.9807178,-0.070717774,-0.43071777,-0.24071777,-1.4507178,-1.1707177,0.9792822,6.5392823,3.7292821,-0.17071778,-1.1307178,1.3792822,-7.1777345E-4,-1.2907177,3.3692822,2.7492821,-0.7207178,1.7692822,4.7892823,6.3992825,7.4992824,8.009282,3.5492823,2.259282,-0.6107178,-0.4407178,-1.5207177,1.4692823,-0.51071775,-3.3007178,-5.1707177,-4.1507177,-6.110718,-3.3007178,-3.6707177,-7.890718,-2.9107177,0.75928223,0.109282225,0.7192822
-0.24071777,-4.9607177,-4.3107176,0.109282225,-0.51071775,-7.340718,-5.030718,-1.8207178,1.4392822,0.079282224,2.0192823,0.16928223,-1.4307178,-1.0007178,-1.2007178,0.9592822,0.6592822,-0.9007178,-0.9707178,-1.5307177,-0.5207178,0.5292822,-0.13071777,-0.7807178,1.0492822,1.4392822,-2.2007177,-2.3007178,-0.17071778,-1.9507178,-2.6407177,-1.4607178,-1.0007178,-0.070717774,-0.7207178,1.4092822,0.62928224,1.3092822,0.25928223,-1.3507178,3.4792821,2.3492823,-1.4907178,-0.29071778,-0.7207178,0.61928225,-0.6107178,-1.0307177,-2.1407177,-1.9507178,-1.9007177,-3.4707177,-1.9307178,-4.720718,-7.0807176,-0.6707178,0.5892822,1.5592822
-6.0807176,-3.4707177,-3.990718,-1.6607177,-1.3407178,-1.3407178,-2.6507177,-0.68071777,-1.4407178,-0.28071776,-0.19071777,2.1592822,0.41928223,0.31928223,-2.2207177,-2.4307177,-0.6107178,-2.0407178,-0.16071777,-1.6807178,0.22928223,1.1792822,1.8992822,2.4292822,0.22928223,0.73928225,-1.2607177,-2.490718,-1.7807177,-0.70071775,0.39928222,-0.48071778,-1.6707177,-0.5907178,0.7792822,-1.2407178,0.8892822,1.4092822,0.05928223,0.9692822,-0.36071777,0.79928225,1.3892822,1.1492822,-0.81071776,-1.8507178,0.039282225,-1.1307178,-1.0607178,-1.4607178,-0.17071778,-2.2707179,-8.270718,-1.8907177,-0.82071775,-1.0607178,-2.0707178,-1.2307178
-6.360718,-3.2807178,-1.6707177,-1.1607177,-2.3707178,-2.1907177,-0.7107178,0.13928223,0.5792822,-0.11071777,0.49928224,0.039282225,0.16928223,-1.2007178,-1.1207178,-3.8507178,-1.5807178,-0.7907178,-1.9207177,1.1292822,-0.23071778,0.5892822,1.3592823,1.5692822,0.23928222,0.32928222,0.35928223,0.17928223,-1.7307178,-0.050717775,3.2892823,1.8392823,-0.010717774,-0.20071778,0.5892822,-1.9907178,-2.1007178,-1.1907178,-0.50071776,0.31928223,2.3292823,2.1592822,0.7792822,0.80928224,-1.4707178,1.3092822,0.5192822,-0.060717773,-0.45071778,-0.9207178,-1.2807177,-0.7907178,-1.1707177,-1.1807178,-1.0207177,-9.020718,-7.970718,-11.020718
-3.6507177,-3.6007178,1.4592823,3.2392821,-0.70071775,-1.9307178,-1.4007177,-2.4107177,-0.20071778,2.3792822,-1.5807178,-0.9607178,0.47928223,-0.99071777,-0.12071777,-3.490718,-1.2807177,-2.9207177,-1.2407178,-0.88071775,-0.020717774,0.81928223,1.2192823,1.4892823,-0.4407178,0.5792822,-0.8407178,-0.010717774,-1.3507178,0.9092822,1.0792823,-1.2507178,3.3292823,0.36928222,2.0492823,1.9292822,-1.3907177,-0.62071776,-1.2907177,0.81928223,0.28928223,1.3192822,0.48928222,-0.34071776,-0.21071777,-7.1777345E-4,-0.69071776,0.55928224,-0.6107178,-0.5807178,-1.6207178,-0.7707178,-1.6607177,-0.7207178,-6.220718,-3.0707178,-5.4007177,-6.410718
0.38928223,-8.930717,0.049282227,4.7092824,2.509282,-7.1777345E-4,-4.3107176,0.17928223,-0.69071776,0.20928222,-0.19071777,0.37928224,-0.030717773,-0.7707178,-0.57071775,0.5192822,1.2092823,-2.5007179,-3.7307177,-0.22071777,1.3492823,1.4292822,1.8292823,0.7692822,0.28928223,0.7692822,1.6792822,0.16928223,2.8292823,0.75928223,4.3992825,5.6692824,6.029282,2.0892823,4.1892824,-0.7807178,-0.32071778,0.49928224,0.5392822,0.6692822,0.56928223,1.5392822,0.5892822,0.79928225,-0.28071776,0.5192822,-0.6507178,0.48928222,0.039282225,-0.95071775,-0.49071777,-0.8607178,-0.70071775,-0.70071775,-0.26071778,-4.260718,-1.1007178,-3.9607177
1.1792822,-9.700718,-7.590718,4.509282,3.5892823,5.179282,1.4392822,-1.0507178,-1.0307177,-0.49071777,-0.24071777,4.3292823,1.4092822,-2.2107177,-1.2107178,0.7192822,2.509282,-3.490718,-2.6007178,-0.88071775,-0.4107178,-1.2207178,1.2292823,0.09928223,0.7892822,0.44928223,2.7092822,1.7492822,-0.62071776,1.0992823,2.0192823,1.7892822,3.7092822,-0.25071776,-0.4707178,-0.16071777,-0.20071778,0.99928224,1.5592822,1.3192822,0.79928225,0.19928223,1.4592823,-0.7807178,0.74928224,-0.31071776,0.31928223,1.1492822,0.39928222,0.069282226,-2.0807178,-3.1007178,-0.9707178,0.9092822,-0.35071778,-2.5007179,-3.8707178,-2.0007179
2.0592823,-5.5007176,-6.640718,3.9292822,6.3692822,5.049282,5.319282,3.9992821,-1.7607177,-2.0007179,-0.35071778,1.7892822,2.5392823,-1.2507178,-1.4507178,-0.46071777,-0.23071778,-3.1207178,-3.5407178,-3.1707177,0.8892822,0.09928223,-0.040717773,-1.1007178,-1.8907177,1.8192822,1.1592822,0.55928224,0.28928223,-0.20071778,0.21928222,-0.74071777,0.09928223,-0.82071775,-1.4007177,-1.8907177,-0.5407178,0.079282224,-0.6507178,2.3992822,0.8392822,1.2192823,1.7992822,0.029282227,1.6892822,-0.49071777,0.55928224,0.6392822,1.7492822,0.8892822,-1.3107178,-0.7807178,-0.24071777,1.5192822,1.0492822,2.0492823,-1.1807178,-1.4407178
-0.76071775,-3.5907178,-7.260718,-0.45071778,2.8192823,0.9792822,3.9692822,3.2092822,-2.4007177,-0.43071777,-4.120718,-1.9907178,0.29928222,-1.4407178,-3.2907178,-3.7207177,-1.8807178,-2.3507178,-1.3607178,-0.93071777,-0.30071777,0.62928224,-0.6707178,0.43928224,-1.6107178,0.11928222,1.8592823,0.55928224,0.109282225,0.08928223,0.36928222,-0.95071775,0.5192822,0.19928223,-0.12071777,-0.94071776,-0.040717773,-1.2207178,-1.4207177,-0.87071776,1.1792822,0.29928222,1.9892823,1.6992822,2.1692822,0.18928222,0.7292822,0.47928223,1.0992823,-0.5307178,-0.5907178,-0.63071775,-0.12071777,3.4892821,1.1292822,-0.20071778,-0.37071776,-0.100717776
2.759282,-1.2307178,-1.4207177,-3.490718,-0.37071776,4.069282,3.6992822,2.9192822,-1.1007178,1.3692822,-1.9107177,0.25928223,2.1992822,4.0592823,3.9792821,2.0492823,1.4792823,2.7992823,-0.63071775,-1.7807177,1.4692823,0.61928225,-1.7407178,-0.89071774,-1.8507178,-0.7207178,0.7792822,-0.68071777,-0.030717773,3.1892822,0.45928222,-0.62071776,-0.7807178,1.4792823,-0.35071778,-0.23071778,1.1492822,-0.27071777,-1.0407177,-0.70071775,0.79928225,1.4692823,1.8092822,1.6192822,0.73928225,1.8592823,-0.56071776,1.0292822,-1.7007178,-1.3507178,-0.32071778,-0.29071778,1.4292822,-0.5907178,0.67928225,0.41928223,-0.75071776,0.81928223
-1.3207178,-1.3907177,-1.3507178,-2.740718,0.31928223,3.259282,0.8992822,-0.43071777,0.37928224,2.0892823,0.47928223,2.3892822,0.8392822,4.509282,3.8892822,5.549282,3.2892823,4.239282,0.5992822,-1.9307178,1.5192822,0.16928223,-2.2507179,-0.95071775,-1.7607177,-0.070717774,0.54928225,-3.1307178,-1.3507178,-0.6507178,-0.5907178,-1.1007178,0.7792822,-0.020717774,0.39928222,-0.6107178,-1.8107178,-1.0607178,-0.30071777,-0.7707178,-1.2807177,2.0692823,1.4592823,1.9992822,1.0592822,0.85928226,1.2292823,1.2592822,0.8492822,1.0592822,0.16928223,-0.5807178,0.28928223,0.42928222,1.5892823,0.54928225,0.7192822,0.9492822
-2.5507178,-2.8007178,-5.2107177,-4.340718,-3.9507177,-2.0807178,0.049282227,0.19928223,0.35928223,2.1992822,2.3992822,4.409282,3.0892823,4.2292824,3.2092822,3.9392822,4.5192823,3.2992823,2.5292823,-0.09071777,1.5592822,-1.5907178,-2.7007177,-2.7007177,-2.4307177,-1.6307178,0.21928222,1.4892823,-6.0607176,-3.7207177,-3.3107178,-2.5007179,-1.4307178,0.22928223,-0.33071777,-0.9607178,-1.8307178,-0.9107178,0.019282227,-0.36071777,-1.1507177,0.80928224,2.1792822,0.5392822,0.75928223,3.6992822,6.029282,0.9092822,1.0492822,-0.11071777,-0.56071776,-0.19071777,0.26928222,2.8092823,1.9592823,0.60928226,1.8492823,1.2392823
-9.130718,-11.420718,-10.240718,-5.740718,-3.3207178,-1.4807178,-0.25071776,2.1392822,3.8392823,5.0592823,4.8292823,4.949282,5.279282,3.8392823,4.659282,3.2192822,1.8192822,2.8292823,1.7192823,3.5692823,2.1492822,5.1892824,-0.9007178,-1.6107178,-1.9707178,-0.26071778,2.4292822,1.3892822,-0.9207178,-1.1207178,0.13928223,-0.5407178,-1.5807178,-2.1607177,-1.1807178,-0.21071777,-0.9107178,0.09928223,-0.11071777,0.08928223,0.5192822,0.7892822,0.7792822,1.4792823,0.68928224,3.509282,5.0792823,0.3392822,-0.93071777,-1.2807177,-1.2907177,0.6492822,1.3092822,1.2292823,0.2792822,0.28928223,0.60928226,-0.23071778
3.009282,1.7892822,-0.9007178,-3.6707177,0.28928223,1.2992822,2.5992823,2.9792821,4.3992825,5.339282,6.6692824,7.4192824,6.009282,5.469282,5.3292823,3.8892822,0.049282227,4.839282,5.1492825,2.6992822,3.509282,3.7092822,-0.18071777,1.2292823,-1.1407177,0.8292822,0.9192822,1.5392822,0.7292822,-2.7807178,-1.0907178,-0.25071776,0.31928223,-1.3007178,-0.25071776,-0.93071777,-0.4707178,-1.2007178,0.93928224,-0.010717774,-0.22071777,0.98928225,0.60928226,0.48928222,1.2292823,1.5492822,2.8592823,3.0692823,-0.6507178,-0.75071776,-0.17071778,0.47928223,-0.88071775,-0.08071777,-1.1907178,-0.25071776,-0.40071777,0.86928225
0.67928225,2.4292822,2.2892823,5.199282,2.2692823,3.0292823,3.9192822,4.7292824,5.379282,4.8092823,6.279282,5.1692824,5.199282,5.319282,5.659282,4.529282,3.9592822,6.3992825,6.719282,3.4792821,2.4692822,4.2292824,1.5092822,-0.34071776,1.5592822,-0.8007178,0.13928223,-0.21071777,2.5392823,-2.2007177,-0.63071775,-1.3507178,0.40928224,-1.2107178,-1.3507178,-1.2407178,0.17928223,-1.1007178,-0.5907178,-1.1407177,-0.5807178,-0.63071775,1.1892822,-0.11071777,0.049282227,0.6392822,1.2392823,0.5892822,-0.99071777,1.4992822,-1.1407177,-7.1777345E-4,-1.1307178,-1.3107178,-1.3207178,0.23928222,1.0292822,0.23928222
-2.4107177,2.3092823,5.699282,6.0192823,6.2492824,4.509282,4.699282,5.029282,4.7692823,5.4392824,5.9392824,5.089282,4.319282,4.049282,5.529282,4.2892823,3.4392822,2.8892822,4.6492825,4.7292824,3.009282,1.9992822,0.39928222,1.1792822,1.2992822,-0.9207178,-1.1007178,-0.99071777,-1.9407178,1.3992822,1.6892822,-1.1207178,0.5392822,-1.1707177,-1.9307178,-1.2007178,-0.11071777,-1.7907177,-1.2707177,-0.93071777,-0.81071776,-0.030717773,0.25928223,0.109282225,0.009282227,0.93928224,1.8192822,-0.49071777,-0.21071777,0.16928223,-0.13071777,-1.0807178,-2.5307178,-1.9707178,0.3392822,0.68928224,1.3592823,3.1092823
3.6392822,5.7492824,4.929282,5.139282,7.0592823,5.819282,5.6492825,6.259282,5.3092823,5.069282,4.259282,5.529282,5.3692822,3.4592822,3.8992822,2.2892823,5.2092824,4.509282,6.9192824,6.139282,2.9592822,2.8092823,1.2992822,1.3692822,-2.8407178,-0.9207178,1.0692822,0.11928222,-1.9807178,6.319282,-0.62071776,2.7092822,1.6392822,-4.280718,-5.470718,-0.69071776,-1.2207178,-2.9507177,-0.76071775,-0.7707178,-0.100717776,0.08928223,0.08928223,1.0992823,0.6692822,0.5892822,1.1492822,0.9492822,-1.1107178,-1.9107177,-1.6507177,1.4792823,-0.68071777,-0.89071774,0.11928222,0.7192822,1.0992823,2.0492823
5.7692823,7.7492824,6.7492824,7.989282,7.889282,7.909282,7.2892823,6.8992825,5.719282,6.299282,6.069282,5.509282,4.7892823,4.909282,3.3592823,0.009282227,6.5592823,4.509282,4.7092824,4.739282,2.5292823,5.089282,-0.8307178,-0.050717775,1.4492822,-0.5907178,0.6992822,1.7692822,1.0592822,4.929282,-4.610718,6.889282,7.049282,3.8092823,4.109282,-9.900718,-1.2407178,-2.9307177,-2.4807177,-1.4507178,-0.7207178,0.08928223,0.48928222,0.24928223,0.86928225,0.17928223,1.1292822,2.0192823,2.4492822,1.8792822,0.079282224,2.9192822,-1.0007178,-0.11071777,-0.87071776,-0.5407178,0.12928222,0.19928223
8.379282,7.529282,8.159283,9.249282,8.169282,9.189282,9.439282,8.839282,7.0192823,7.1892824,6.409282,5.9392824,4.929282,5.2692823,4.009282,0.6692822,4.639282,5.3092823,3.6992822,4.5192823,4.1492825,4.2492824,0.35928223,-1.2107178,1.3192822,1.2992822,-1.5007178,6.239282,2.6092823,5.859282,4.9792824,1.7892822,5.7292824,5.5392823,2.1792822,4.339282,-2.0607178,-1.3807178,-1.4607178,0.7092822,-0.40071777,0.7292822,0.6592822,0.109282225,0.18928222,-0.010717774,0.9692822,1.6692822,2.6292822,1.5092822,-0.8307178,-1.7407178,0.3392822,0.8492822,-0.75071776,-0.9807178,-0.7107178,-0.45071778
7.819282,8.239283,9.809282,9.8592825,9.689282,10.069283,10.6092825,10.019282,8.769282,8.089282,7.1692824,6.8092823,5.5792823,4.9392824,3.6992822,2.2492821,2.4092822,4.259282,4.659282,5.5992823,5.7492824,6.739282,2.2092822,-1.2807177,-0.5807178,1.4392822,5.359282,8.939282,4.779282,6.239282,6.239282,8.1092825,6.3492823,3.8492823,1.2992822,2.5892823,1.4892823,0.80928224,-0.7807178,-1.0607178,0.13928223,0.9792822,0.31928223,1.7792822,0.99928224,-1.5207177,-1.0407177,0.019282227,0.56928223,1.5692822,-0.5207178,-0.37071776,-0.34071776,-0.4407178,-1.6007178,-1.5207177,-1.5507178,-1.3907177
8.999282,9.259282,10.269282,10.189282,10.279283,10.799282,11.289282,10.949283,10.6092825,10.439282,8.509282,7.589282,6.109282,6.9192824,5.029282,4.799282,2.1692822,6.9792824,6.819282,4.949282,7.1192822,5.4192824,1.4492822,-0.64071774,-1.5907178,9.579282,10.879282,8.189282,7.6192822,4.909282,5.5992823,6.699282,8.869282,4.3692822,4.629282,4.4992824,3.4092822,-0.6107178,-0.32071778,0.60928226,-1.6807178,1.7992822,-1.5407177,-0.070717774,1.3892822,1.1792822,1.2292823,0.99928224,0.68928224,1.2492822,0.7892822,-0.8307178,-0.9007178,-1.4907178,-2.0907178,-2.3907177,-2.2007177,-2.1507177
9.459282,9.819283,10.389282,10.449283,11.489283,11.659283,12.189282,12.659283,11.499282,11.189282,11.659283,8.909283,7.989282,6.879282,7.029282,4.259282,0.17928223,4.949282,6.049282,5.9592824,7.4592824,6.009282,7.4392824,2.7892823,4.6692824,1.0192822,7.9392824,9.019282,8.799282,2.7792823,4.589282,6.1892824,8.479282,6.129282,6.389282,6.179282,4.0992823,0.99928224,4.2892823,6.409282,-1.8907177,0.3092822,1.0292822,-0.5407178,2.7992823,6.009282,3.6392822,2.2392821,0.48928222,1.0392822,0.8992822,-0.5807178,-0.9207178,-2.1207178,-2.3407178,-3.0707178,-3.1907177,-3.1907177
