static/data/gfs.t00z.pgrb2.1p00.f12.json
{"header": {"discipline":0,"disciplineName":"Meteorological products","gribEdition":2,"gribLength":80593,"center":7,"centerName":"US National Weather Service - NCEP(WMC)","subcenter":0,"refTime":"2019-06-20T00:00:00.000Z","significanceOfRT":1,"significanceOfRTName":"Start of forecast","productStatus":0,"productStatusName":"Operational products","productType":1,"productTypeName":"Forecast products","productDefinitionTemplate":0,"productDefinitionTemplateName":"Analysis/forecast at horizontal level/layer at a point in time","parameterCategory":2,"parameterCategoryName":"Momentum","parameterNumber":2,"parameterNumberName":"U-component_of_wind","parameterUnit":"m.s-1","genProcessType":2,"genProcessTypeName":"Forecast","forecastTime":18,"surface1Type":100,"surface1TypeName":"Isobaric surface","surface1Value":100000.0,"surface2Type":255,"surface2TypeName":"Missing","surface2Value":0.0,"gridDefinitionTemplate":0,"gridDefinitionTemplateName":"Latitude_Longitude","numberPoints":65160,"shape":6,"shapeName":"Earth spherical with radius of 6,371,229.0 m","gridUnits":"degrees","resolution":48,"winds":"true","scanMode":0,"nx":360,"ny":181,"basicAngle":0,"lo1":0.0,"la1":90.0,"lo2":359.0,"la2":-90.0,"dx":1.0,"dy":1.0}, "data":
[rows 78 to 103 of 181, columns 58 to 115 of 360]
12.389336,12.839336,13.2993355,14.689336,14.019336,13.849336,13.539336,13.439336,13.069336,12.2593355,12.789336,11.909336,11.529336,11.099336,9.789336,9.779336,9.019336,6.279336,2.009336,4.249336,2.249336,-0.7206641,7.939336,10.929336,11.449336,2.779336,3.749336,3.829336,3.069336,4.409336,6.249336,7.749336,7.579336,6.889336,7.429336,8.129336,8.529336,7.919336,6.869336,7.229336,7.049336,0.32933593,5.099336,7.659336,7.199336,1.669336,0.7193359,2.1693358,0.36933595,-1.070664,-0.31066406,1.679336,-0.07066406,-0.9806641,-1.860664,-2.260664,-2.8406641,-2.210664
12.979336,13.079336,13.179336,13.979336,13.239336,13.059336,12.919336,12.389336,11.589336,12.209336,11.779336,11.099336,10.769336,10.889336,10.819336,9.249336,9.2593355,7.589336,1.4893359,5.5393357,7.0193357,6.259336,7.369336,11.209336,12.839336,1.2393359,1.269336,2.749336,3.269336,5.099336,7.239336,7.389336,7.469336,7.129336,7.709336,7.719336,8.469336,8.429336,8.129336,7.449336,6.689336,1.2093359,9.449336,7.919336,6.7693357,7.569336,2.029336,2.699336,3.849336,0.079335935,1.059336,-0.27066407,0.08933594,0.15933594,-1.0206641,0.16933593,-1.490664,-1.2506641
13.249336,13.209336,13.149336,13.559336,12.649336,12.369336,12.139336,11.059336,11.099336,11.419336,9.389336,9.939336,11.149336,10.789336,10.889336,10.569336,8.969336,6.7693357,4.379336,1.649336,2.299336,0.73933595,1.5693359,10.379336,9.529336,0.81933594,1.639336,2.809336,4.879336,5.279336,6.119336,7.239336,8.699336,8.329336,7.499336,8.729336,8.629336,8.249336,8.409336,7.829336,7.639336,1.7393359,5.939336,6.419336,4.179336,6.249336,6.849336,8.499336,4.919336,8.999336,5.219336,5.5393357,3.479336,0.26933593,-1.3806641,0.47933593,0.6493359,0.7093359
13.149336,12.679336,13.429336,12.279336,10.949336,10.909336,10.219336,10.859336,10.0093355,8.569336,8.579336,9.099336,10.099336,9.059336,9.189336,10.0093355,10.569336,10.199336,6.459336,1.2393359,8.889336,9.689336,7.7693357,9.769336,11.419336,2.229336,1.5693359,3.6793358,6.979336,7.649336,8.909336,9.089336,8.889336,8.619336,7.7693357,8.069336,7.129336,8.099336,8.929336,8.429336,7.449336,1.039336,3.479336,0.5993359,3.509336,4.189336,4.929336,4.299336,8.729336,9.869336,7.5393357,5.879336,5.5193357,5.719336,0.60933596,2.259336,3.309336,2.6293359
12.699336,12.769336,11.779336,10.609336,11.169336,10.569336,10.289336,10.159336,9.279336,8.039336,7.989336,7.739336,8.639336,8.839336,8.369336,8.819336,8.989336,9.349336,10.019336,9.479336,14.589336,14.739336,7.749336,7.619336,13.169336,7.629336,6.689336,7.639336,8.369336,9.999336,10.279336,9.109336,9.189336,8.0093355,6.579336,6.609336,6.399336,7.239336,8.879336,9.329336,6.839336,3.6493359,4.979336,8.539336,5.5593357,4.7693357,4.429336,6.099336,6.459336,7.089336,7.779336,1.0793359,8.179336,9.209336,7.029336,5.759336,5.949336,3.519336
12.489336,11.659336,10.249336,10.219336,9.439336,8.919336,8.909336,8.979336,7.679336,7.459336,7.509336,7.379336,8.279336,7.919336,8.179336,8.149336,8.269336,9.309336,9.689336,11.169336,12.669336,12.609336,6.099336,2.9093359,7.379336,9.929336,11.979336,10.939336,10.179336,10.129336,9.609336,9.249336,8.149336,11.069336,7.589336,6.489336,6.2693357,6.7693357,9.769336,9.629336,-0.24066406,-0.95066404,0.059335936,3.1793358,3.829336,1.689336,3.309336,5.529336,4.579336,5.589336,6.049336,2.4293358,9.019336,9.249336,7.999336,8.769336,6.739336,4.029336
11.0493355,10.239336,8.699336,8.2993355,8.089336,7.629336,7.569336,7.969336,7.199336,6.669336,6.469336,6.149336,6.349336,6.969336,7.349336,7.579336,7.069336,7.799336,9.159336,10.339336,11.559336,11.349336,12.2593355,13.159336,15.239336,13.5493355,13.069336,11.059336,10.199336,9.689336,8.919336,8.369336,7.759336,9.619336,7.149336,6.469336,6.319336,5.009336,1.029336,-3.030664,-1.710664,-1.0406641,0.5893359,-0.7206641,1.029336,0.26933593,2.969336,3.799336,3.839336,4.209336,4.969336,5.239336,7.469336,7.249336,9.159336,7.8093357,4.729336,1.789336
10.169336,8.829336,7.459336,7.5193357,7.379336,7.249336,6.879336,6.359336,5.869336,5.7693357,6.299336,5.319336,5.609336,5.719336,6.589336,5.599336,6.099336,5.969336,7.879336,7.929336,9.499336,10.959336,12.879336,12.749336,12.819336,12.889336,11.849336,12.169336,10.819336,9.239336,8.889336,7.849336,8.449336,8.779336,7.509336,6.679336,5.429336,2.849336,-0.36066407,0.91933596,-1.220664,-1.5506641,-0.8506641,-0.25066406,0.99933594,1.4993359,3.709336,3.4293358,3.3793359,3.619336,4.329336,5.099336,4.639336,7.219336,5.939336,6.359336,2.969336,-2.6206641
8.839336,8.719336,7.339336,6.489336,6.299336,6.379336,6.689336,5.869336,5.159336,4.349336,5.089336,4.259336,4.379336,4.839336,4.849336,4.929336,4.499336,5.399336,6.689336,7.979336,7.699336,9.419336,11.769336,13.349336,11.2593355,10.309336,9.329336,10.569336,10.239336,10.339336,8.629336,9.429336,7.549336,7.779336,6.829336,5.219336,5.0393357,4.599336,0.79933596,-0.34066406,1.4793359,-0.70066404,-2.020664,-1.850664,0.25933594,1.3593359,3.099336,2.459336,2.369336,2.969336,2.449336,4.929336,4.419336,4.549336,4.379336,3.819336,-2.010664,-0.88066405
7.0193357,5.719336,6.2693357,4.709336,5.649336,5.799336,5.549336,4.459336,4.2893357,3.449336,2.999336,4.099336,4.069336,3.269336,3.339336,3.099336,3.6893358,4.119336,5.029336,6.909336,6.119336,8.609336,11.469336,11.589336,11.249336,10.119336,9.169336,10.329336,10.119336,9.749336,8.429336,8.489336,9.439336,8.069336,5.5393357,5.359336,2.539336,3.709336,5.339336,6.629336,-0.32066405,1.019336,-1.0306641,-4.060664,-1.2706641,-0.09066406,3.9393358,1.8693359,1.049336,1.259336,3.199336,4.469336,3.579336,3.329336,2.1893358,-0.30066407,-1.0006641,-0.81066406
4.199336,4.5593357,5.0193357,4.5593357,4.109336,4.469336,3.1793358,3.6793358,2.489336,0.74933594,2.6493359,2.259336,2.769336,1.759336,2.249336,1.259336,1.8493359,3.6793358,3.1493359,4.409336,4.629336,7.8093357,9.609336,9.879336,8.779336,8.729336,8.989336,9.849336,9.639336,9.399336,8.539336,10.589336,11.699336,7.7693357,4.299336,2.1293359,-1.3006641,2.309336,4.199336,6.109336,2.9193358,0.54933596,1.409336,0.49933594,-6.9606643,-2.390664,1.939336,-0.19066407,-0.48066407,0.26933593,2.069336,2.8893359,2.019336,-0.08066406,-0.88066405,-0.20066406,-0.68066406,-0.49066406
4.279336,4.509336,3.329336,3.1493359,1.919336,1.3193359,1.3793359,1.4593359,1.6293359,1.2193359,0.30933595,-0.17066406,-0.27066407,-0.07066406,0.21933594,-0.06066406,0.34933594,2.039336,0.54933596,3.229336,4.8093357,5.619336,6.549336,7.029336,8.229336,7.799336,7.579336,8.769336,9.289336,8.429336,8.839336,11.719336,9.719336,6.529336,3.1393359,-1.6406641,-0.6706641,1.939336,5.389336,10.2993355,2.1493359,-1.600664,0.7693359,0.059335936,-1.830664,-1.240664,-3.410664,-2.930664,-1.820664,-1.440664,0.53933597,-0.19066407,0.53933597,-0.30066407,-0.41066405,-1.0006641,0.33933595,-0.35066405
2.789336,1.3493359,0.49933594,0.079335935,0.75933594,0.41933593,-0.44066405,-0.43066406,-1.8906641,-1.220664,-0.22066407,-2.650664,-2.130664,-1.5306641,-0.7906641,-0.8506641,-0.5406641,-0.86066407,1.5893359,2.849336,4.279336,4.639336,5.049336,4.479336,7.679336,9.659336,10.769336,5.199336,8.309336,7.0593357,11.709336,8.239336,4.699336,4.599336,4.209336,2.9093359,-6.640625E-4,0.68933594,8.599336,7.299336,2.299336,0.81933594,-1.0406641,0.24933594,-0.7806641,-2.240664,-4.740664,-3.950664,-3.670664,-3.3106642,-1.590664,-2.980664,0.47933593,-0.63066405,-0.37066406,-0.39066407,-6.640625E-4,-0.020664062
0.15933594,-0.61066407,-0.9706641,-0.49066406,-1.560664,-1.0406641,-1.820664,-2.5906641,-2.980664,-2.300664,-2.940664,-3.400664,-2.640664,-2.970664,-2.650664,-2.660664,-2.3306642,-1.5006641,1.159336,2.1693358,3.3793359,5.699336,5.859336,6.699336,5.339336,7.589336,11.429336,7.329336,8.129336,9.229336,6.0393357,5.479336,2.3893359,1.789336,-1.5006641,-1.4106641,3.359336,4.819336,5.999336,3.6493359,0.079335935,0.54933596,-2.450664,0.5193359,1.549336,-0.75066406,-4.130664,-4.420664,-5.070664,-5.760664,-4.680664,-4.870664,-1.090664,-0.89066404,-0.27066407,0.92933595,0.91933596,0.39933595
-2.200664,-1.820664,-1.5406641,-1.310664,-3.190664,-3.040664,-2.3206642,-4.150664,-4.2306643,-3.1106641,-3.710664,-4.040664,-4.590664,-4.800664,-5.530664,-4.700664,-3.8406641,-3.040664,-1.490664,0.63933593,1.1093359,1.5793359,3.339336,9.749336,7.419336,-1.2906641,6.329336,4.709336,6.359336,5.369336,4.619336,2.559336,2.029336,-1.5006641,-5.1906643,6.159336,4.129336,3.279336,1.5993359,-0.51066405,-2.450664,-1.3806641,-3.680664,-1.590664,1.3393359,-1.3806641,-3.200664,-4.600664,-0.70066404,-5.310664,-6.300664,-6.260664,-6.560664,-1.110664,-0.22066407,-0.94066405,-0.6706641,0.68933594
-2.6206641,-2.240664,-2.6006641,-2.230664,-4.040664,-3.3606641,-4.370664,-4.500664,-5.350664,-5.360664,-5.360664,-7.450664,-7.160664,-3.980664,-6.110664,-6.030664,-5.500664,-5.4606643,-3.960664,-2.230664,-1.850664,-1.7906641,0.63933593,0.16933593,0.45933592,2.779336,3.9293358,3.339336,1.399336,0.08933594,-0.21066406,-0.32066405,-0.17066406,-3.180664,-1.610664,0.029335938,-1.990664,-2.170664,-2.8206642,-4.530664,-3.680664,-2.6206641,-3.0906641,-1.5406641,-0.06066406,-0.57066405,-3.3606641,-2.8706641,-4.660664,-5.900664,-3.150664,-6.580664,-7.180664,-4.490664,-3.180664,-4.000664,-0.69066405,-2.710664
-3.720664,-3.780664,-2.970664,-3.8606641,-4.120664,-4.900664,-6.500664,-6.9406643,-7.160664,-7.770664,-8.770664,-9.870664,-5.390664,-2.520664,-6.280664,-7.2106643,-6.540664,-5.570664,-5.560664,-4.330664,-4.450664,-4.2106643,-3.930664,-2.470664,-0.22066407,0.98933595,-0.17066406,-1.590664,-1.4206641,-3.010664,-3.8606641,-3.160664,-1.990664,-2.890664,-0.8506641,-3.390664,-3.240664,-4.740664,-6.520664,-5.890664,-4.4406643,-3.160664,-4.170664,-3.430664,-3.380664,-0.33066407,-0.19066407,-2.5706642,-5.400664,-6.370664,-7.530664,-6.880664,-7.110664,-7.920664,-7.330664,-7.770664,-8.180664,-4.680664
-4.620664,-3.910664,-4.260664,-4.630664,-5.220664,-6.020664,-7.450664,-8.400664,-8.620664,-8.860664,-10.300664,-7.830664,-4.950664,-5.000664,-6.470664,-7.530664,-7.170664,-6.830664,-5.9406643,-5.410664,-4.330664,-4.880664,-4.6906643,-3.680664,-2.6206641,-2.240664,-4.510664,-3.730664,-4.400664,-3.630664,-5.870664,-4.530664,-4.890664,-4.570664,-3.490664,-4.740664,-4.330664,-6.870664,-8.370664,-6.520664,-6.000664,-5.1906643,-5.420664,-6.010664,-5.420664,-5.750664,-0.74066406,-0.75066406,-4.820664,-6.000664,-6.590664,-6.4606643,-8.020664,-8.360664,-7.020664,-7.170664,-7.510664,-7.180664
-5.830664,-5.140664,-4.910664,-5.180664,-7.330664,-7.400664,-6.910664,-7.420664,-9.000664,-9.520664,-9.930664,-5.1906643,-7.340664,-6.160664,-5.760664,-6.350664,-7.550664,-7.850664,-6.970664,-6.320664,-6.110664,-5.370664,-4.9606643,-4.140664,-4.570664,-4.6906643,-3.540664,-5.090664,-3.720664,-6.1906643,-6.390664,-5.280664,-5.320664,-4.880664,-4.810664,-5.580664,-6.320664,-8.020664,-7.350664,-7.080664,-6.910664,-6.4406643,-6.490664,-7.4606643,-7.790664,-8.410664,-8.300664,-3.760664,-1.850664,-3.480664,-6.420664,-3.800664,-6.2106643,-7.970664,-6.550664,-6.900664,-7.510664,-6.750664
-7.150664,-7.610664,-7.900664,-6.300664,-5.740664,-7.790664,-6.840664,-7.900664,-10.480664,-10.130664,-10.2006645,-8.260664,-8.440664,-7.330664,-6.4606643,-6.370664,-6.380664,-7.060664,-7.840664,-7.870664,-6.840664,-5.120664,-5.350664,-5.380664,-5.720664,-5.280664,-4.490664,-6.100664,-5.720664,-5.9606643,-5.970664,-6.4806643,-6.020664,-5.260664,-4.810664,-6.160664,-6.570664,-7.220664,-6.830664,-6.790664,-8.080664,-6.700664,-7.6906643,-8.220664,-8.640664,-9.370664,-9.500664,-9.640664,-6.740664,-0.6706641,-0.14066406,0.29933593,0.55933595,-0.17066406,-0.35066405,-1.5406641,-6.040664,-5.760664
-8.880664,-7.4606643,-5.780664,-5.290664,-6.090664,-6.970664,-7.270664,-9.270664,-9.910664,-9.390664,-9.640664,-9.150664,-9.120664,-9.170664,-7.670664,-5.820664,-6.080664,-6.490664,-7.390664,-7.1906643,-7.300664,-6.560664,-5.920664,-5.420664,-5.750664,-5.640664,-6.770664,-6.110664,-6.010664,-5.760664,-6.810664,-6.250664,-6.4806643,-6.2306643,-6.820664,-6.420664,-6.660664,-6.9606643,-7.290664,-7.2106643,-8.290664,-8.030664,-8.280664,-8.930664,-9.080664,-9.680664,-9.800664,-10.100664,-10.140664,-10.520664,-8.330664,-5.680664,-4.1906643,-1.2906641,1.689336,0.69933593,-0.8406641,0.7093359
-8.290664,-8.520664,-7.380664,-6.7306643,-5.4406643,-6.100664,-6.900664,-9.400664,-9.710664,-9.580664,-10.280664,-10.390664,-10.180664,-8.9506645,-8.460664,-6.830664,-6.300664,-5.990664,-6.310664,-6.600664,-6.9406643,-6.060664,-5.500664,-6.140664,-6.010664,-5.260664,-6.020664,-5.580664,-6.240664,-5.420664,-5.310664,-6.790664,-6.570664,-6.490664,-6.090664,-5.780664,-7.570664,-7.2106643,-7.610664,-7.970664,-8.080664,-8.300664,-8.510664,-9.070664,-9.090664,-9.300664,-9.600664,-9.850664,-9.630664,-9.210664,-7.590664,-7.570664,-7.490664,-7.840664,-6.670664,-6.740664,-6.6906643,-5.6906643
-10.670664,-10.030664,-8.180664,-6.810664,-5.250664,-8.150664,-9.280664,-9.880664,-10.480664,-9.600664,-9.190664,-9.110664,-8.480664,-8.430664,-7.9406643,-7.430664,-7.000664,-6.100664,-5.9806643,-6.240664,-6.540664,-6.4606643,-4.660664,-5.130664,-5.630664,-5.000664,-5.220664,-5.510664,-5.100664,-5.090664,-4.770664,-5.770664,-5.350664,-6.060664,-5.040664,-7.510664,-8.160664,-7.470664,-8.130664,-8.010664,-7.990664,-8.590664,-8.220664,-8.390664,-8.810664,-9.160664,-9.080664,-8.850664,-8.710664,-8.410664,-7.490664,-7.380664,-7.380664,-7.500664,-7.320664,-7.430664,-7.9406643,-8.640664
-10.380664,-10.330664,-10.180664,-6.850664,-6.920664,-8.790664,-9.930664,-10.730664,-10.860664,-10.210664,-9.760664,-9.680664,-7.670664,-8.300664,-8.030664,-7.2306643,-6.720664,-7.240664,-6.010664,-5.140664,-5.680664,-6.420664,-5.590664,-4.9606643,-4.330664,-5.140664,-4.080664,-4.530664,-4.040664,-3.0606642,-5.060664,-5.030664,-5.080664,-5.4806643,-6.7106643,-7.580664,-7.310664,-7.330664,-7.4806643,-7.4806643,-8.580664,-8.570664,-8.540664,-8.250664,-8.360664,-8.620664,-8.030664,-8.340664,-8.280664,-7.590664,-7.060664,-6.660664,-7.120664,-7.150664,-6.810664,-8.150664,-8.050664,-9.2006645
-10.4506645,-10.350664,-9.070664,-8.530664,-8.010664,-9.060664,-10.770664,-12.140664,-11.510664,-10.260664,-9.790664,-9.370664,-10.380664,-8.520664,-8.410664,-9.020664,-7.330664,-6.280664,-6.380664,-6.610664,-4.800664,-5.4606643,-6.280664,-4.740664,-4.320664,-4.360664,-3.940664,-4.110664,-2.950664,-1.4206641,-5.330664,-3.730664,-4.510664,-4.280664,-4.220664,-6.990664,-6.160664,-6.990664,-7.470664,-7.970664,-8.260664,-7.9806643,-8.4506645,-8.050664,-8.000664,-8.020664,-7.500664,-7.390664,-6.950664,-7.140664,-7.200664,-6.330664,-6.290664,-7.180664,-6.850664,-7.510664,-7.800664,-9.020664
-11.210664,-9.2006645,-8.690664,-10.130664,-10.9506645,-11.380664,-11.220664,-12.340664,-11.210664,-9.7406645,-9.720664,-9.400664,-10.860664,-10.310664,-8.860664,-8.640664,-8.030664,-6.770664,-6.1906643,-5.9406643,-6.1906643,-5.180664,-5.160664,-4.400664,-4.780664,-4.720664,-3.170664,-4.290664,-2.520664,-2.680664,-3.040664,-2.420664,-1.690664,-3.270664,-4.580664,-6.340664,-6.340664,-7.150664,-7.510664,-7.590664,-8.300664,-7.840664,-7.720664,-7.720664,-7.790664,-7.880664,-7.530664,-6.490664,-6.640664,-5.9806643,-6.100664,-6.420664,-5.120664,-5.2306643,-5.970664,-7.920664,-7.390664,-8.250664
