static/data/gfs.t00z.pgrb2.1p00.f12.json
{"header": {"discipline":0,"disciplineName":"Meteorological products","gribEdition":2,"gribLength":81252,"center":7,"centerName":"US National Weather Service - NCEP(WMC)","subcenter":0,"refTime":"2019-06-20T00:00:00.000Z","significanceOfRT":1,"significanceOfRTName":"Start of forecast","productStatus":0,"productStatusName":"Operational products","productType":1,"productTypeName":"Forecast products","productDefinitionTemplate":0,"productDefinitionTemplateName":"Analysis/forecast at horizontal level/layer at a point in time","parameterCategory":2,"parameterCategoryName":"Momentum","parameterNumber":3,"parameterNumberName":"V-component_of_wind","parameterUnit":"m.s-1","genProcessType":2,"genProcessTypeName":"Forecast","forecastTime":18,"surface1Type":100,"surface1TypeName":"Isobaric surface","surface1Value":100000.0,"surface2Type":255,"surface2TypeName":"Missing","surface2Value":0.0,"gridDefinitionTemplate":0,"gridDefinitionTemplateName":"Latitude_Longitude","numberPoints":65160,"shape":6,"shapeName":"Earth spherical with radius of 6,371,229.0 m","gridUnits":"degrees","resolution":48,"winds":"true","scanMode":0,"nx":360,"ny":181,"basicAngle":0,"lo1":0.0,"la1":90.0,"lo2":359.0,"la2":-90.0,"dx":1.0,"dy":1.0}, "data":
[rows 54 to 80 of 181, columns 240 to 299 of 360]
1.5667261,0.8267261,0.39672607,2.6067262,7.386726,6.856726,9.856726,8.406726,3.946726,3.8367262,4.546726,3.456726,2.566726,0.41672608,-0.8232739,-0.9332739,-1.483274,1.256726,2.8667262,2.326726,6.446726,8.576726,7.436726,6.206726,4.316726,2.3967261,-1.003274,-2.3832738,-1.503274,-1.523274,-1.993274,-1.4332739,-0.6832739,1.9667261,3.8967261,3.206726,3.676726,2.016726,-0.9332739,4.586726,3.476726,1.1567261,2.476726,3.536726,2.9067261,9.246726,7.106726,5.7167263,6.916726,7.156726,8.696726,8.716726,8.306726,7.566726,9.456726,10.896726,12.256726,12.636726,12.576726,9.356726
1.236726,-1.9532739,5.296726,2.3867261,2.686726,6.546726,9.686726,8.496726,5.426726,5.546726,3.166726,2.536726,1.726726,0.26672608,-0.8232739,-2.693274,-0.38327393,-0.053273927,-0.123273924,1.486726,4.836726,6.166726,6.9667263,5.826726,3.8367262,1.636726,-0.47327393,-1.3332739,-1.4032739,-1.4332739,-0.52327394,1.3067261,0.66672605,-0.10327393,1.2867261,2.956726,1.3967261,1.386726,3.686726,3.456726,1.9567261,3.446726,2.326726,1.0967261,10.126726,7.286726,6.386726,6.056726,6.086726,9.486726,9.936726,9.026726,8.606726,8.686726,9.306726,11.306726,12.296726,11.556726,11.006726,9.756726
1.1867261,1.7767261,1.876726,0.91672605,3.6267262,5.796726,6.536726,6.366726,4.816726,3.566726,3.966726,5.226726,1.8267261,2.6167262,0.24672608,-0.27327392,-0.4632739,-1.9432739,-1.6732739,1.2767261,4.4867263,5.556726,5.666726,5.726726,4.536726,2.8367262,1.5867261,0.8067261,0.85672605,0.96672606,0.59672606,0.13672608,0.6867261,2.1467261,1.386726,1.366726,0.43672606,3.166726,2.6367261,3.266726,3.176726,3.1067262,5.126726,8.886726,6.906726,6.0067263,6.496726,5.866726,7.516726,9.186726,9.386726,9.296726,8.806726,7.686726,9.856726,11.746726,11.106726,10.736726,10.906726,9.886726
2.006726,1.3967261,1.0967261,0.60672605,1.376726,5.046726,4.746726,3.236726,0.8867261,1.116726,-0.4332739,1.5267261,1.3967261,3.216726,1.616726,1.126726,-1.2132739,0.24672608,3.066726,4.596726,4.2367263,6.076726,7.286726,5.656726,5.536726,3.186726,1.606726,1.0367261,0.36672607,1.4167261,1.2967261,2.1367261,2.3767262,2.536726,3.056726,2.8367262,3.816726,3.6567261,2.796726,2.6167262,2.726726,10.076726,7.706726,5.936726,6.036726,5.676726,5.336726,4.706726,6.956726,10.256726,9.616726,8.536726,7.676726,9.126726,10.276726,10.046726,6.7567263,9.896726,9.956726,9.676726
0.33672607,-0.39327392,-1.2032739,-0.8132739,1.746726,3.016726,8.716726,6.796726,4.686726,4.136726,3.436726,-1.3032739,-0.59327394,-0.16327393,2.166726,1.746726,0.07672607,3.546726,4.706726,5.246726,5.866726,6.636726,7.596726,7.0267262,5.996726,3.756726,1.9467261,1.7867261,2.236726,3.036726,1.876726,3.066726,3.016726,2.526726,2.546726,2.826726,3.946726,2.926726,3.036726,3.6267262,6.196726,4.816726,4.416726,4.356726,5.946726,5.2767262,5.516726,6.096726,7.186726,6.7567263,9.586726,7.766726,8.976727,9.156726,10.206726,6.946726,8.336726,9.116726,9.126726,9.316726
0.8167261,-0.37327394,-1.893274,-2.763274,0.8067261,-0.4332739,7.906726,7.656726,6.536726,5.106726,4.206726,2.736726,0.96672606,-0.84327394,-1.013274,-0.6732739,1.2767261,-0.15327393,1.4267261,5.816726,6.946726,7.786726,7.746726,6.746726,5.416726,4.106726,4.0267262,3.6467261,6.056726,3.076726,2.6367261,3.486726,4.186726,4.136726,4.7367263,4.7767262,3.1367261,3.066726,2.766726,1.376726,7.086726,5.446726,5.686726,5.996726,5.626726,6.206726,6.366726,6.336726,7.826726,7.936726,7.666726,7.956726,8.226727,8.296726,5.896726,7.056726,8.096726,8.006726,8.706726,8.736726
-0.77327394,-1.363274,-2.173274,-4.193274,-4.583274,1.3267261,4.436726,8.096726,6.816726,4.186726,3.6067262,2.966726,1.356726,-0.07327393,-2.993274,-3.263274,1.6667261,1.9567261,2.956726,6.886726,8.696726,7.886726,7.396726,5.866726,6.416726,5.5067263,5.9667263,6.376726,6.2367263,6.346726,6.186726,10.356726,8.706726,7.106726,6.366726,4.166726,9.406726,4.436726,1.236726,4.286726,7.976726,4.886726,5.206726,5.946726,6.9667263,7.626726,8.106726,7.806726,7.566726,7.816726,10.086726,10.146726,10.686726,9.366726,6.906726,8.346726,8.206726,8.216726,7.586726,7.396726
-2.003274,-2.973274,-4.193274,-4.613274,-4.923274,-3.223274,4.886726,3.216726,2.706726,2.426726,2.8667262,0.26672608,1.5967261,3.176726,-1.6532739,-0.51327395,0.14672607,1.4467261,-0.14327392,6.226726,6.446726,5.346726,6.706726,7.346726,8.246726,9.336726,8.886726,8.066726,8.856726,9.636726,9.526726,9.156726,8.586726,7.686726,5.946726,4.2167263,4.2167263,5.396726,3.6067262,3.076726,9.526726,6.586726,5.376726,7.086726,8.746726,8.316726,7.906726,7.296726,9.716726,9.706726,10.056726,7.116726,3.956726,5.806726,7.2767262,7.846726,8.086726,7.9867263,7.886726,7.2367263
-2.573274,-3.1432738,-3.963274,-5.203274,-6.293274,-0.59327394,-5.773274,0.9967261,-0.023273926,0.96672606,1.3167261,1.7867261,2.5867262,1.9367261,-0.0032739257,-2.6132739,1.9267261,2.4067261,-1.2832739,5.176726,5.956726,5.766726,6.7167263,11.276726,10.816726,9.726727,10.536726,10.136726,9.186726,9.066726,8.716726,8.216726,7.366726,6.2567263,6.156726,5.866726,4.916726,4.066726,3.1467261,3.3667262,6.886726,4.206726,3.806726,7.4867263,7.386726,7.536726,7.556726,7.086726,7.606726,7.326726,7.066726,5.9867263,7.306726,7.0067263,6.9867263,6.5067263,7.2567263,6.656726,6.286726,6.916726
-3.8532739,-4.873274,-5.963274,-6.0132737,-6.153274,-7.633274,-3.543274,-4.433274,-0.59327394,-2.693274,0.24672608,-0.37327394,1.6667261,3.3867261,-0.39327392,-2.703274,0.91672605,0.34672606,1.0967261,0.27672607,3.676726,7.046726,8.306726,11.606726,11.846726,10.466726,8.436726,8.756726,8.406726,8.7667265,8.886726,8.666726,6.686726,6.396726,6.2567263,5.956726,4.516726,3.526726,3.076726,2.786726,5.096726,5.476726,4.7367263,4.646726,6.656726,5.956726,5.976726,7.406726,6.906726,6.316726,6.2767262,7.016726,6.636726,4.9867263,7.086726,7.2567263,6.546726,6.2167263,5.9667263,4.666726
-4.653274,-5.023274,-5.4932737,-6.383274,-6.983274,-7.303274,-7.463274,-7.2432737,-0.53327394,-0.8232739,0.5567261,-2.253274,0.79672605,1.7067261,2.306726,-0.0132739255,-1.0432739,2.686726,-0.30327392,0.22672607,1.376726,6.626726,9.586726,11.286726,9.596726,7.836726,6.976726,6.7367263,7.846726,9.786726,9.976727,8.716726,8.296726,7.846726,5.866726,3.936726,3.1067262,2.536726,2.236726,2.5867262,7.686726,4.886726,4.426726,4.626726,4.316726,5.416726,5.5067263,5.706726,5.446726,5.7567263,7.066726,5.686726,6.556726,6.416726,5.456726,6.206726,5.896726,5.7767262,5.606726,5.146726
-4.983274,-5.633274,-6.413274,-6.593274,-7.063274,-7.693274,-8.613274,-8.113274,-6.323274,-4.123274,-0.33327392,-1.5432739,1.0567261,1.746726,1.7767261,1.236726,-1.003274,-0.37327394,1.866726,2.8667262,-1.2232739,2.3767262,10.286726,10.276726,8.7667265,7.666726,7.0067263,7.956726,9.886726,10.046726,9.596726,8.736726,8.066726,6.616726,3.8367262,2.726726,3.296726,2.046726,1.7167261,3.726726,3.6367261,2.666726,1.356726,3.8867261,4.066726,4.5267262,4.316726,5.396726,6.556726,6.916726,5.846726,5.866726,6.286726,6.726726,6.166726,6.046726,5.7567263,5.186726,4.576726,4.926726
-6.333274,-6.253274,-6.803274,-7.253274,-7.803274,-8.243274,-8.163274,-8.593274,-7.703274,-4.413274,-3.173274,-1.143274,0.65672606,1.9167261,0.8167261,-0.18327393,-1.273274,-1.7032739,1.486726,0.83672607,-0.36327392,8.996726,8.076726,9.106726,6.956726,6.876726,7.126726,10.316726,8.566726,8.386726,7.936726,7.586726,7.166726,5.566726,4.356726,3.546726,1.976726,0.006726074,1.8467261,1.4267261,1.5967261,2.3467262,5.176726,2.766726,2.946726,2.936726,4.916726,5.2567263,5.846726,5.856726,6.196726,6.306726,6.246726,5.866726,5.136726,4.576726,4.696726,4.226726,3.326726,3.226726
-6.213274,-6.673274,-6.643274,-6.833274,-7.2232738,-7.503274,-7.523274,-8.093274,-8.263274,-8.043274,-1.4132739,-2.013274,1.0567261,1.006726,1.8367261,1.0767261,1.8167261,-0.32327393,-0.89327395,0.33672607,1.856726,3.6067262,4.5267262,7.366726,5.856726,7.2567263,9.426726,8.606726,6.806726,6.4667263,5.766726,5.326726,5.5067263,4.7367263,3.566726,0.15672608,-4.253274,-2.6532738,-2.273274,-3.813274,-0.8832739,0.7667261,1.3067261,1.1967261,2.066726,3.8467262,3.6567261,4.7367263,5.9867263,6.356726,5.706726,6.546726,6.2367263,5.326726,5.2567263,4.626726,3.8567262,3.8367262,3.3467262,2.826726
-6.053274,-6.0332737,-6.133274,-6.943274,-6.9732738,-7.153274,-7.023274,-7.093274,-7.963274,-8.213274,-8.403274,-1.7132739,1.0967261,-0.28327394,-1.8132739,-0.053273927,0.9367261,1.0967261,0.15672608,-0.89327395,-0.19327393,1.6867261,3.556726,5.886726,5.686726,9.606726,8.036726,6.626726,5.096726,2.996726,0.7567261,-1.6032739,-0.10327393,4.686726,3.8567262,6.226726,2.666726,-0.7332739,2.1267262,3.8867261,0.07672607,-0.38327393,-0.7332739,0.06672607,1.016726,0.77672607,2.276726,3.1367261,3.9067261,5.996726,6.156726,6.316726,5.806726,5.696726,5.386726,4.806726,4.2767262,3.486726,3.1267262,2.296726
-5.023274,-5.023274,-5.163274,-5.073274,-5.853274,-5.553274,-5.7232738,-5.833274,-6.553274,-7.193274,-5.4932737,-1.9232739,-1.1032739,-2.0932739,-3.223274,0.006726074,-0.30327392,0.15672608,0.5767261,0.32672608,-1.513274,-1.873274,-2.043274,4.9667263,6.306726,7.056726,5.866726,4.666726,3.4067261,0.24672608,3.3867261,3.416726,4.9867263,4.2767262,1.766726,3.4067261,2.8767262,1.636726,-0.19327393,-1.023274,-0.27327392,0.44672608,-1.143274,0.36672607,-2.003274,0.026726075,2.426726,0.72672606,1.726726,4.816726,5.416726,4.426726,4.516726,4.446726,4.046726,3.536726,2.936726,2.526726,2.186726,2.526726
-4.313274,-4.443274,-4.653274,-4.203274,-4.503274,-4.863274,-5.133274,-5.5132737,-5.463274,-5.2432737,-3.6132739,-2.743274,-2.273274,-2.723274,-4.383274,0.8667261,1.0767261,-0.21327393,-1.0332739,0.046726074,-2.233274,-1.4632739,-1.733274,-1.743274,5.456726,4.2367263,3.326726,3.056726,3.1167262,-0.59327394,2.696726,2.9067261,4.4867263,3.496726,2.766726,3.036726,2.826726,2.996726,1.636726,0.2567261,-1.0732739,-0.84327394,2.946726,-0.20327392,2.766726,4.536726,-2.6432738,-3.6332738,-4.433274,0.8867261,3.926726,4.426726,4.056726,3.696726,3.8967261,3.6167262,2.976726,3.3767262,2.6367261,2.256726
-4.133274,-3.583274,-4.123274,-3.703274,-4.123274,-4.803274,-4.813274,-5.253274,-5.873274,-4.543274,-4.453274,-4.0332737,-3.563274,-3.203274,-3.513274,-2.963274,2.066726,-0.8232739,1.5567261,1.636726,1.7167261,2.276726,3.026726,0.44672608,-0.123273924,1.0267261,0.8667261,-0.31327394,4.826726,1.7167261,0.5667261,2.426726,3.576726,3.196726,2.1567261,2.936726,4.476726,2.3867261,1.006726,3.316726,0.006726074,-2.6532738,-0.8032739,3.456726,3.8667262,1.9067261,-2.523274,-2.6432738,-0.21327393,2.576726,3.736726,1.0567261,1.8167261,1.016726,4.336726,3.276726,3.5867262,3.0867262,2.536726,1.9367261
-3.8532739,-3.923274,-3.313274,-4.193274,-3.723274,-3.723274,-4.453274,-5.103274,-4.583274,-4.373274,-3.993274,-4.043274,-3.433274,-3.6332738,-3.8832738,-3.4032738,-2.523274,2.006726,2.806726,-1.253274,0.036726072,0.07672607,-1.0832739,0.16672607,-0.7532739,-0.8732739,1.636726,1.6567261,2.176726,1.9167261,0.6867261,1.7167261,1.476726,1.7867261,2.5867262,2.746726,3.256726,2.506726,0.056726076,1.7067261,2.6467261,-0.35327393,9.386726,5.566726,1.7967261,2.1267262,1.766726,3.766726,10.456726,0.49672607,1.756726,2.8467262,4.816726,4.696726,0.72672606,2.676726,1.986726,2.006726,2.0867262,1.4567261
-4.0132737,-5.093274,-6.003274,-4.543274,-3.953274,-3.933274,-4.153274,-4.383274,-4.313274,-4.503274,-4.293274,-4.063274,-4.403274,-3.783274,-3.823274,-3.203274,-2.023274,-1.023274,-0.0032739257,0.6267261,2.226726,0.8267261,1.9667261,-1.8532739,-0.83327395,-3.673274,-0.5632739,0.85672605,1.3267261,1.5267261,1.626726,0.13672608,0.47672608,1.3967261,3.1467261,1.876726,1.226726,1.5767261,0.60672605,0.9467261,1.116726,1.016726,1.006726,0.8767261,1.2167261,1.5867261,1.106726,1.1867261,1.3367261,3.206726,2.566726,2.6367261,2.726726,1.8967261,1.5267261,1.8067261,1.2167261,0.9467261,2.316726,1.986726
-5.053274,-4.063274,-3.733274,-3.813274,-4.343274,-2.9032738,-3.013274,-3.523274,-2.963274,-3.063274,-2.963274,-3.1532738,-3.483274,-4.193274,-3.713274,-3.1232738,-3.283274,-2.543274,-1.0932739,-0.25327393,-0.34327394,-0.30327392,1.4067261,2.296726,2.3467262,-0.06327393,2.676726,-1.3132739,1.5867261,-0.9832739,2.0967262,-2.3932738,-2.1132739,-1.8132739,-3.5932739,1.0967261,-0.06327393,0.016726075,0.32672608,0.13672608,-0.16327393,0.036726072,-0.14327392,-0.6132739,-0.9232739,0.15672608,0.48672608,1.246726,2.1367261,2.966726,2.916726,2.736726,3.216726,2.3967261,1.0967261,0.91672605,1.1567261,1.6567261,3.256726,0.7067261
-4.233274,-4.023274,-1.8432739,-0.38327393,-0.033273924,-0.4332739,-2.213274,-2.263274,-1.9332739,-1.9732739,-2.723274,-2.673274,-3.233274,-3.433274,-4.5332737,-4.863274,-4.113274,-3.1232738,-2.573274,-1.9632739,-1.4132739,-1.2232739,-1.1732739,-1.0532739,-1.253274,-5.623274,3.206726,2.546726,1.6967261,0.6467261,0.22672607,-1.4732739,-1.0532739,0.08672608,-0.5632739,-2.3432739,-0.8732739,-0.95327395,-1.9432739,-1.003274,-1.5332739,-1.4432739,-0.7532739,-1.7032739,-1.1532739,0.046726074,-0.42327392,0.77672607,1.866726,2.3667262,3.786726,4.686726,4.376726,3.3767262,2.196726,0.85672605,1.366726,-0.15327393,-1.0432739,0.9467261
-2.263274,0.90672606,0.39672607,0.48672608,0.8267261,-0.25327393,-1.623274,-1.2832739,-1.2032739,-1.613274,-2.1032739,-4.523274,-5.443274,-5.253274,-5.043274,-4.633274,-3.543274,-2.693274,-2.463274,-2.553274,-2.3732738,-2.433274,-2.213274,-2.9032738,-3.523274,-3.223274,-2.033274,-0.10327393,2.436726,2.1167262,0.7467261,1.246726,-0.043273926,-2.273274,-1.5832739,-0.8632739,-1.8432739,-1.8232739,-2.323274,-1.993274,-1.5832739,-1.643274,-1.6732739,-1.7132739,-1.9132739,-1.3032739,-0.39327392,0.35672608,2.076726,4.836726,5.686726,4.556726,5.376726,4.2367263,3.436726,1.866726,0.54672605,1.386726,0.53672606,0.24672608
0.32672608,2.966726,3.426726,2.3967261,1.886726,0.6767261,-0.90327394,-2.333274,-2.263274,-3.263274,-3.3932738,-3.973274,-4.343274,-4.7232738,-4.943274,-4.003274,-2.693274,-2.573274,-2.003274,-2.3732738,-2.3432739,-4.213274,-5.373274,-4.703274,-4.113274,-4.063274,-3.743274,-0.21327393,-0.15327393,-0.77327394,0.79672605,0.58672607,-1.623274,1.2867261,-1.883274,-3.3932738,-2.263274,-2.793274,-1.5432739,-1.4432739,-0.58327395,-1.4132739,-1.5332739,-1.993274,-2.333274,-2.063274,-2.433274,-0.8232739,0.8267261,2.796726,6.066726,5.886726,4.816726,4.726726,3.206726,2.286726,1.0867261,1.0567261,1.8167261,0.5067261
1.0867261,2.706726,1.1467261,-0.123273924,0.096726075,0.006726074,-1.1732739,-2.033274,-3.973274,-4.943274,-4.813274,-5.863274,-6.5332737,-6.043274,-4.983274,-2.9132738,-4.373274,-4.4932737,-3.833274,-5.213274,-4.7832737,-5.123274,-4.673274,-5.2632737,-5.113274,-4.7832737,-4.333274,-2.8432739,-0.6232739,-1.9532739,-1.273274,-0.51327395,-2.313274,-1.8232739,-1.5732739,-2.463274,-2.013274,-3.8732738,-1.5332739,-0.6932739,-1.4432739,-1.5632739,-2.073274,-3.203274,-2.8932738,-4.0132737,-3.333274,3.066726,5.596726,0.8267261,3.6267262,4.516726,3.4067261,5.456726,2.676726,1.4067261,2.216726,1.386726,1.0867261,0.5067261
2.176726,2.3967261,1.5867261,-0.44327393,-2.023274,-1.5332739,-2.453274,-4.163274,-4.753274,-5.2232738,-5.7232738,-6.913274,-7.593274,-5.943274,-4.4732738,-4.203274,-3.523274,-3.213274,-3.233274,-4.403274,-2.713274,-4.2432737,-3.333274,-3.803274,-5.113274,-4.333274,-4.173274,-3.933274,-3.243274,-2.323274,-1.9732739,-2.6532738,-2.773274,-2.083274,-6.293274,0.52672607,-1.7832739,-1.4432739,0.23672608,-0.09327392,-2.443274,-4.713274,-2.6032739,-3.1432738,-4.203274,-7.683274,0.49672607,-0.6032739,6.186726,4.676726,9.826726,3.516726,-1.5832739,-1.863274,-1.2132739,0.59672606,-1.3232739,0.06672607,-1.8232739,0.6467261
3.516726,3.036726,1.626726,0.7467261,0.27672607,-1.4432739,-3.3532739,-4.5132737,-4.843274,-6.423274,-6.803274,-6.923274,-6.433274,-4.773274,-4.193274,-3.3532739,-2.553274,-1.9632739,-1.0532739,-0.65327394,-0.31327394,-1.7932739,-1.7932739,-2.703274,-3.483274,-4.083274,-4.413274,-3.783274,-3.9132738,-2.9032738,-0.6932739,-0.52327394,-0.9832739,-0.39327392,0.5067261,0.7067261,-1.6932739,-2.013274,-0.44327393,-1.1832739,-4.543274,-1.513274,-0.44327393,1.376726,3.436726,2.176726,3.3367262,1.2867261,4.376726,4.206726,4.626726,4.896726,2.676726,1.606726,2.5967262,-2.5932739,0.7067261,-1.503274,-0.9232739,-2.703274
