static/data/gfs.t00z.pgrb2.1p00.f18.json
{"header": {"discipline":0,"disciplineName":"Meteorological products","gribEdition":2,"gribLength":81175,"center":7,"centerName":"US National Weather Service - NCEP(WMC)","subcenter":0,"refTime":"2019-06-20T00:00:00.000Z","significanceOfRT":1,"significanceOfRTName":"Start of forecast","productStatus":0,"productStatusName":"Operational products","productType":1,"productTypeName":"Forecast products","productDefinitionTemplate":0,"productDefinitionTemplateName":"Analysis/forecast at horizontal level/layer at a point in time","parameterCategory":2,"parameterCategoryName":"Momentum","parameterNumber":3,"parameterNumberName":"V-component_of_wind","parameterUnit":"m.s-1","genProcessType":2,"genProcessTypeName":"Forecast","forecastTime":27,"surface1Type":100,"surface1TypeName":"Isobaric surface","surface1Value":100000.0,"surface2Type":255,"surface2TypeName":"Missing","surface2Value":0.0,"gridDefinitionTemplate":0,"gridDefinitionTemplateName":"Latitude_Longitude","numberPoints":65160,"shape":6,"shapeName":"Earth spherical with radius of 6,371,229.0 m","gridUnits":"degrees","resolution":48,"winds":"true","scanMode":0,"nx":360,"ny":181,"basicAngle":0,"lo1":0.0,"la1":90.0,"lo2":359.0,"la2":-90.0,"dx":1.0,"dy":1.0}, "data":
[rows 104 to 129 of 181, columns 295 to 353 of 360]
2.994785,2.9347851,2.1247852,1.3347851,1.1047852,1.0847851,2.5847852,3.6247852,2.8347852,2.4247851,0.67478514,2.1147852,2.0447853,3.254785,2.964785,1.8047851,1.1847851,0.78478515,0.6247852,2.9347851,1.7947851,1.7147851,1.9847852,0.78478515,-0.83521485,0.40478516,3.254785,4.564785,2.9047852,4.144785,-1.5452149,-0.38521484,0.39478517,1.0547851,2.3747852,2.3147852,2.3847852,-1.1852149,-0.75521487,0.9447852,-0.28521484,1.0747851,0.53478515,0.99478513,1.5247852,1.7847852,2.264785,2.6247852,2.504785,3.1347852,3.6347852,3.964785,4.734785,4.374785,4.604785,4.644785,4.0547853,5.024785,5.774785
2.6247852,2.204785,2.0347853,1.4147851,1.9847852,1.3947852,-0.06521484,0.084785156,0.42478517,1.4747852,3.1147852,2.734785,2.254785,2.944785,3.1047852,3.2947853,2.1447852,-0.54521483,1.8647852,2.704785,2.6547852,2.734785,1.0147852,1.7247852,2.4147851,0.32478514,5.2847853,1.6247852,1.6047852,2.494785,2.254785,0.58478516,0.5747852,-0.06521484,0.18478516,-0.31521484,-0.045214843,0.73478514,-2.3852148,-1.5752149,-0.8652148,-0.63521487,-1.4252149,0.23478515,0.89478517,1.8347851,2.3247852,2.204785,1.8447852,2.0447853,2.5447853,4.084785,4.4147854,5.2247853,4.734785,4.9947853,5.094785,4.854785,5.694785
1.9547851,1.9547851,1.8547852,1.9647851,1.8247851,1.8647852,-0.44521484,1.4547851,-0.045214843,0.70478517,0.31478515,-0.10521484,2.8947852,4.694785,2.744785,3.9047852,1.8747852,0.30478516,1.8147851,1.3947852,1.6447852,2.504785,2.494785,0.98478514,0.72478515,0.95478517,4.074785,6.584785,7.234785,3.6447852,1.0347852,0.5147852,-0.13521485,1.5847851,-0.8652148,-1.1952149,1.4747852,-1.7952149,-0.70521486,-0.18521485,-2.4252148,-1.4852148,-0.32521483,-0.21521485,-1.3152149,-0.9352148,0.41478515,0.6247852,0.7647852,1.3947852,2.504785,3.254785,3.494785,3.9247851,5.364785,4.854785,4.564785,5.374785,5.674785
0.79478514,1.0447851,0.8747852,-0.23521484,-0.6152148,1.7247852,1.8647852,1.1347852,2.214785,-0.07521484,1.3647852,1.4747852,2.204785,2.1147852,3.254785,1.9847852,1.2647852,1.2847852,1.1947851,1.1947851,2.5847852,1.9547851,1.6247852,1.5847851,0.98478514,0.60478514,4.6847854,6.0147853,7.2847853,7.2847853,7.2447853,-1.3252149,-0.35521483,-0.33521485,2.7947853,-5.4452147,-0.6152148,-0.79521483,0.28478515,-2.1352148,-4.135215,-2.3652148,-1.2952149,-3.8952148,0.5747852,-3.295215,-0.29521483,-0.94521487,-1.0852149,-0.44521484,0.32478514,2.6547852,4.124785,2.274785,4.074785,4.814785,4.984785,5.444785,6.174785
0.10478516,-0.84521484,-1.2252148,-0.43521485,-0.035214845,1.4847852,0.094785154,2.694785,2.524785,1.7447852,0.52478516,0.32478514,1.4247851,2.0847852,2.224785,2.0747852,1.0747851,1.3747852,1.9847852,2.9247851,2.1447852,0.77478516,1.5847851,-0.5652149,1.1647851,0.47478515,2.3447852,4.584785,6.384785,6.6847854,6.7847853,3.3747852,-0.26521483,-0.12521484,2.1147852,3.1647851,-1.6152148,-1.6852149,0.16478516,2.274785,-0.88521487,0.124785155,1.1547852,0.52478516,0.78478515,0.91478515,1.1847851,3.6847851,-4.225215,-1.5552149,-1.4952148,2.744785,5.464785,2.504785,3.6247852,3.204785,3.5847852,5.2647853,6.274785
-0.47521484,-0.72521484,-0.57521486,-1.1652149,-1.1752149,-1.3252149,0.9347851,0.5147852,3.8547852,0.5047852,0.10478516,0.31478515,0.36478516,0.53478515,1.0847851,2.014785,1.4047852,0.96478516,0.38478515,2.264785,0.8747852,1.1147852,-0.28521484,0.15478516,-0.5652149,1.7147851,1.6247852,3.204785,4.214785,5.084785,5.394785,5.214785,3.244785,1.3247851,1.9447851,2.724785,0.97478515,-0.17521484,-1.4952148,0.07478516,0.20478515,0.14478515,0.47478515,0.5647852,-0.16521484,-0.6252148,-0.085214846,0.73478514,1.4147851,2.1547852,2.8047853,3.254785,3.974785,4.404785,5.7847853,2.264785,2.014785,3.4247851,4.8047853
-0.70521486,-1.3852148,-2.1452148,-2.735215,-1.9052148,-0.70521486,0.13478516,2.5647852,2.3547852,1.1547852,-0.90521485,0.58478516,0.20478515,0.27478516,0.44478515,1.8447852,0.40478516,-1.4452149,0.07478516,1.3847852,2.5647852,1.4247851,1.2747852,0.85478514,2.464785,0.17478515,0.84478515,1.0047852,0.86478513,2.3447852,3.1547852,3.5647852,4.614785,2.484785,-0.9852148,0.73478514,1.4347851,-0.64521486,-2.1052148,-1.8552148,-1.5452149,-0.6152148,-0.49521485,-0.58521485,-0.39521486,-1.1052148,-0.88521487,-0.10521484,0.32478514,0.60478514,1.6647851,2.694785,3.524785,3.9347851,4.574785,6.2047853,7.5347853,5.504785,4.5347853
-0.33521485,-1.3452148,-2.725215,-2.6352148,-2.3952148,-0.64521486,0.0047851563,2.0847852,0.71478516,1.5547851,2.0547853,-0.17521484,0.43478516,0.92478514,1.2147851,1.3947852,2.1247852,1.0947852,0.6847851,0.48478517,0.6347852,3.524785,2.0747852,-2.1852148,2.3947852,-0.5652149,-0.40521485,-0.63521487,-1.1152148,-0.6252148,0.07478516,0.024785155,1.6547852,3.224785,3.4147851,0.18478516,0.10478516,-0.95521486,-0.59521484,-2.015215,-2.025215,-1.2152148,-1.1252148,-3.725215,-3.1852148,-3.6152148,-2.9052148,-1.1852149,-0.63521487,-0.07521484,0.55478513,1.0147852,3.1447852,3.2847853,3.264785,3.2947853,4.884785,6.294785,6.594785
-0.41521484,-1.2052149,-3.3952148,-2.495215,-2.555215,-1.2052149,0.5647852,-0.055214845,-1.2752148,-0.34521484,0.67478514,0.95478517,0.6347852,1.3547852,1.1147852,1.4747852,4.084785,3.484785,0.84478515,1.5547851,0.85478514,1.1247852,0.89478517,1.3147851,5.9147854,3.1847851,1.7147851,-0.70521486,-2.4452147,-1.8152149,-1.4052148,-2.235215,-0.88521487,-0.6752148,-0.50521487,-1.7452148,-2.1552148,-3.0852149,-2.5952148,-4.015215,-3.1552148,-3.1252148,-2.795215,0.22478515,-4.095215,0.014785157,0.46478516,0.90478516,1.4747852,-0.005214844,-0.37521484,0.38478515,1.6347852,3.1047852,2.234785,3.8947852,4.544785,5.2047853,6.0547853
0.47478515,-0.6752148,-2.515215,-1.6252148,-2.4652147,-1.5652149,-0.8152149,0.20478515,-0.78521484,-0.9852148,-0.40521485,0.21478516,0.15478516,0.61478513,1.6047852,0.9347851,2.264785,3.984785,3.004785,1.2147851,1.6647851,2.2947853,7.1647854,9.724785,10.994785,6.044785,4.644785,3.4047852,-1.1952149,-3.4352148,-2.6052148,-1.6452148,-0.53521484,-1.1752149,-0.31521484,-2.4152148,-3.265215,-3.7152147,-4.7952147,-4.535215,-3.475215,-3.4352148,-4.2352147,-2.7152147,-1.7052149,-1.4652148,-3.555215,-2.3352149,-1.1252148,0.39478517,0.46478516,1.8647852,3.244785,3.6147852,4.084785,4.4547853,5.2247853,6.094785,6.924785
-0.17521484,-1.3952148,-2.4052148,-3.285215,-1.8052149,-2.1252148,-1.3352149,0.7547852,-1.6152148,-0.46521485,-0.57521486,0.61478513,0.25478515,0.86478513,-0.31521484,0.27478516,2.194785,2.744785,1.3647852,1.4547851,3.4047852,6.064785,7.344785,8.524785,8.984785,9.344785,10.374785,5.0547853,3.2947853,-4.665215,-3.9152148,-3.1352148,-2.5652149,-0.90521485,-0.89521486,-0.9352148,-3.3652148,-3.3252149,-5.935215,-7.885215,-4.555215,-4.575215,-2.2152147,-2.255215,-2.8252149,-2.1452148,-2.1052148,-2.4252148,1.5447851,1.3847852,1.4147851,1.7547852,2.3147852,3.024785,3.204785,3.3947852,3.954785,4.7447853,5.604785
-1.3052149,-4.4452147,-4.0052147,-2.3852148,-1.4652148,-1.0452149,-0.9952148,-1.5052148,0.07478516,-0.8652148,-0.77521485,-0.18521485,0.46478516,0.13478516,1.4047852,-1.7652148,0.37478516,1.6147852,3.1547852,4.354785,6.6647854,7.374785,7.714785,7.604785,8.034785,8.2947855,9.214786,9.514785,9.374785,0.15478516,-5.0852146,-5.3352146,-4.535215,-3.765215,-1.7752148,0.27478516,-3.8752148,-0.005214844,-7.5252147,-8.525215,-5.905215,-3.9452147,-3.555215,-4.7152147,-2.8452148,-3.3552148,-4.375215,-2.015215,0.014785157,1.4947852,-0.10521484,1.3947852,1.7847852,1.3847852,2.474785,2.3447852,3.0447853,3.7847853,4.574785
-3.025215,-5.725215,-2.725215,-2.755215,-1.2152148,-1.8652148,-1.8152149,-0.36521485,-0.07521484,-1.2852149,0.36478516,0.024785155,0.97478515,0.84478515,-0.43521485,-0.19521484,-0.23521484,3.214785,3.9347851,4.8047853,4.854785,5.714785,6.544785,7.0147853,7.754785,8.074785,7.844785,8.014785,8.994785,10.074785,0.44478515,-5.605215,-6.785215,-6.3152146,-5.125215,-2.285215,-3.555215,-5.455215,-6.185215,-8.875215,-7.825215,-6.475215,-4.7152147,-4.5452147,-5.015215,-2.1452148,-1.7352148,-1.4752148,-1.9652148,-1.7152148,-1.5052148,-0.49521485,0.5647852,0.91478515,0.8747852,1.3147851,1.8647852,4.0147853,6.2247853
-2.1852148,-4.2952147,-3.015215,-2.9652147,-3.235215,-2.6452148,-2.055215,-0.95521486,-0.57521486,-0.5652149,0.5647852,-0.48521483,-0.66521484,-1.9952148,-1.0052148,0.034785155,1.2347852,3.8447852,3.714785,3.9347851,5.574785,6.674785,6.624785,6.984785,7.1847854,7.464785,8.604785,7.944785,8.484785,8.474785,8.024785,-0.49521485,-6.9852147,-7.2752147,-6.5652146,-6.0252147,-4.895215,-6.595215,-7.685215,-8.9552145,-9.475215,-8.345215,-6.635215,-6.0852146,-5.055215,-5.435215,-4.265215,-4.9852147,-2.6052148,-3.4252148,-2.485215,-1.6352148,-1.0452149,-0.28521484,1.3947852,4.344785,4.884785,5.7647853,5.9947853
-6.2152147,-3.5852149,-3.5652149,-5.375215,-4.635215,-4.115215,-3.785215,-1.8852148,-0.82521486,-0.23521484,-0.24521485,-0.96521485,-0.30521485,-0.055214845,-0.83521485,-1.1652149,-1.4852148,1.5347852,3.2947853,4.504785,5.4547853,7.1847854,7.084785,7.864785,7.984785,8.284785,8.754786,9.024785,9.154785,8.614785,7.884785,7.074785,-3.9652147,-8.435215,-8.855215,-8.295215,-7.265215,-5.875215,-9.315215,-9.235215,-9.585215,-9.485215,-9.785214,-8.795215,-8.825214,-6.5452147,-6.875215,-5.345215,-4.665215,-3.755215,-3.5752149,-2.4152148,-0.19521484,2.274785,3.244785,3.274785,3.3147852,3.714785,4.5347853
-6.875215,-2.7152147,-4.7552147,-5.935215,-5.855215,-5.515215,-4.595215,-3.2152147,-2.3952148,-2.1352148,-0.65521485,-1.2752148,-0.24521485,-0.8652148,-0.72521484,-1.1352148,-1.3252149,0.70478517,1.9447851,3.4347851,5.074785,6.004785,7.294785,7.9147854,8.274785,8.284785,8.674786,8.464786,8.334785,8.034785,8.154785,7.254785,5.0547853,-1.9852148,-10.605215,-10.715215,-10.515215,-8.665215,-8.635215,-10.9552145,-11.005215,-10.055215,-10.965215,-10.585215,-9.045215,-8.2052145,-8.815215,-7.615215,-7.395215,-5.975215,-3.6152148,-0.79521483,-0.13521485,0.07478516,0.094785154,0.6247852,1.4347851,2.524785,4.0347853
-5.745215,-4.0052147,-5.5852146,-5.8152146,-5.895215,-6.665215,-6.3352146,-5.385215,-3.785215,-1.0152148,-1.3852148,-0.60521483,-1.5152148,0.5747852,-0.37521484,-3.8952148,-1.4052148,0.20478515,1.0947852,2.974785,4.374785,5.324785,6.624785,8.0447855,8.984785,9.514785,9.324785,9.724785,9.164785,7.824785,6.9347854,7.0147853,5.364785,5.844785,8.164785,-13.275215,-12.115215,-11.305215,-9.725215,-11.115215,-11.595215,-11.335215,-13.855215,-11.255215,-10.395215,-8.465215,-8.655215,-8.685215,-7.425215,-7.345215,-5.0852146,-2.805215,-2.6952147,-2.9352148,-1.8952148,-0.97521484,0.14478515,2.274785,2.8247852
-3.8452148,-5.145215,-5.5452147,-5.955215,-7.885215,-7.5852146,-7.0452147,-6.305215,-4.625215,-2.4152148,-1.7852149,-1.6152148,-0.14521484,-2.4652147,-1.1352148,-1.4552149,-0.49521485,0.33478516,1.0647851,3.194785,4.324785,5.5147853,6.4147854,7.404785,8.7947855,9.084785,9.094785,9.344785,9.854785,9.504786,8.804785,6.624785,6.274785,3.8847852,1.6147852,-6.605215,-14.085215,-12.965215,-12.405215,-11.965215,-12.915215,-13.495214,-13.445215,-11.215215,-10.055215,-9.675215,-9.335215,-9.785214,-11.2052145,-8.275215,-5.185215,-5.435215,-4.685215,-4.655215,-3.8852148,-2.6252148,-0.49521485,0.5747852,1.4247851
-1.8252149,-8.255215,-6.125215,-6.305215,-8.665215,-6.635215,-7.015215,-7.325215,-4.535215,-3.525215,-2.975215,-2.1352148,-2.3252149,-2.045215,-0.40521485,0.0047851563,-0.19521484,0.8147852,1.0547851,2.1047852,3.8247852,5.324785,5.254785,6.844785,7.524785,7.8047853,9.0447855,9.584785,10.224785,10.324785,9.594785,8.024785,5.094785,4.7447853,1.5347852,-3.045215,-12.435215,-14.425215,-14.015215,-13.675215,-13.625215,-14.185215,-12.385215,-12.005215,-12.145215,-11.095215,-10.845215,-12.105215,-10.835215,-8.255215,-7.925215,-7.2952147,-7.225215,-6.185215,-5.135215,-3.4452147,-1.7452148,-0.78521484,1.1747851
-6.5452147,-9.725215,-7.375215,-7.975215,-8.065215,-8.185215,-7.455215,-5.895215,-4.925215,-4.5252147,-2.785215,-3.975215,-4.1952147,-2.1752148,-1.2452148,-1.2752148,-0.20521484,0.48478517,1.8847852,2.484785,2.7947853,3.7847853,5.124785,6.104785,7.0547853,7.984785,9.124785,10.224785,9.894785,10.824785,10.674786,9.334785,6.9147854,3.0647852,1.9847852,-0.38521484,-2.755215,-13.255215,-14.685215,-14.915215,-14.7052145,-15.7052145,-15.165215,-13.155215,-14.7052145,-13.735215,-10.9552145,-10.745214,-12.175215,-9.385215,-9.745214,-9.715215,-8.785214,-7.575215,-5.925215,-3.8352149,-3.6352148,-1.8252149,0.024785155
-6.185215,-7.7752147,-7.725215,-8.125215,-8.745214,-9.425215,-8.575214,-7.825215,-5.325215,-5.7952147,-2.1952147,-4.725215,-4.4652147,-2.6852148,-1.5552149,-0.89521486,-0.12521484,0.55478513,1.5647851,1.1147852,1.5447851,2.6147852,3.964785,5.6847854,7.144785,8.394785,9.454785,9.944785,10.2947855,10.024785,11.534785,10.284785,8.454785,3.4147851,0.5647852,-1.3352149,-5.135215,-3.1752148,-17.115215,-16.475214,-16.185215,-16.595215,-17.415215,-15.945215,-15.025215,-13.765215,-12.355215,-13.345215,-12.305215,-11.565215,-10.945215,-10.675215,-10.155215,-8.605215,-6.705215,-5.9652147,-4.1952147,-2.6552148,-0.53521484
-4.325215,-7.205215,-5.765215,-8.245214,-9.305215,-9.125215,-9.075214,-7.955215,-7.7152147,-6.205215,-5.4652147,-5.5452147,-3.755215,-1.2352148,-0.055214845,-0.15521485,0.5147852,1.0547851,1.2147851,0.9447852,1.5147852,2.484785,3.5947852,5.1847854,6.5547853,7.9947853,9.174786,9.7947855,9.814785,10.554785,11.644785,11.444785,10.354785,6.084785,0.44478515,-1.2952149,-4.0452147,-6.895215,-4.9652147,-17.175215,-17.715216,-17.705215,-18.675215,-16.295216,-16.075214,-14.515215,-13.105215,-17.135216,-14.165215,-13.005215,-12.655215,-12.015215,-10.505215,-9.655215,-8.825214,-7.0852146,-5.455215,-3.1052148,-1.0552149
-5.125215,-5.305215,-5.8152146,-7.875215,-8.185215,-9.145215,-9.405215,-9.995214,-8.605215,-7.725215,-6.2352147,-5.0452147,-2.0752149,0.35478514,0.58478516,0.99478513,1.2447852,1.8647852,1.6747851,2.1447852,2.5447853,2.6647851,4.234785,5.214785,6.394785,7.694785,7.464785,8.844785,8.644785,9.414785,9.814785,11.534785,11.314785,9.474785,3.484785,-1.4452149,-4.805215,-6.785215,-10.585215,-16.175215,-15.815215,-19.115215,-19.185215,-18.995214,-17.675215,-15.365215,-13.115215,-17.415215,-15.655215,-14.235215,-13.965215,-13.145215,-11.925215,-10.785214,-10.035214,-8.765215,-6.9452147,-4.2752147,-2.485215
-7.595215,-6.365215,-6.615215,-6.7952147,-5.805215,-5.225215,-6.7752147,-9.495214,-8.685215,-8.495214,-7.475215,-5.4652147,-1.1352148,0.80478513,1.0247852,1.7147851,2.0347853,1.9347851,2.0347853,2.1847851,2.6047852,3.9047852,4.9147854,6.324785,6.5547853,6.674785,8.024785,8.474785,9.664785,10.004786,9.604785,9.654785,10.884785,10.934785,6.614785,0.8747852,-3.6352148,-4.7552147,-9.005215,-12.375215,-16.995214,-18.635216,-20.005215,-18.455215,-19.185215,-17.115215,-15.105215,-18.295216,-17.315214,-15.425215,-14.875215,-14.225215,-12.975215,-12.2052145,-11.105215,-9.625215,-7.855215,-6.105215,-3.975215
-7.7952147,-9.175215,-8.865215,-7.455215,-8.685215,-7.325215,-8.065215,-8.655215,-10.115215,-8.605215,-7.3352146,-4.6952147,-1.3352149,0.84478515,1.8247851,2.0647852,2.004785,1.4047852,2.194785,2.764785,3.6047852,4.354785,4.9747853,4.894785,5.524785,6.254785,7.364785,8.434785,9.584785,8.844785,9.904785,9.974785,8.804785,10.024785,8.554785,2.8847852,-0.79521483,-3.5652149,-6.875215,-12.315215,-16.345215,-20.525215,-20.545216,-19.795216,-19.705215,-18.955215,-17.255215,-18.435215,-18.245214,-16.695215,-16.245214,-15.405215,-14.005215,-12.975215,-11.945215,-10.865215,-8.735215,-6.885215,-5.0852146
-6.015215,-6.625215,-10.615215,-11.145215,-11.935215,-12.145215,-11.145215,-11.565215,-11.095215,-10.195215,-8.065215,-4.825215,-1.8852148,0.044785157,1.9547851,2.474785,2.8047853,3.444785,3.0547853,4.004785,4.604785,5.254785,5.484785,4.824785,5.104785,5.7847853,6.9947853,7.4747853,8.034785,8.934785,9.324785,9.834785,9.574785,8.434785,9.574785,7.794785,1.3847852,-2.235215,-5.675215,-9.015215,-13.735215,-16.375216,-21.525215,-20.825214,-20.575214,-20.695215,-18.105215,-20.405214,-18.685215,-17.945215,-17.255215,-16.295216,-15.325214,-14.735215,-12.905215,-11.475215,-9.915215,-8.505215,-6.575215
