static/data/gfs.t00z.pgrb2.1p00.f22.json
{"header": {"discipline":0,"disciplineName":"Meteorological products","gribEdition":2,"gribLength":80735,"center":7,"centerName":"US National Weather Service - NCEP(WMC)","subcenter":0,"refTime":"2019-06-20T00:00:00.000Z","significanceOfRT":1,"significanceOfRTName":"Start of forecast","productStatus":0,"productStatusName":"Operational products","productType":1,"productTypeName":"Forecast products","productDefinitionTemplate":0,"productDefinitionTemplateName":"Analysis/forecast at horizontal level/layer at a point in time","parameterCategory":2,"parameterCategoryName":"Momentum","parameterNumber":2,"parameterNumberName":"U-component_of_wind","parameterUnit":"m.s-1","genProcessType":2,"genProcessTypeName":"Forecast","forecastTime":33,"surface1Type":100,"surface1TypeName":"Isobaric surface","surface1Value":100000.0,"surface2Type":255,"surface2TypeName":"Missing","surface2Value":0.0,"gridDefinitionTemplate":0,"gridDefinitionTemplateName":"Latitude_Longitude","numberPoints":65160,"shape":6,"shapeName":"Earth spherical with radius of 6,371,229.0 m","gridUnits":"degrees","resolution":48,"winds":"true","scanMode":0,"nx":360,"ny":181,"basicAngle":0,"lo1":0.0,"la1":90.0,"lo2":359.0,"la2":-90.0,"dx":1.0,"dy":1.0}, "data":
[rows 104 to 129 of 181, columns 116 to 173 of 360]
-9.639192,-10.519192,-9.709192,-9.669192,-9.739192,-9.709192,-9.549191,-9.029192,-9.339191,-8.789192,-9.299191,-7.2891917,-5.8291917,-1.5291919,-4.939192,-3.8891919,-2.8891919,-3.6991918,-4.819192,-3.249192,-5.4991918,-6.169192,-6.609192,-4.799192,-1.2091919,1.5908082,-2.359192,-3.509192,-12.769192,-9.059192,-7.2891917,-7.179192,-7.109192,-7.679192,-7.7491918,-7.909192,-7.5591917,-7.969192,-8.229192,-7.969192,-7.139192,-7.3491917,-7.5791917,-8.139192,-9.0091915,-8.979192,-7.949192,-8.389192,-12.119192,-10.069192,-10.469192,-9.189192,-8.219192,-8.589191,-7.9991918,-6.989192,-8.229192,-7.529192
-8.539192,-10.409192,-10.039192,-9.939192,-9.599192,-9.399192,-8.809192,-7.089192,-3.839192,-6.7491918,-5.009192,-5.5591917,-4.689192,-5.679192,-2.029192,-3.2091918,-3.369192,-3.299192,-4.569192,-7.3491917,-9.049191,-8.2591915,-6.859192,-5.179192,-1.8491919,2.510808,1.8608081,-1.8691919,-7.949192,-4.3091917,-7.129192,-6.069192,-6.819192,-7.479192,-7.689192,-7.0991917,-6.3291917,-6.979192,-6.2691917,-6.299192,-6.399192,-7.089192,-6.949192,-7.5591917,-7.209192,-7.679192,-8.439192,-8.279192,-7.699192,-4.949192,-0.88919187,-4.089192,-8.679192,-9.119192,-8.609192,-8.339191,-6.819192,-6.429192
-7.739192,-9.169192,-9.389192,-9.579192,-9.659192,-8.769192,-6.119192,-1.9991919,2.980808,-3.819192,-6.089192,-5.939192,-5.0591917,-4.109192,-5.459192,-3.559192,-4.529192,-3.1491919,-3.1691918,-4.0991917,-4.129192,-7.679192,-9.329192,-6.2891917,-1.8391919,4.270808,-1.7191919,0.6708081,0.9808081,-3.609192,-7.129192,-6.0991917,-4.709192,-6.219192,-6.959192,-6.159192,-5.799192,-5.179192,-5.009192,-4.409192,-5.259192,-6.0791917,-6.909192,-7.219192,-7.2491918,-7.669192,-7.969192,-8.179192,-8.599192,-9.179192,-9.359192,-7.199192,-8.549191,-8.499192,-7.439192,-6.969192,-7.659192,-5.8091917
-7.089192,-7.439192,-8.049191,-7.899192,-8.119192,-5.689192,-2.3991919,-5.189192,-7.4991918,-4.879192,-4.969192,-5.699192,-5.8491917,-5.509192,-6.369192,-4.2891917,-4.8491917,-4.629192,-3.999192,-2.9791918,-3.4391918,-3.9091918,-3.259192,-5.629192,-4.9991918,-2.1991918,1.5608081,-1.9091918,1.4908081,-3.259192,-4.109192,-5.0391917,-5.359192,-4.869192,-4.509192,-4.389192,-4.3091917,-4.389192,-3.849192,-3.6591918,-4.369192,-4.959192,-5.219192,-6.189192,-6.609192,-6.0591917,-8.079192,-7.9991918,-7.859192,-8.319192,-9.269192,-9.869192,-8.839191,-7.5791917,-7.889192,-7.319192,-7.0191917,-6.5191917
-6.8491917,-6.709192,-5.839192,-7.179192,-5.8291917,-3.3791919,-10.069192,-7.189192,-7.3291917,-5.549192,-5.3091917,-5.719192,-5.619192,-6.189192,-6.209192,-4.739192,-4.759192,-4.7691917,-4.3091917,-4.149192,-2.999192,-5.109192,-4.729192,-5.169192,-5.4991918,-4.489192,-0.3291919,0.9108081,-5.069192,-2.6291919,-0.5691919,-5.159192,-4.9991918,-5.759192,-5.0391917,-4.7691917,-3.869192,-3.609192,-3.809192,-3.859192,-4.069192,-3.259192,-4.069192,-5.439192,-5.149192,-5.8091917,-6.719192,-8.0091915,-6.9991918,-8.149192,-7.589192,-8.489192,-9.419192,-8.399192,-7.669192,-7.429192,-6.889192,-6.169192
-6.7891917,-6.689192,-6.419192,-8.189192,-4.279192,-1.0791919,-6.479192,-6.739192,-6.179192,-6.0191917,-5.619192,-5.479192,-5.419192,-5.839192,-5.639192,-4.739192,-4.5391917,-4.879192,-5.3091917,-4.779192,-4.399192,-3.2091918,-2.249192,-3.9791918,-5.199192,-5.0991917,-3.069192,-2.1791918,-5.2891917,-3.599192,-2.109192,-4.619192,-5.919192,-5.5591917,-3.6291919,-3.859192,-4.739192,-3.509192,-4.659192,-3.569192,-2.9291918,-2.529192,-4.449192,-5.2491918,-5.229192,-5.859192,-6.3291917,-6.529192,-6.859192,-6.049192,-6.799192,-7.0391917,-8.349192,-7.569192,-6.979192,-7.159192,-6.5591917,-6.029192
-7.279192,-6.149192,-7.779192,-7.649192,-1.549192,-5.229192,-6.0391917,-5.5191917,-6.159192,-5.359192,-5.689192,-5.729192,-5.569192,-5.549192,-5.7491918,-5.669192,-4.629192,-5.4991918,-5.569192,-4.799192,-4.609192,-3.579192,-2.9391918,-3.509192,-4.009192,-4.0391917,-3.349192,-3.6991918,-3.1891918,-2.4691918,-2.249192,0.6208081,-0.9891919,-6.129192,-2.989192,-3.009192,-4.119192,-3.4491918,-2.759192,-3.029192,-2.559192,-2.059192,-3.3891919,-4.659192,-6.199192,-5.2891917,-4.2891917,-4.3091917,-3.6891918,-6.279192,-5.459192,-5.2891917,-7.149192,-6.939192,-5.9991918,-5.819192,-5.799192,-5.469192
-7.659192,-5.389192,-4.609192,-4.409192,-4.109192,-3.9091918,-4.3291917,-5.2491918,-6.109192,-5.609192,-5.7891917,-5.919192,-5.489192,-5.239192,-5.3491917,-5.239192,-5.5591917,-5.689192,-6.0391917,-5.729192,-4.2691917,-4.319192,-3.1291919,-3.349192,-3.4691918,-3.039192,-2.489192,-3.9391918,-3.1991918,-0.8591919,-1.059192,-2.6391919,-2.1391919,1.440808,-2.3891919,-2.6791918,-2.1791918,-0.6891919,0.0808081,-0.7691919,-1.8191919,-0.9091919,-2.329192,-5.0191917,-6.419192,-4.389192,-3.829192,-2.6691918,-4.759192,0.0808081,-4.399192,-4.409192,-5.859192,-5.139192,-5.0791917,-4.949192,-4.919192,-5.369192
-4.449192,-7.8091917,-5.229192,-4.629192,-4.779192,-1.7291919,-3.8891919,-4.589192,-5.8491917,-5.839192,-5.459192,-5.7891917,-5.139192,-3.8991919,-5.169192,-4.619192,-5.569192,-6.119192,-5.369192,-5.369192,-3.8891919,-3.4791918,-3.569192,-3.4291918,-2.529192,-3.369192,-3.1691918,-2.9191918,-1.809192,-0.4091919,-1.0691919,-3.059192,-2.829192,-0.7291919,0.3708081,-2.339192,-1.9191918,-0.9391919,-2.9191918,-0.1991919,-0.3791919,-0.9791919,-0.63919187,-3.4791918,-4.279192,-3.579192,-4.429192,-4.3291917,-5.549192,-5.679192,-3.589192,-2.009192,-4.5791917,-5.5191917,-4.3291917,-4.549192,-4.439192,-4.529192
-0.08919189,-3.499192,-3.6391919,-4.049192,-2.8891919,-2.809192,-0.1391919,-3.1891918,-4.719192,-5.219192,-5.5191917,-5.149192,-5.279192,-4.979192,-5.149192,-4.549192,-5.129192,-4.8491917,-6.0391917,-4.949192,-4.179192,-3.4691918,-2.9791918,-4.639192,-3.6991918,-2.4591918,-3.029192,-2.7091918,-2.029192,-0.4591919,-0.07919189,-0.6691919,-4.549192,-3.1791918,0.6908081,2.3108082,-1.559192,-0.7991919,-0.3191919,0.2808081,0.2108081,1.3308082,-0.029191894,-0.6891919,-1.5191919,-2.539192,-3.579192,-3.4391918,-4.049192,-4.899192,-4.949192,-5.779192,-4.729192,-4.979192,-4.2691917,-3.9491918,-4.219192,-3.779192
0.5208081,-1.9091918,-2.019192,-4.699192,-2.049192,-2.109192,0.5008081,2.7908082,-3.4091918,-5.759192,-4.589192,-5.659192,-5.459192,-4.689192,-3.739192,-5.2691917,-5.279192,-5.399192,-5.2891917,-4.779192,-4.029192,-3.3791919,-4.869192,-6.069192,-4.779192,-4.0191917,-2.9491918,-1.3891919,-2.059192,-1.7391919,-1.929192,-0.7991919,-7.0591917,-2.059192,0.6708081,1.8708081,2.250808,-0.9991919,-1.6491919,0.8708081,2.6108081,3.0408082,2.6108081,3.730808,2.0508082,-0.5291919,-2.349192,-3.249192,-3.9291918,-3.599192,-3.089192,-3.749192,-3.3891919,-3.349192,-3.339192,-3.339192,-3.869192,-4.0191917
0.55080813,2.5908082,0.3308081,0.23080811,-0.3291919,-0.3591919,2.0508082,3.0208082,-2.6991918,-2.9191918,-4.739192,-3.519192,-5.679192,-4.8291917,-4.339192,-5.069192,-5.229192,-5.239192,-4.689192,-4.8491917,-4.439192,-5.909192,-5.8491917,-6.089192,-6.2891917,-4.8091917,-3.099192,-3.339192,-1.8391919,-2.849192,-2.109192,-1.1291919,-0.5791919,0.44080812,0.7908081,1.8908081,4.620808,-2.6991918,-1.809192,-2.7291918,0.9608081,2.480808,0.1608081,0.9008081,0.110808104,-0.7891919,-0.8191919,-1.9091918,-2.9391918,-3.4491918,-3.1391919,-3.239192,-0.6291919,-3.1491919,-3.009192,-3.4491918,-3.4491918,-3.2091918
4.380808,3.1108081,1.3608081,0.060808107,-0.17919189,0.38080812,1.5808082,0.9708081,-0.5291919,-3.599192,-3.3791919,-4.229192,-4.359192,-4.719192,-3.489192,-3.299192,-3.3791919,-4.779192,-4.0191917,-4.859192,-6.479192,-5.069192,-6.2691917,-6.979192,-5.939192,-5.359192,-4.0191917,-3.6591918,-1.8791919,-2.1691918,-1.1891919,-2.259192,-0.2491919,1.7308081,1.440808,1.9208081,1.6708081,3.140808,-0.23919189,-0.5991919,-0.12919189,3.960808,4.5008082,1.9808081,1.6308081,1.8908081,0.6508081,-1.3191919,0.3608081,-1.3591919,-2.339192,-2.9291918,-3.369192,-1.6591918,-2.8791919,-4.339192,-3.8891919,-3.739192
3.740808,3.0708082,0.2608081,2.1108081,-0.8491919,2.230808,5.010808,-0.6791919,1.8908081,-1.5691919,-1.799192,-3.509192,-4.359192,-4.0991917,-3.579192,-2.7291918,-5.229192,-4.889192,-4.139192,-4.109192,-6.3291917,-4.709192,-6.0791917,-6.779192,-6.389192,-6.229192,-3.9091918,-3.8991919,-2.089192,-1.679192,-1.799192,-0.7791919,1.5308081,2.3408082,3.2708082,2.5608082,3.5808082,5.840808,-2.839192,-1.2091919,-0.2691919,4.200808,4.6508083,0.8308081,0.1708081,-0.1691919,-2.549192,-2.079192,-0.7091919,-0.2991919,-2.4691918,-2.279192,-1.3891919,-2.359192,-3.4491918,-3.1591918,-3.489192,-3.489192
3.5408082,4.320808,2.180808,3.220808,1.7208081,3.010808,4.930808,-0.20919189,-0.94919187,-0.029191894,-4.009192,-3.109192,-3.7191918,-3.2191918,-3.999192,-4.129192,-4.5391917,-3.999192,-4.369192,-4.0391917,-4.469192,-4.569192,-5.689192,-5.549192,-6.219192,-6.949192,-5.0191917,-3.4491918,-3.1791918,-1.3791919,0.050808106,0.060808107,1.200808,2.460808,3.200808,3.3008082,1.6608081,-0.029191894,-2.6291919,-0.069191895,-0.6691919,-0.5891919,-1.2691919,-4.479192,-6.939192,-3.6591918,-2.579192,-0.4091919,-0.9191919,-1.3691919,-0.07919189,-0.9691919,-0.6691919,-0.009191895,0.6908081,-0.4191919,-0.1991919,-1.5191919
4.260808,4.330808,4.240808,1.6708081,2.3108082,4.7308083,2.740808,-1.9391919,-2.329192,-0.4291919,-1.6491919,-3.769192,-3.2091918,-3.529192,-3.599192,-3.859192,-3.049192,-4.279192,-3.9591918,-3.779192,-4.239192,-3.2191918,-2.6891918,-7.149192,-4.3291917,-4.879192,-4.0191917,-3.8791919,-1.309192,0.7508081,1.4108081,-0.4891919,1.4108081,4.0008082,4.360808,2.940808,-1.2691919,-1.1991919,-0.7091919,2.0408082,1.5008081,-0.6791919,-2.539192,-4.5991917,-4.2891917,-4.259192,-0.069191895,1.2108082,1.440808,0.3608081,-2.869192,-5.0591917,0.3708081,-1.0291919,-2.009192,2.7908082,1.8708081,0.9808081
4.780808,4.830808,3.3208082,1.4708081,1.4708081,0.1208081,-0.2191919,-1.8491919,-4.419192,-5.379192,-4.319192,-4.5791917,-4.409192,-4.159192,-4.8291917,-3.249192,-3.849192,-3.039192,-3.259192,-2.609192,-3.1791918,-2.749192,-2.289192,-4.5591917,-2.839192,-4.299192,-3.299192,-2.029192,-0.3491919,0.6808081,0.8208081,-0.6091919,2.220808,2.950808,-0.3191919,-0.94919187,1.3708081,0.6908081,1.440808,1.690808,2.5908082,2.3108082,1.0808082,3.740808,1.3108081,0.7808081,-0.11919189,1.2508081,-2.4691918,-3.809192,-3.4691918,-4.119192,-6.0591917,-5.339192,-4.7891917,-3.6891918,-2.309192,-1.5091919
3.1108081,3.140808,2.5608082,3.5908082,-3.259192,-1.4991919,-2.099192,-2.599192,-7.8491917,-5.359192,-4.639192,-4.0791917,-4.839192,-5.049192,-4.0591917,-4.189192,-2.309192,-1.5391918,0.2208081,-1.2391919,-2.369192,-1.7791919,0.1908081,-3.7091918,-2.989192,-5.589192,-2.509192,-0.8791919,-0.5691919,0.2808081,0.1608081,0.8308081,0.5108081,0.5808081,-0.029191894,-0.11919189,0.61080813,4.580808,3.0208082,1.6508081,1.5408081,3.410808,5.700808,1.5608081,4.070808,1.5208081,0.7708081,2.7808082,-0.3291919,-0.6291919,-1.2591919,-1.9091918,-1.929192,-2.849192,-2.869192,-2.2191918,-0.5691919,1.5408081
2.680808,1.700808,0.18080811,-1.1491919,-2.4691918,-3.6891918,-3.4791918,-6.629192,-5.859192,-6.5391917,-8.059192,-7.9991918,-9.219192,-6.179192,-3.4791918,-1.7891918,0.5108081,0.3708081,1.1208081,0.010808106,-3.049192,-1.309192,0.7208081,-3.319192,-4.429192,-3.4691918,-1.6191919,-1.6691918,-0.7791919,-0.6291919,0.18080811,1.1108081,0.2608081,1.1708081,-0.8291919,-1.2891918,1.6808081,6.2508082,4.0008082,4.390808,3.5708082,2.8308082,4.060808,7.130808,7.030808,3.1108081,1.3808081,0.8808081,1.0608081,1.3608081,1.3108081,-1.5991919,-1.8891919,-1.8791919,-0.6591919,-0.2691919,-0.6891919,1.6308081
1.200808,-1.2491919,-1.5891919,-1.0991919,-4.339192,-3.109192,-4.319192,-5.609192,-5.279192,-10.599192,-9.239192,-8.139192,-5.439192,-3.1891918,-2.039192,0.9808081,3.1008081,4.620808,4.180808,3.8508081,1.9008081,-3.839192,8.0810545E-4,-2.339192,-5.029192,-3.4391918,-2.4691918,-1.2291919,-0.019191895,0.10080811,1.820808,1.5008081,0.6908081,0.15080811,0.61080813,-0.029191894,4.700808,4.890808,5.300808,5.880808,5.910808,5.560808,2.730808,5.870808,4.140808,2.3708081,3.2808082,4.310808,2.730808,2.3108082,-2.049192,-2.269192,-1.3291919,-0.8291919,-0.30919188,1.440808,1.9908081,2.3408082
0.5108081,-1.929192,-1.929192,-2.8991919,-7.409192,-9.349192,-10.369192,-9.719192,-10.939192,-10.229192,-7.259192,-5.949192,-3.249192,-4.169192,-0.6491919,-3.3891919,-2.759192,-0.2991919,1.320808,-2.1791918,-3.1691918,-6.3091917,0.1708081,-3.349192,-4.5191917,0.9908081,-2.279192,-0.1391919,0.8908081,2.000808,1.2708081,1.320808,0.4608081,-0.9391919,1.8808081,2.880808,3.940808,4.810808,4.390808,5.590808,5.770808,7.2308083,3.8008082,-5.639192,-6.629192,-3.539192,2.920808,4.430808,6.560808,-0.5791919,-0.2591919,-0.4591919,1.1208081,0.7508081,0.2408081,0.7808081,1.8608081,3.0908082
-1.2091919,-1.7391919,-5.379192,-10.209192,-11.709192,-11.829192,-11.129192,-10.609192,-11.219192,-7.589192,-6.939192,-5.279192,-2.009192,-6.179192,-6.3291917,-5.469192,-5.569192,-3.049192,-2.9291918,-1.9991919,-4.979192,-4.859192,-2.2291918,-0.9891919,-3.019192,-0.6791919,-1.2891918,0.8308081,0.7308081,3.650808,3.7808082,2.630808,2.0508082,-1.4791919,1.6008081,5.560808,4.380808,3.910808,5.4208083,3.8708081,4.180808,5.200808,3.760808,0.5108081,-1.0791919,-1.3191919,-0.8391919,1.0508081,-2.809192,-3.569192,-2.739192,-1.7591919,-0.7991919,-0.1891919,0.7308081,0.9908081,3.150808,1.2508081
-2.239192,-6.529192,-8.419192,-9.249192,-9.239192,-8.619192,-11.719192,-9.529192,-8.079192,-6.069192,-6.0991917,-4.909192,-8.719192,-9.219192,-8.139192,-7.049192,-6.119192,-5.909192,-4.369192,-3.2091918,-6.979192,-5.979192,-6.5191917,-5.889192,-3.4691918,-1.2491919,0.9408081,0.9808081,1.9208081,1.6808081,4.790808,-0.08919189,-0.5291919,1.4808081,2.640808,7.090808,3.140808,1.4808081,1.5108081,1.6508081,1.8908081,1.5108081,4.6708083,4.1908083,5.220808,3.0508082,2.900808,-2.849192,1.940808,-1.5191919,1.5808082,2.190808,0.4208081,1.4908081,2.440808,2.3208082,2.1108081,2.180808
-3.1991918,-6.8091917,-7.639192,-10.539192,-9.319192,-10.619192,-11.819192,-7.5791917,-6.429192,-6.219192,-5.569192,-9.129192,-9.829192,-8.629192,-7.589192,-6.949192,-6.5791917,-6.2691917,-6.719192,-7.2491918,-6.139192,-6.439192,-6.3091917,-5.159192,-2.9591918,-1.4691919,0.8208081,0.61080813,1.1708081,0.9508081,1.1008081,-1.309192,-0.049191896,1.9608082,6.470808,4.2508082,2.970808,1.320808,1.0208081,-0.059191894,0.9108081,0.3408081,1.6508081,-1.049192,7.6708083,4.430808,0.8408081,3.0808082,1.7408081,2.410808,0.7608081,1.820808,0.8408081,2.940808,1.5208081,1.7608081,3.0508082,2.890808
-5.299192,-6.739192,-8.179192,-10.809192,-9.669192,-10.659192,-9.229192,-6.169192,-6.149192,-5.029192,-8.519192,-9.479192,-8.789192,-7.949192,-7.2491918,-6.779192,-6.7491918,-7.2491918,-4.5591917,-6.0191917,-10.869192,-6.989192,-6.209192,-4.5991917,-1.9491919,-1.4891919,1.7508081,1.9008081,-0.4791919,-0.4091919,0.5608081,3.730808,3.200808,4.880808,4.610808,2.1108081,2.130808,1.7608081,2.5508082,2.180808,1.7108082,2.3208082,2.760808,1.4308081,3.650808,6.080808,5.070808,4.6908083,4.520808,4.300808,4.970808,4.760808,3.670808,3.630808,4.4408083,2.3208082,4.010808,3.240808
-8.299191,-8.409192,-9.089191,-10.679192,-10.919192,-9.619192,-7.0991917,-5.399192,-4.589192,-9.419192,-9.179192,-8.279192,-7.409192,-7.029192,-6.629192,-7.529192,-8.679192,-10.559192,-10.7591915,-10.409192,-9.459192,-8.199192,-5.449192,-3.039192,-1.1191919,-1.6191919,-0.5791919,-0.88919187,-0.6291919,2.240808,2.750808,3.390808,3.220808,3.3008082,4.200808,1.9908081,1.7908081,3.5908082,3.2708082,3.940808,3.0208082,3.700808,5.090808,6.1508083,5.4608083,5.350808,5.330808,7.860808,8.400808,7.030808,7.280808,5.970808,5.850808,4.990808,5.450808,5.2108083,5.280808,5.590808
