static/data/gfs.t00z.pgrb2.1p00.f20.json
{"header": {"discipline":0,"disciplineName":"Meteorological products","gribEdition":2,"gribLength":80647,"center":7,"centerName":"US National Weather Service - NCEP(WMC)","subcenter":0,"refTime":"2019-06-20T00:00:00.000Z","significanceOfRT":1,"significanceOfRTName":"Start of forecast","productStatus":0,"productStatusName":"Operational products","productType":1,"productTypeName":"Forecast products","productDefinitionTemplate":0,"productDefinitionTemplateName":"Analysis/forecast at horizontal level/layer at a point in time","parameterCategory":2,"parameterCategoryName":"Momentum","parameterNumber":2,"parameterNumberName":"U-component_of_wind","parameterUnit":"m.s-1","genProcessType":2,"genProcessTypeName":"Forecast","forecastTime":30,"surface1Type":100,"surface1TypeName":"Isobaric surface","surface1Value":100000.0,"surface2Type":255,"surface2TypeName":"Missing","surface2Value":0.0,"gridDefinitionTemplate":0,"gridDefinitionTemplateName":"Latitude_Longitude","numberPoints":65160,"shape":6,"shapeName":"Earth spherical with radius of 6,371,229.0 m","gridUnits":"degrees","resolution":48,"winds":"true","scanMode":0,"nx":360,"ny":181,"basicAngle":0,"lo1":0.0,"la1":90.0,"lo2":359.0,"la2":-90.0,"dx":1.0,"dy":1.0}, "data":
[rows 125 to 149 of 181, columns 285 to 341 of 360]
2.6255567,1.9055567,-0.56444335,-0.34444335,-0.68444335,4.805557,4.1955566,0.81555665,2.2955565,1.7055566,-1.5144434,-1.1344434,-0.8544434,-0.87444335,-1.9644433,-1.2544434,-0.79444337,-0.69444335,-0.5344434,-0.20444337,0.75555664,0.93555665,1.2455566,1.7155566,3.1255567,4.6355567,5.3455567,6.1855564,7.1655564,7.955557,8.475556,8.975556,9.075557,10.1055565,9.745557,8.985557,9.015556,9.235557,10.085557,11.015556,9.985557,11.015556,11.075557,11.225556,11.775557,12.465557,15.3555565,15.205557,15.835557,12.845556,14.745557,11.445557,10.825557,6.4255567,4.0655565,6.955557,6.1955566
2.6655567,0.91555667,-1.7544434,-0.09444336,-1.1444434,5.0455565,-0.68444335,-0.40444335,1.9055567,1.0055566,-1.2744434,-0.63444334,-1.7244433,-1.7244433,-1.3844434,-0.40444335,0.27555665,0.26555663,0.7155566,1.5555567,0.48555663,1.3655566,3.1155567,2.4255567,3.5155566,5.2755566,6.5755568,7.4155564,7.5955567,8.065557,8.765556,9.125557,10.065557,9.785557,10.845556,10.015556,10.115557,8.935556,10.965557,11.315557,11.575557,12.085557,13.145556,12.195557,12.175556,13.275557,13.055556,16.625557,15.245557,15.055556,14.175556,10.425556,9.745557,6.7355566,6.3255568,6.1855564,4.9855566
2.3555567,0.38555664,-0.89444333,-1.2044433,3.6555567,5.1155567,1.7155566,0.85555667,-0.044443358,0.045556642,-0.37444335,-0.7244434,-0.32444337,-0.36444336,0.51555663,-0.05444336,0.5955566,1.5255567,1.6855567,3.1555567,2.6655567,2.8755567,4.1755567,2.9255567,3.4755566,5.535557,6.4355564,6.7755566,8.265556,8.655557,9.075557,9.575557,9.515556,10.715557,11.395556,10.905557,11.195557,10.385556,10.725556,11.215557,12.405557,12.945557,13.385556,12.845556,12.595556,13.035557,13.555556,13.955557,15.405557,14.935556,13.735557,12.455557,8.515556,7.725557,7.9155564,6.475557,4.705557
1.6555567,-0.03444336,-1.3844434,-1.6744434,4.535557,1.4755566,-0.29444337,-0.45444337,1.5355567,1.8855567,2.4655566,0.92555666,1.1055566,0.99555665,2.5255566,2.3155565,2.1355567,2.2055566,3.5655565,3.6255567,3.8955567,4.0955567,5.0655565,3.1855567,4.4155564,5.8155565,6.9355564,7.4055567,8.295557,9.345556,9.815557,9.565557,10.6055565,11.625557,12.545557,12.975556,12.385556,12.505557,13.245557,13.075557,13.8555565,13.975556,12.6055565,12.375557,14.315557,13.495557,12.795557,13.565557,14.125557,12.835557,13.195557,12.885556,10.215557,8.475556,7.8655567,7.035557,5.5955567
2.7555566,0.8455566,-1.4244434,-1.4844433,2.6255567,7.3255568,1.8555566,3.3155565,3.4855566,4.3255568,3.5655565,2.0755568,4.765557,6.2955565,4.6155567,6.305557,6.225557,4.5655565,4.6255565,5.0055566,4.8155565,6.0755568,5.5455565,5.225557,6.6755567,7.7755566,7.745557,8.435556,8.875557,10.235557,10.055556,10.365557,11.955557,13.125557,13.945557,14.335557,14.975556,15.215557,15.495557,16.075556,16.465557,16.195557,14.645556,14.585557,14.815557,15.135556,13.435556,13.485557,12.385556,12.895556,13.015556,12.495557,10.795557,8.745557,7.1755567,7.4855566,5.495557
2.3555567,-0.20444337,-0.25444335,-0.9044434,4.4455566,0.51555663,5.5855565,5.0655565,5.3855567,6.6955566,3.4155567,3.5955567,5.8855567,7.245557,6.7755566,7.1755567,5.765557,5.6055565,5.475557,5.785557,5.3955564,6.6255565,6.8755565,6.6655564,8.545557,9.3555565,9.245557,9.075557,9.445557,10.305556,11.125557,12.525557,13.905557,14.495557,14.795557,15.545557,16.665556,18.155556,19.295557,19.075556,19.035557,18.045557,17.495556,15.515556,16.345556,15.845556,14.785557,13.795557,13.465557,12.005557,11.225556,11.915557,11.495557,10.675556,7.1855564,7.1955566,7.5655565
2.0955567,-1.4244434,-1.5544434,-0.70444334,2.7055566,4.8655567,4.495557,4.7155566,5.8355565,4.0855565,10.975556,6.2955565,5.4855566,7.5855565,8.785557,6.3155565,6.4055567,6.3655567,5.9055567,5.2555566,5.3655567,6.6955566,7.055557,7.3855567,8.965557,9.935556,10.005557,9.615557,9.775557,10.755557,11.885556,12.975556,14.455557,15.315557,17.065557,18.395557,19.465557,20.885557,21.735558,22.025557,21.725557,20.775557,19.005556,16.795557,16.315557,15.815557,14.415557,15.935556,15.035557,15.365557,14.1055565,13.115557,13.165557,8.645556,5.5455565,6.975557,7.0855565
2.4155567,0.8955566,-4.214443,0.98555666,2.6355567,2.5355566,3.9955566,14.285557,5.2955565,9.735557,4.8655567,9.165557,9.795557,9.425556,7.8455567,6.3355565,5.805557,5.4455566,4.1155567,3.7655566,5.0055566,6.745557,6.7955565,8.165557,8.315557,7.1355567,6.4655566,7.6855564,8.575557,10.215557,11.505557,12.165557,13.965557,14.555556,17.165556,18.445557,19.455557,19.525557,19.655556,19.965557,19.105556,20.185556,20.815557,18.095556,16.475557,15.755557,14.705557,15.825557,17.085556,16.015556,16.305557,17.405556,13.445557,11.515556,10.845556,7.3755565,7.6855564
4.1155567,0.61555666,-2.4044433,1.7555566,2.8855567,2.9855566,2.5055566,7.6855564,4.3355565,7.1055565,6.2155566,9.705557,8.285557,6.4355564,4.8655567,2.3355567,3.6355567,3.4955566,3.1955566,3.9455566,5.8955564,5.6055565,6.4255567,5.8355565,4.8155565,4.0855565,5.6555567,6.6755567,7.495557,9.195557,11.485557,13.815557,15.525557,17.575556,18.585556,19.045557,18.805557,17.475557,16.805557,17.205557,18.435556,19.025557,19.845556,23.395557,17.695557,16.135557,15.455557,16.415556,17.395557,17.645557,16.325556,15.815557,13.335557,11.985557,11.315557,9.435556,9.765556
2.8555567,-1.7344433,0.08555664,2.3855567,4.1855564,6.4055567,2.3655567,4.9455566,6.4155564,8.005557,5.1955566,6.955557,3.6555567,2.2055566,2.8355567,3.6155567,2.9155567,2.8255568,3.4855566,3.5655565,2.5555565,2.8655567,2.4855566,3.1855567,3.7255566,5.0955567,5.9255567,7.265557,8.085557,10.045557,12.165557,14.165557,16.165556,17.305557,18.625557,19.945557,20.065557,20.635557,17.245556,16.695557,18.115557,19.725557,20.085556,19.355556,17.515556,16.235558,16.415556,16.455557,16.975557,16.435556,15.435556,14.675556,15.985557,12.435556,10.455557,8.695557,7.3955564
2.2855566,-0.32444337,-0.48444337,2.3955567,0.75555664,2.4555566,1.5755566,7.3455567,7.3355565,6.225557,4.3455567,3.4655566,0.81555665,1.2055566,1.8855567,0.62555665,0.62555665,1.1155566,-0.32444337,-1.5744433,-1.5344434,0.03555664,2.3255568,3.9455566,4.8255568,5.785557,6.0855565,6.8555565,8.265556,10.215557,11.885556,14.335557,16.655556,17.705557,18.335556,18.555557,18.425556,21.405556,19.295557,16.035557,17.705557,19.915556,22.395557,18.285557,16.495556,16.895557,14.965557,14.545557,16.335556,15.875557,16.975557,17.135557,15.635556,14.245557,11.825557,11.845556,9.785557
-1.4844433,-2.0644433,0.05555664,3.5355566,4.8955564,5.8655567,5.205557,8.645556,4.7155566,7.0655565,4.5755568,2.0655565,0.55555665,0.15555663,-0.56444335,-1.0644433,-2.4744434,-3.5044434,-3.3444433,-1.3344433,0.20555665,2.6755567,4.8155565,5.8955564,6.455557,6.3455567,6.705557,8.185556,9.755557,11.025557,11.925556,13.775557,15.665557,17.075556,17.425556,18.215557,18.455557,18.335556,16.475557,15.965557,17.655556,17.285557,14.015556,11.485557,14.875557,14.205557,13.435556,17.615557,18.275557,17.015556,17.235558,17.775557,16.405556,15.705557,12.175556,9.015556,8.1055565
-6.194443,-1.2244433,0.19555664,1.9355567,4.6355567,4.8855567,5.9255567,7.8455567,5.015557,3.2255566,0.7855566,-0.46444336,-1.7144433,-2.3244433,-3.0444434,-3.2044435,-3.4544435,-3.0844433,-1.0844433,0.82555664,2.4855566,4.995557,6.7355566,7.6755567,8.095556,8.625557,9.795557,11.045557,11.295557,12.225556,12.465557,13.765556,15.475556,16.395557,17.195557,17.575556,15.575557,15.275557,15.715557,16.735558,17.775557,16.765556,12.915557,13.465557,16.105556,17.095556,18.975557,19.655556,19.715557,18.685556,18.235558,18.685556,15.315557,14.935556,12.305556,10.835557,9.055556
-2.5544434,-1.7744434,-0.044443358,3.6855567,2.1055567,3.9855566,10.135556,1.9055567,2.8355567,2.3455567,0.9055566,-0.21444336,-1.4944434,-2.1444433,-2.5244434,-3.0244434,-2.4144433,-1.0244434,1.2455566,3.3255568,5.8355565,6.8255568,7.8755565,8.755557,10.225556,12.155557,13.435556,14.775557,14.305556,13.575557,13.915557,15.135556,15.345556,16.645557,17.355556,16.195557,16.385557,17.175556,16.045557,16.915556,16.395557,15.275557,15.115557,16.725557,18.075556,19.005556,20.915556,21.275557,21.615557,20.585556,19.365557,18.375557,16.985558,15.585557,13.945557,9.525557,9.235557
-2.0444434,-2.0544434,2.3955567,2.2155566,1.5655566,2.4855566,5.285557,5.1555567,3.6655567,2.0555565,0.41555664,-0.79444337,-1.5744433,-2.0744433,-1.9944434,-1.7344433,0.0055566407,2.5355566,4.4255567,6.2355566,7.725557,8.3555565,9.305556,12.045557,14.035557,14.845556,16.285557,16.655556,16.865557,16.135557,14.845556,15.435556,15.915557,16.745556,16.615557,16.205557,16.405556,16.575556,17.935556,16.035557,15.475556,15.195557,16.125557,17.205557,19.055557,21.095556,22.475557,24.165556,23.435556,22.075556,20.055557,17.335556,16.275557,15.045557,11.775557,8.345556,8.085557
-1.6044433,-1.9644433,1.9355567,-0.74444336,4.1555567,4.2955565,2.7455566,4.0755568,3.6255567,1.7555566,-0.44444335,-1.7744434,-2.3144433,-2.2844434,-1.0344434,0.43555665,4.1155567,5.1055565,7.455557,7.9155564,8.495557,9.495557,11.045557,12.995557,14.965557,16.675556,17.135557,16.895557,16.395557,15.875557,14.335557,14.025557,15.465557,17.165556,18.365557,19.595556,16.785557,15.285557,11.875557,13.285557,12.535557,13.945557,15.615557,17.425556,19.235558,22.255556,24.245556,23.465557,20.495556,18.625557,17.045557,14.685556,13.335557,13.805556,11.515556,8.685556,7.5855565
-1.3444433,-0.67444336,0.43555665,1.7755567,3.0155566,2.9355567,2.6855567,2.7455566,2.5655565,1.1355567,-0.11444336,-0.92444336,-2.0244434,-0.82444334,1.7955567,4.7355566,6.1555567,7.765557,8.765556,7.9655566,8.985557,10.235557,11.685556,14.065557,14.645556,14.975556,14.115557,15.985557,17.045557,15.645556,13.225556,13.085557,14.245557,14.975556,13.335557,9.575557,11.755557,11.1055565,12.015556,12.175556,12.025557,12.915557,11.685556,14.465557,15.895556,17.305557,12.295557,8.955557,8.165557,9.275557,9.635556,9.495557,11.595556,13.205557,10.015556,7.3155565,7.1655564
-0.014443359,-1.3644433,-1.0644433,1.3655566,1.8755566,-0.6644434,2.6255567,2.3855567,1.6855567,0.30555665,-1.7144433,-1.8344433,-0.9744434,0.62555665,3.8455567,4.745557,2.2955565,6.4355564,8.705557,9.665557,10.475556,12.155557,12.875557,11.6055565,12.365557,13.065557,11.315557,7.805557,6.9255567,11.795557,12.115557,13.515556,15.425556,10.825557,7.9155564,9.275557,9.435556,10.335557,11.225556,10.715557,9.735557,6.805557,9.005557,9.865557,10.425556,8.705557,5.055557,4.0455565,4.955557,6.0255566,8.405557,10.445557,9.575557,7.4455566,6.3555565,6.1355567,6.7955565
-4.5844436,-2.5844433,-1.9244434,-0.62444335,-0.94444335,-2.2544434,0.63555664,1.3955567,1.7055566,0.67555666,1.7755567,2.3455567,3.3155565,5.245557,6.0455565,7.6755567,8.585557,10.335557,10.765556,10.955557,10.905557,9.985557,9.675556,10.785557,10.1055565,10.055556,11.525557,11.175556,10.485557,11.215557,12.155557,13.935556,10.785557,8.345556,7.6655564,7.455557,7.9055567,7.6655564,8.375557,1.9755566,0.60555667,4.1255565,5.2755566,5.975557,5.6655564,4.2355566,1.0455567,-0.9044434,0.8455566,4.8355565,4.4455566,3.8955567,4.1855564,4.0755568,4.975557,4.9355564,5.9255567
-7.9344435,-6.8544436,-2.9944434,-1.4844433,-2.4644434,-1.9344434,0.0055566407,0.94555664,2.9455566,4.3155565,4.8455567,5.4455566,5.6555567,6.5255566,8.125557,9.995557,11.455557,11.025557,11.215557,10.915557,11.085557,9.6055565,7.8355565,8.205557,9.6055565,11.365557,10.825557,10.465557,11.505557,12.125557,12.665557,12.305556,6.515557,5.3955564,4.1355567,2.5355566,1.7455566,0.55555665,2.2555566,-5.5144434,-0.45444337,0.7755566,1.3855567,1.1255566,0.6555566,-0.05444336,-1.9644433,-2.5344434,-2.4744434,0.03555664,2.1255567,2.6455567,2.8455567,3.2755566,4.0455565,4.2155566,6.3555565
-10.424443,-8.024444,-5.9244432,-4.8144436,-1.7544434,-1.4344434,-0.18444335,0.47555664,2.5955567,3.7855566,6.9155564,7.475557,9.025557,9.805556,11.315557,11.135556,10.705557,10.975556,12.1055565,12.475556,10.785557,9.905557,7.2155566,6.9155564,9.755557,10.465557,9.805556,10.065557,10.635556,9.945557,10.865557,5.6055565,3.1155567,1.3755566,1.1155566,-0.37444335,-0.95444334,-1.5844433,-2.2844434,-0.08444336,-0.47444335,-1.1944433,-2.3044434,-3.1744432,-3.9944434,-2.9844434,-4.0944433,-4.9344435,-5.8944435,-4.9044433,-5.2244434,0.42555663,0.35555664,1.0455567,1.9855566,2.7055566,3.4955566
-3.7544434,-2.0744433,-0.10444336,1.7255566,3.6255567,5.7155566,7.6455564,8.6055565,9.1055565,10.115557,9.735557,8.775557,9.845556,11.1055565,12.765556,13.075557,12.565557,12.175556,12.165557,11.095556,9.185556,8.145556,9.945557,10.585557,10.545557,9.765556,8.955557,9.265556,8.515556,6.495557,2.3255568,1.3555566,-0.63444334,0.30555665,0.92555666,0.17555664,-0.62444335,-0.86444336,-1.2644434,-1.5244434,-2.0044434,-2.6544433,-3.6944435,-4.7244434,-6.464443,-7.1744432,-7.8244433,-7.9944434,-6.6444435,-6.504443,-7.274443,-6.7644434,-6.464443,-1.7944434,1.2555566,1.6955566,2.8655567
-0.18444335,1.4655566,3.1855567,5.055557,6.6655564,8.725556,10.775557,12.535557,13.885556,14.795557,15.025557,14.405557,14.705557,15.135556,14.705557,13.455557,13.535557,13.385556,8.835557,7.9255567,7.0655565,9.365557,10.405557,10.975556,10.665557,7.995557,9.025557,8.895556,8.655557,3.1655567,0.95555663,-0.28444335,0.43555665,0.68555665,0.36555663,-0.30444336,-1.2944434,-1.6044433,-2.8144433,-3.7844434,-3.9044433,-4.754443,-5.4344435,-5.6744432,-6.3244433,-6.6844435,-7.5344434,-7.7244434,-9.084443,-9.324444,-8.884443,-7.5344434,-7.444443,-7.2444434,-7.234443,-6.444443,-6.7844434
-2.2044435,-0.6544434,1.3355566,3.5155566,6.0955567,8.545557,10.225556,11.795557,15.015556,17.275557,14.835557,17.355556,15.345556,14.185556,12.385556,12.385556,11.455557,4.1455564,6.2555566,8.3555565,9.735557,10.515556,10.585557,9.525557,7.5455565,7.725557,9.585557,8.895556,4.7555566,-1.5444434,-1.4844433,-0.34444335,0.5955566,-0.35444337,-1.0744433,-2.1444433,-3.2544434,-4.734443,-5.9344435,-6.1244435,-6.464443,-6.0944433,-6.8244433,-7.2044435,-7.2244434,-6.9944434,-7.6144433,-7.5144434,-6.6444435,-8.384443,-8.804443,-9.854444,-10.564444,-8.734444,-6.5944433,-7.0544434,-6.5344434
-0.99444336,-0.41444337,1.5555567,5.1855564,9.685556,9.475556,9.325557,12.205557,16.525557,19.745556,17.525557,16.665556,16.765556,9.465557,-2.8244433,1.4055567,4.9255567,7.4855566,10.705557,13.795557,12.175556,9.695557,7.9155564,7.5755568,6.055557,6.8555565,6.5655565,1.0355567,-5.004443,-2.9444435,-1.8644433,-1.1644434,-1.4244434,-1.9544433,-3.3444433,-4.044443,-3.3244433,-3.2844434,-4.984443,-5.254443,-4.544443,-4.0644436,-3.7444434,-4.4044433,-4.7044435,-5.1344433,-5.714443,-6.274443,-6.2644434,-7.0644436,-8.184443,-8.514443,-9.434443,-9.974443,-10.674443,-11.114444,-8.574444
