static/data/gfs.t00z.pgrb2.1p00.f2.json
{"header": {"discipline":0,"disciplineName":"Meteorological products","gribEdition":2,"gribLength":80425,"center":7,"centerName":"US National Weather Service - NCEP(WMC)","subcenter":0,"refTime":"2019-06-20T00:00:00.000Z","significanceOfRT":1,"significanceOfRTName":"Start of forecast","productStatus":0,"productStatusName":"Operational products","productType":1,"productTypeName":"Forecast products","productDefinitionTemplate":0,"productDefinitionTemplateName":"Analysis/forecast at horizontal level/layer at a point in time","parameterCategory":2,"parameterCategoryName":"Momentum","parameterNumber":3,"parameterNumberName":"V-component_of_wind","parameterUnit":"m.s-1","genProcessType":2,"genProcessTypeName":"Forecast","forecastTime":3,"surface1Type":100,"surface1TypeName":"Isobaric surface","surface1Value":100000.0,"surface2Type":255,"surface2TypeName":"Missing","surface2Value":0.0,"gridDefinitionTemplate":0,"gridDefinitionTemplateName":"Latitude_Longitude","numberPoints":65160,"shape":6,"shapeName":"Earth spherical with radius of 6,371,229.0 m","gridUnits":"degrees","resolution":48,"winds":"true","scanMode":0,"nx":360,"ny":181,"basicAngle":0,"lo1":0.0,"la1":90.0,"lo2":359.0,"la2":-90.0,"dx":1.0,"dy":1.0}, "data":
[rows 0 to 26 of 181, columns 180 to 239 of 360]
-1.3221997,-1.2221997,-1.1221997,-1.0221997,-0.91219974,-0.8121997,-0.7121997,-0.6121997,-0.5021997,-0.40219972,-0.30219972,-0.1921997,-0.092199706,0.017800294,0.117800295,0.21780029,0.3278003,0.4278003,0.5278003,0.6378003,0.7378003,0.83780026,0.9378003,1.0478003,1.1478003,1.2478004,1.3478003,1.4478003,1.5478003,1.6478003,1.7478004,1.8478003,1.9478003,2.0478003,2.1378002,2.2378004,2.3378003,2.4278002,2.5178003,2.6178002,2.7078004,2.7978003,2.8878002,2.9778004,3.0678003,3.1578002,3.2478004,3.3278003,3.4178002,3.4978004,3.5878003,3.6678002,3.7478004,3.8278003,3.9078002,3.9878004,4.0578003,4.1378,4.2078004,4.2778
-1.0321997,-0.85219973,-0.66219974,-0.4821997,-0.30219972,-0.12219971,0.057800293,0.2378003,0.4078003,0.58780026,0.7678003,0.9378003,1.1178002,1.2878003,1.4678003,1.6378003,1.8078003,1.9678003,2.1278002,2.2878003,2.4378004,2.5878003,2.7378004,2.8878002,3.0278003,3.1678002,3.3078003,3.4378004,3.5678003,3.6878004,3.8078003,3.9178002,3.9578004,4.0678005,4.1678004,4.2678003,4.0478,4.1278005,4.2078004,4.2778,4.3478003,4.4078,4.4678,4.5278,4.5778003,4.6278005,4.6778,4.7078004,4.7378,4.7678003,4.7978,4.8178005,4.8378005,4.8578005,4.8778005,4.8878,4.8878,4.8878,4.8878,4.8878
1.4878002,1.7078003,1.9278003,2.1578002,2.3778002,2.5878003,2.7978003,3.0178003,3.2278004,3.4378004,3.6478002,3.8478003,4.0278,4.1978,4.3678,4.5278,4.6878004,4.8378005,4.9578004,5.0778003,5.1978,5.3178005,5.4378004,5.5578003,5.6678004,5.7478004,5.8278003,5.8978004,5.9778004,6.0478,6.1078005,6.1678004,6.1978,6.2278004,6.2478004,6.2578,6.2678003,6.2578,6.2578,6.2478004,6.2278004,6.1978,6.1978,6.1878004,6.1778,6.1678004,6.1478004,6.1578,5.6478004,5.6878004,5.7078004,5.7078004,5.6878004,5.6678004,5.6378,5.5978003,5.5578003,5.5178003,5.4678,5.4078
3.7878003,3.9378004,4.1378,4.3678,4.6178,4.9278,5.2578,5.5678005,5.8478003,6.0878005,6.2178,6.3278003,6.3878,6.3978004,6.3878,6.4378004,6.4978004,6.5678005,6.6478004,6.7478004,6.7978,6.8178005,6.8178005,6.8078003,6.8078003,6.8278003,6.8778005,6.9278,6.9878,7.0578003,7.1378,7.2278004,7.3478003,7.4678,7.5678005,7.6278005,7.5778003,7.5078,7.4178004,7.3278003,7.2378,7.1478004,7.0778003,7.0078,6.9578004,6.9178004,6.9078,6.4178004,6.2978,6.2278004,6.1678004,6.1578,6.1478004,6.1278005,6.0678005,5.9678,5.8578005,5.7678003,5.6678004,5.5278
6.5278,6.5178003,6.4978004,6.4978004,6.5078,6.5278,6.4978004,6.4478,6.3878,6.3778005,6.3978004,6.4378004,6.4578004,6.4178004,6.3478003,6.2778,6.2378,6.2678003,6.3378005,6.4278,6.5878005,6.7578,6.9278,7.1978,7.4878,7.7678003,8.0178,8.1378,8.1678,8.1378,8.0378,7.8878,7.7478004,7.6678004,7.6278005,7.5978003,7.5278,7.4378004,7.3278003,7.2278004,6.9478,6.6178,6.6078005,6.5578003,6.4678,6.3378005,6.1378,5.8978004,5.7178,5.6178,5.5378003,5.4878,5.4778004,5.5278,5.5978003,5.5978003,5.5678005,5.5178003,5.4578004,5.3578005
6.5778003,6.5878005,6.5978003,6.5978003,6.5878005,6.5678005,6.5178003,6.4078,6.2878003,6.2078004,6.1878004,6.1878004,6.1678004,6.0678005,5.9578004,5.9178004,5.9278,5.9578004,6.0278,6.1278005,6.2178,6.2478004,6.2578,6.3278003,6.4678,6.5278,6.5678005,6.5978003,6.5678005,6.5278,6.6878004,7.0778003,7.5278,7.3378005,7.3078003,7.1578,6.8578005,6.6578,6.5278,6.3978004,6.2678003,6.1478004,6.0878005,6.0578003,6.0278,5.9778004,5.8978004,5.7478004,5.5278,5.2878003,4.9978004,4.6178,4.2878003,4.0178003,4.0678005,4.1878004,4.3278003,4.3578005,4.3578005,4.2178
6.7378,6.6278005,6.5678005,6.5178003,6.3478003,6.1578,6.0678005,6.1178,6.2578,6.2178,5.8978004,5.7578,5.6778,5.7778,5.7078004,5.8478003,5.9178004,5.9278,5.9578004,5.9878,5.9978004,6.0078,6.0378003,6.0378003,5.9478,5.8678,5.8178005,5.7178,5.5778003,5.5478,5.7278004,6.0378003,6.2678003,6.4778004,6.7778,6.8978004,6.5778003,6.0578003,5.5778003,5.3078003,5.2078004,5.1878004,5.1678004,5.0778003,4.8778005,4.7378,4.7178,4.6878004,4.5178003,4.1878004,3.7378004,3.2378004,2.7578003,2.4478004,2.2878003,2.2778003,2.5278003,2.9178002,3.2678003,3.2478004
7.2978,7.1878004,7.0778003,6.9978004,6.9778004,7.0278,7.0678005,7.0778003,7.0678005,7.1178,7.2278004,7.3778005,7.5078,7.6778,7.9278,8.0878,8.1678,8.2578,8.4178,8.4278,8.2978,8.1378,8.0578,8.277801,8.4678,8.5378,8.487801,8.2578,7.8178005,7.6278005,7.4778004,7.3378005,7.1178,6.8278003,6.4478,5.9578004,5.3778005,4.8778005,4.5578003,4.4078,4.2978,4.0878005,3.9378004,3.8778002,3.6978004,3.4378004,3.2778003,3.2378004,3.0378003,2.6678002,2.2478004,1.8078003,1.4878002,1.4378003,1.3878003,1.1278003,0.8078003,0.6678003,0.8578003,1.1178002
7.4578004,7.3878,7.6078005,7.9478,8.2178,8.3078,8.3078,8.4678,8.7278,8.867801,9.0378,9.3378,9.5378,9.657801,9.7478,9.8078,9.9778,9.947801,10.0078,10.077801,10.0978,10.0078,10.0178,10.0878,10.2278,10.3778,10.157801,9.4978,8.737801,8.0978,7.5278,6.7178,5.8778005,5.2678003,4.8178005,4.5178003,4.5278,4.4878,4.1078005,3.6578002,3.1878004,2.7978003,2.5878003,2.3178003,1.9678003,1.6978003,1.4478003,1.0978003,0.5478003,-0.022199707,-0.49219972,-0.8821997,-1.1121997,-1.2921997,-1.3421997,-1.1121997,-0.9921997,-0.9921997,-1.0221997,-1.0121998
8.5878,8.8378,9.077801,9.3378,9.5078,9.6078005,9.7278,9.907801,10.3478,10.7478,11.1478,11.7078,12.3778,12.8478,12.8378,12.6478,12.8978,12.697801,11.9778,11.527801,11.4678,11.487801,11.2878,10.487801,9.6278,9.0678005,8.8378,8.5078,7.7378,6.8878,6.0378003,5.4178004,4.9978004,4.5778003,4.1578,3.7478004,3.4778004,3.2978003,3.0678003,2.7478004,2.3078003,1.7878003,1.2278003,0.64780027,0.04780029,-0.5921997,-1.0421997,-1.5821997,-2.0921998,-2.3821998,-2.5621996,-2.7221997,-2.8321998,-2.7821996,-2.5621996,-2.5721998,-2.7721996,-2.8621998,-2.9921997,-3.1421998
10.5578,11.0978,11.7078,12.0678005,12.197801,12.2878,12.3978,12.5578,12.5378,12.3478,12.2078,12.2578,12.5978,12.6678,12.277801,11.987801,11.1878,9.9178,9.3778,9.6278,9.737801,9.367801,8.8578005,8.117801,6.8778005,5.7878003,5.4478,5.6278005,5.5078,4.9278,4.1078005,3.3378003,2.8878002,2.6078002,2.4178002,2.3178003,1.9778003,1.5278003,1.0878003,0.7178003,0.4278003,0.057800293,-0.54219973,-1.2721997,-1.7421997,-2.3021996,-3.4521997,-4.5322,-4.7921996,-4.8422,-5.0522,-5.1621995,-4.9821997,-4.7921996,-4.7521996,-4.4021997,-4.2422,-4.2321997,-3.9321997,-3.6521997
11.1078005,11.0178,10.9178,10.8878,10.7178,10.447801,10.2178,10.077801,9.9978,9.9278,9.6678,9.157801,8.737801,8.5578,8.8178005,8.9378,8.6778,8.3878,8.5078,8.4678,7.9678,7.4778004,6.9078,6.3678,5.8178005,5.3378005,4.9978004,4.6378,4.0178003,3.2778003,2.8478003,2.7778003,2.7378004,2.5478003,2.1378002,1.5578003,1.0678003,0.7378003,0.2778003,-1.2521996,-2.3221998,-2.8121996,-3.3721998,-3.6721997,-3.5721998,-4.1721997,-4.9321995,-5.0021996,-5.3121996,-5.3622,-5.1921997,-5.0922,-4.8822,-4.3622,-4.2422,-4.2422,-4.6021996,-4.6521997,-4.6521997,-4.5621996
8.1778,8.0878,8.0678005,8.1378,8.237801,8.2578,8.2478,8.2278,8.2178,8.1378,8.0578,7.9478,7.7278004,7.4978004,7.3178005,7.1378,6.9378004,6.7278004,6.6178,6.6178,6.5878005,6.3078003,5.8378005,5.3778005,4.8478003,4.2778,3.7678003,3.2378004,2.6478002,2.0678003,1.4378003,0.8278003,0.09780029,-0.6321997,-1.3421997,-2.0421996,-2.5221996,-2.8121996,-3.1121998,-2.9621997,-3.1921997,-3.3621998,-3.4021997,-3.6221998,-4.0522,-4.7921996,-5.7121997,-6.2022,-5.9522,-5.2422,-4.2422,-4.1621995,-4.8321996,-5.1621995,-5.0522,-4.6721997,-4.4121995,-4.3022,-4.4722,-4.7121997
6.2778,5.7778,5.7578,6.3178005,6.9578004,7.1878004,6.9478,6.9678,6.8578005,6.5078,5.9478,5.4978004,5.1778,4.9478,4.8378005,4.8978004,5.1378,5.1778,5.6378,5.8978004,5.5678005,5.1978,4.9378004,4.6778,4.3178005,3.6378002,2.8078003,2.1278002,1.5778003,1.1078002,0.7378003,0.2778003,-0.43219972,-1.2421997,-1.9921997,-2.6321998,-3.1721997,-3.6321998,-4.0122,-4.4421997,-4.7422,-4.9221997,-4.9522,-5.0021996,-5.3822,-5.3121996,-4.7822,-4.6821995,-4.8022,-5.5621996,-6.4922,-6.5821996,-6.2921996,-6.0122,-5.6621995,-6.1821995,-6.1521997,-5.8422,-5.3222,-4.6122
4.3878,4.5878005,4.6878004,4.5978003,4.2278004,4.0578003,4.2978,4.5678005,4.6878004,4.5878005,4.3378005,4.2878003,4.4678,4.6378,4.5378003,4.6578,4.8478003,5.3678,5.5678005,5.6078005,5.7278004,5.9578004,5.6878004,5.2878003,4.8378005,4.0278,3.2578003,2.4078002,1.4978004,1.1778003,0.7478003,0.3778003,-0.052199706,-0.3821997,-0.8121997,-1.4321997,-2.1021998,-2.7321997,-3.3021996,-3.8421998,-4.4321995,-4.9722,-5.3721995,-5.6721997,-5.8622,-5.8622,-5.7222,-5.5722,-5.5421996,-5.6621995,-5.6322,-6.0021996,-6.4221997,-5.4221997,-4.6221995,-4.2222,-4.2321997,-4.6021996,-4.9722,-4.9922
2.5478003,2.3378003,2.2578003,2.2078004,2.2178004,2.2178004,2.6978004,3.1778002,3.4378004,3.5778003,3.6978004,3.8678002,4.1878004,4.3578005,4.5278,4.6578,4.6378,4.7478004,4.8378005,5.1078005,5.2078004,5.1478004,5.3378005,5.0878005,4.7178,4.2778,3.6778002,3.2578003,2.8578002,2.4978004,2.2078004,1.7478004,0.9378003,0.4178003,-0.08219971,-0.7421997,-1.1921997,-1.6421998,-2.2021997,-2.7221997,-3.2121997,-3.7721996,-4.4221997,-5.0221996,-5.5621996,-5.9621997,-6.1721997,-6.2422,-6.2422,-6.2622,-6.2921996,-6.1221995,-5.9321995,-6.6021996,-6.5322,-6.5621996,-6.9121995,-6.6221995,-6.2121997,-5.5122
1.2578003,0.9478003,0.6278003,0.5278003,0.4678003,0.5478003,0.7178003,0.9178003,1.0678003,1.2878003,1.6478003,1.9578003,2.3178003,3.0878003,4.0178003,4.3378005,4.2378,4.4278,4.7078004,5.1278005,5.4278,5.5778003,5.6278005,5.8078003,5.7178,5.4278,4.9078,4.1978,3.7378004,3.2078004,2.8578002,2.4678004,2.0778003,1.7778003,1.2778003,0.9378003,0.5078003,-0.22219971,-1.2921997,-2.1721997,-2.5521996,-3.2021997,-4.0722,-4.7721996,-5.1421995,-5.5122,-5.9821997,-6.3422,-6.4121995,-6.5221996,-6.6821995,-6.6721997,-6.5021996,-6.3222,-6.1621995,-6.0522,-5.6021996,-3.1021998,-4.6221995,-4.2521996
-0.3521997,-0.43219972,-0.3821997,-0.17219971,0.09780029,0.5278003,1.1978003,1.7678003,2.1878004,2.4078002,2.4578004,2.3178003,2.1078002,1.9978004,1.9578003,1.8778003,2.0178003,2.2178004,2.7378004,3.2978003,3.8778002,4.1978,4.4478,4.4178004,3.8378003,3.9178002,4.1878004,4.0078,3.6778002,3.1978004,2.6478002,1.9978004,1.6278003,1.2978003,1.0278003,0.5378003,0.057800293,-0.3821997,-1.0521997,-1.2821997,-1.9221997,-2.6821997,-3.3621998,-4.0421996,-4.3321996,-4.9321995,-5.4821997,-5.9621997,-6.2022,-6.2622,-6.3022,-6.3822,-6.4121995,-6.4421997,-6.7422,-7.2121997,-6.1021996,-4.9621997,-5.9421997,-6.2721996
-1.5421997,-1.1521997,-0.46219972,0.7378003,1.7378002,2.0678003,2.0278003,1.9778003,1.8678002,1.4478003,1.4578003,1.5978003,1.7678003,2.0478003,2.0978003,2.1278002,2.4778004,2.4078002,2.1378002,2.2278004,2.5678003,3.0978003,3.3878002,3.4178002,3.3078003,3.5278003,3.6778002,3.5378003,3.0878003,2.5278003,2.5178003,2.4578004,2.2478004,1.8878003,1.6478003,1.4478003,1.2378002,0.7278003,0.16780029,-0.20219971,-0.7421997,-1.2521996,-1.9621997,-2.8121996,-3.7321997,-4.6921997,-5.1721997,-5.5021996,-5.7721996,-5.9722,-6.1821995,-6.6421995,-7.5122,-8.6421995,-9.2822,-7.9522,-4.8121996,-5.0221996,-5.4421997,-5.4221997
1.7678003,1.9978004,2.8678002,3.5678003,2.8978002,2.1578002,1.7678003,1.4178003,1.0978003,0.6778003,0.3278003,0.21780029,0.4078003,0.7678003,0.9678003,1.1878003,1.3378003,0.9678003,0.2378003,-0.1521997,-0.3521997,0.04780029,1.0878003,0.5078003,0.017800294,0.3078003,0.4178003,0.4978003,0.6678003,1.0978003,1.5578003,1.9478003,2.2078004,2.2778003,2.1678002,1.8778003,1.3178003,0.7278003,0.5178003,0.2078003,-0.4121997,-0.8221997,-1.8521997,-3.0521996,-3.6921997,-3.5521996,-3.8021996,-4.0922,-4.7721996,-5.1122,-5.4421997,-5.9821997,-7.4321995,-8.5222,-8.7022,-9.172199,-8.2522,-4.2822,-5.3121996,-4.9522
2.9978004,2.5478003,2.0978003,1.6478003,1.3878003,1.0278003,0.3078003,-0.2121997,-0.8821997,-1.3521997,-0.8621997,-0.5921997,-0.062199708,1.0278003,1.8978003,1.7478004,0.5478003,-1.3221997,-1.4121997,-1.3621997,-0.8221997,-1.4421997,-1.1921997,-0.91219974,-0.91219974,-0.5121997,-0.8021997,-3.0321996,-1.8321997,-1.6221997,-1.9221997,-2.1121998,-2.8621998,-2.1921997,-1.9321997,-1.8321997,-0.4121997,0.5778003,0.44780028,0.2278003,-0.1821997,-0.8321997,-1.6521997,-2.8121996,-3.6221998,-3.9521997,-3.9421997,-3.7121997,-3.7921996,-4.1021996,-4.9722,-6.2321997,-5.4722,-6.0922,-6.8321996,-5.7822,-5.2422,-5.4522,-4.8022,-5.1421995
2.2278004,2.4478004,1.3978003,0.7378003,0.6078003,-0.002199707,-1.1021997,-0.9621997,-1.0121998,-0.66219974,-0.3121997,0.8178003,1.9478003,1.8678002,0.95780027,-1.1421998,-1.6621997,-1.7921997,-0.2421997,-0.062199708,-0.2521997,-1.4521997,-1.3521997,-1.4421997,-2.4221997,-2.7021997,-3.0821998,-3.2021997,-2.7321997,-3.3521998,-4.1821995,-3.0921998,-2.5621996,-1.0321997,-1.7521996,-2.3621998,-2.7921996,-3.4821997,-2.9521997,-1.1821997,-1.7121997,-0.5121997,-2.6221998,-3.6021998,-4.6021996,-3.2021997,-3.3521998,-4.2321997,-4.7822,-5.3321996,-5.5122,-4.4121995,-4.7622,-4.1421995,-3.6521997,-5.2921996,-4.7921996,-4.8022,-4.3321996,-4.2321997
1.3878003,0.7578003,1.4978004,2.1978004,0.64780027,-2.0621996,-4.2721996,-2.5521996,-1.3721997,-0.3321997,0.8878003,1.6478003,1.0578003,0.027800294,-1.2721997,-0.2621997,3.0578003,-0.12219971,-1.4521997,-1.1121997,-0.4521997,1.6178002,0.9778003,-0.4821997,-1.9121997,-2.6621997,-1.5021996,-1.2221997,-2.7421997,-0.9821997,0.117800295,-0.9421997,0.017800294,-0.2521997,1.3378003,0.13780029,0.9878003,2.6478002,3.6278002,3.3978002,2.9478004,3.2778003,-0.9021997,-1.1921997,0.5378003,-5.5522,-5.1021996,-4.3521996,-4.1421995,-4.6821995,-4.4722,-4.3121996,-4.4321995,-5.6721997,-7.0221996,-6.5421996,-5.3422,-5.5122,-7.1921997,-5.1821995
-2.2921996,-3.4321997,-2.0921998,-4.4321995,-4.3022,-4.5722,-6.2422,-3.3621998,0.4378003,4.1378,3.9378004,2.3778002,0.6878003,-1.4721997,-2.7521996,-1.9121997,1.2478004,2.3778002,1.6778003,1.7978003,1.8178003,3.3078003,-0.04219971,-0.2521997,1.2078003,2.5078003,0.9378003,2.3978002,1.4478003,1.6278003,-0.5721997,-2.0621996,-0.1921997,1.1778003,1.0478003,1.1178002,1.3278003,-0.5321997,-1.8221997,-0.6221997,-0.052199706,-1.2321997,-1.5921997,0.6978003,0.7578003,1.1978003,-0.79219973,-2.6221998,-3.4921997,-4.2921996,-5.6322,-6.4321995,-6.9922,-6.5122,-6.1421995,-7.0322,-7.4321995,-7.5722,-7.4221997,1.2178003
0.3878003,3.7378004,3.3878002,4.4478,3.2478004,2.4378004,1.9078003,1.7878003,1.5178003,3.4278002,4.4978004,1.4778003,-0.5021997,-2.6121998,-4.0021996,-5.2222,1.7578003,4.6278005,7.0578003,3.7578003,0.7678003,1.1178002,2.1478002,1.1978003,2.6478002,0.6778003,0.8778003,2.5978003,0.007800293,-0.5121997,-1.5921997,-1.7221997,-1.3121997,-1.8621997,-0.2521997,-0.3921997,-1.0721997,-1.1021997,0.18780029,0.3578003,0.04780029,-1.8121997,1.6178002,-1.8221997,0.8278003,-0.85219973,-1.0621997,-1.7121997,-1.8621997,-1.8821998,-1.7821997,-3.7521996,-3.6621997,-4.0821996,-5.1421995,-4.5122,-2.8221998,1.8678002,0.6578003,3.3278003
6.2378,6.1178,5.1878004,4.9878,3.8578002,2.5978003,1.6278003,0.1778003,5.8978004,3.2678003,0.16780029,-1.7421997,1.2978003,3.5578003,1.9878002,1.7178003,3.3478003,4.8878,4.4478,3.1678002,2.8678002,2.9378004,3.3078003,3.7878003,-0.14219971,-0.8121997,0.9378003,-0.3421997,-2.3621998,-3.6821997,0.3578003,0.9378003,-1.1421998,0.8678003,-1.4021997,-2.3121996,-2.2421997,-1.9421997,-1.3221997,-0.012199707,-1.7321997,-2.8121996,-3.0621996,-4.2321997,-1.3721997,-4.2521996,-3.2421997,-1.9621997,-2.0921998,-2.8221998,-2.9221997,-2.5321996,-4.0722,-2.9521997,2.0478003,3.7278004,1.8178003,-0.6321997,-2.8421998,-0.3621997
5.8978004,6.2878003,5.3278003,3.9678004,2.9978004,2.1678002,0.8078003,0.2978003,0.5778003,0.007800293,-0.2121997,0.3078003,0.8178003,0.3678003,1.1278003,0.12780029,-0.20219971,-0.1321997,-3.2421997,-5.0722,4.5378003,3.2978003,1.2078003,1.5978003,1.5778003,1.1978003,3.1778002,-0.11219971,-0.3421997,0.06780029,-1.3221997,-2.2221997,-1.8421997,-0.9221997,-0.4221997,1.0378003,-1.4121997,-3.6021998,-3.2721996,-3.6321998,-3.4021997,-3.3121996,-3.1621997,-3.6821997,-3.3821998,-3.6421998,-3.4521997,-1.5721997,-4.3521996,-3.1821997,-2.4921997,-2.9821997,-2.9121997,-2.9021997,2.3178003,1.2478004,-1.5021996,-4.9121995,-7.0322,-8.3222
