static/data/gfs.t00z.pgrb2.1p00.f16.json
{"header": {"discipline":0,"disciplineName":"Meteorological products","gribEdition":2,"gribLength":81395,"center":7,"centerName":"US National Weather Service - NCEP(WMC)","subcenter":0,"refTime":"2019-06-20T00:00:00.000Z","significanceOfRT":1,"significanceOfRTName":"Start of forecast","productStatus":0,"productStatusName":"Operational products","productType":1,"productTypeName":"Forecast products","productDefinitionTemplate":0,"productDefinitionTemplateName":"Analysis/forecast at horizontal level/layer at a point in time","parameterCategory":2,"parameterCategoryName":"Momentum","parameterNumber":3,"parameterNumberName":"V-component_of_wind","parameterUnit":"m.s-1","genProcessType":2,"genProcessTypeName":"Forecast","forecastTime":24,"surface1Type":100,"surface1TypeName":"Isobaric surface","surface1Value":100000.0,"surface2Type":255,"surface2TypeName":"Missing","surface2Value":0.0,"gridDefinitionTemplate":0,"gridDefinitionTemplateName":"Latitude_Longitude","numberPoints":65160,"shape":6,"shapeName":"Earth spherical with radius of 6,371,229.0 m","gridUnits":"degrees","resolution":48,"winds":"true","scanMode":0,"nx":360,"ny":181,"basicAngle":0,"lo1":0.0,"la1":90.0,"lo2":359.0,"la2":-90.0,"dx":1.0,"dy":1.0}, "data":
[rows 104 to 129 of 181, columns 118 to 176 of 360]
-3.0220509,-2.5820508,0.10794922,0.55794924,0.29794922,-0.3420508,-0.8620508,0.9179492,3.4779491,4.627949,4.957949,3.9679492,2.3479493,4.0879493,3.507949,4.1079493,3.5479493,5.687949,8.087949,7.7779493,7.437949,6.977949,5.4879494,1.8479493,1.4379492,1.5079492,4.787949,9.647949,9.857949,10.067949,8.70795,7.7979493,7.6079493,8.647949,10.067949,9.647949,9.047949,9.317949,9.087949,8.187949,7.0079494,6.767949,5.867949,6.287949,6.477949,5.3179493,2.507949,1.9579492,1.7479492,2.5879493,0.9779492,1.6979492,2.0779493,2.7479491,3.0379493,3.7879493,2.3879492,3.2079492,4.017949
-4.692051,-4.5320506,-3.1620507,-0.22205079,-0.55205077,0.16794921,-1.2520508,0.80794924,2.4579492,4.2579494,4.557949,5.2179494,4.347949,2.9479492,3.4679492,3.1179492,5.707949,6.397949,9.1179495,8.807949,8.847949,8.947949,6.6579494,-1.1620507,0.8479492,0.5879492,2.3679492,3.8279493,9.267949,9.377949,8.897949,8.597949,7.187949,8.317949,9.777949,9.297949,8.897949,7.147949,7.517949,6.6779494,6.917949,7.267949,6.287949,6.0879493,4.897949,4.887949,4.4679494,2.7079492,1.3279492,0.6079492,2.507949,1.5179492,2.8579493,2.7079492,4.207949,3.257949,2.2379491,1.9479492,3.0279493
-5.102051,-3.6620507,-2.9320507,-0.88205075,-2.1820507,-2.4120507,-1.4620508,-0.7320508,1.0279492,1.4879493,4.0879493,3.6779492,6.4879494,4.807949,4.7979493,4.3579493,5.247949,7.437949,7.397949,7.957949,10.147949,9.717949,7.477949,3.7079492,0.19794922,1.9479492,0.4379492,1.9379492,9.727949,8.82795,8.267949,7.6779494,5.997949,6.7379494,7.387949,8.817949,9.377949,8.057949,7.1979494,5.4679494,5.767949,4.0879493,5.537949,5.1579494,5.3379493,3.8379493,3.4879491,3.3679492,2.267949,0.8879492,4.207949,3.2479491,3.9679492,3.8179493,4.847949,5.307949,0.55794924,-0.39205077,0.6379492
-3.242051,-3.0920508,-1.2620507,-0.7020508,-1.9020507,-0.75205076,0.47794923,-2.2720509,-1.1220508,-0.11205078,2.4679492,3.6879492,4.0879493,4.397949,4.747949,5.187949,5.387949,6.9079494,6.9479494,6.807949,8.397949,9.377949,8.95795,5.497949,3.257949,2.3279493,1.8679492,1.0179492,9.387949,8.99795,8.057949,8.397949,8.067949,6.4079494,6.7579494,7.747949,8.307949,8.697949,8.177949,6.667949,2.8379493,2.7979493,3.9479492,3.9079492,4.167949,4.127949,3.7379491,1.9779493,2.0279493,1.9079492,2.7179492,3.4879491,4.017949,4.497949,4.417949,5.097949,5.9879494,1.4679493,-0.27205077
-1.6720508,0.50794923,0.94794923,-4.7620506,-3.9320507,-1.7020508,0.007949219,-0.0020507812,-1.6420507,-0.94205076,0.25794923,2.3279493,3.6579492,4.3579493,4.897949,4.867949,5.2379494,5.687949,6.0279493,6.2579494,7.1079493,8.387949,8.927949,7.917949,4.7179494,2.3679492,4.6979494,2.7279491,1.3779492,8.627949,7.7779493,7.117949,7.347949,7.037949,6.787949,6.6979494,6.1779494,5.917949,5.397949,6.117949,5.327949,1.5579492,1.4879493,3.3279493,3.5779493,1.6079493,2.1379492,1.0079492,0.06794922,0.9179492,1.3579493,2.8079493,2.7079492,2.9079492,3.7179492,3.9979491,4.147949,4.687949,2.9279492
0.6679492,5.117949,-0.9720508,-6.2620506,-5.0920506,-3.4720507,-2.0720508,-0.81205076,-0.9820508,-1.3120508,-0.42205077,0.8979492,2.2079492,3.4279492,4.7779493,4.9879494,5.577949,6.2379494,6.497949,6.1979494,6.167949,6.8579493,8.927949,8.717949,7.517949,2.6379492,1.3979492,3.2379491,3.6179492,5.227949,6.5079494,8.177949,6.4479494,6.057949,7.137949,6.787949,6.117949,4.6079493,3.4879491,3.5979493,4.267949,0.7779492,0.7279492,0.81794924,4.2779493,2.0579493,2.3079493,3.267949,-1.8920507,-0.4620508,-0.26205078,0.5279492,0.42794922,1.5779492,2.5779493,2.757949,3.1779492,2.8279493,2.5279493
5.887949,3.9279492,-3.3120508,-1.9620508,-4.0120506,-4.112051,-2.6720507,-0.74205077,-1.1820508,-1.5420508,-0.8320508,0.38794923,0.42794922,2.7479491,3.8479493,4.477949,4.307949,6.127949,6.7979493,6.6779494,7.4479494,5.917949,7.267949,7.767949,6.877949,5.4479494,1.6779492,3.4079492,6.8179493,3.6779492,2.4579492,8.57795,7.387949,5.5079494,4.917949,4.387949,3.9979491,4.327949,2.9979491,1.0879493,1.9779493,3.7479491,1.8179492,2.0679493,4.037949,2.6979492,2.1279492,3.6779492,1.0679492,-3.2920508,-2.7820508,-2.7220507,-0.3720508,0.8879492,2.2879493,2.6679492,2.0979493,1.7179493,1.9079492
2.6979492,2.1079493,-1.5620508,-3.2520509,-3.0120509,-3.8720508,-2.992051,-3.0120509,-1.7320508,-1.4220508,-1.6320508,-1.0620508,0.02794922,1.5179492,2.9479492,4.267949,5.2179494,5.5279493,6.227949,6.2179494,5.8579493,6.017949,6.437949,7.267949,7.597949,5.887949,4.687949,3.2479491,5.417949,5.247949,4.917949,3.4679492,9.007949,8.49795,3.6879492,2.5279493,2.6579492,2.9679492,2.3879492,1.8979492,0.62794924,1.7679492,1.4179492,2.2379491,4.5279493,1.8379493,2.1879492,-1.1520507,3.4779491,-2.0120509,-3.8220508,-3.0220509,-1.2520508,0.35794923,1.4279492,3.3279493,1.6079493,-0.32205078,1.1179492
-0.9220508,0.62794924,-1.4720508,-2.1120508,-1.3520508,-4.082051,-3.9520507,-2.9720507,-1.8820508,-2.6120508,-2.7220507,-1.7320508,-0.6620508,0.7679492,2.3479493,3.4979491,3.8479493,4.417949,5.2779493,5.167949,5.477949,5.0279493,4.9279494,4.997949,5.397949,6.037949,6.287949,4.2579494,3.0879493,5.707949,5.647949,4.3179493,7.497949,8.467949,7.9479494,3.6079493,0.4979492,4.4479494,0.20794922,-0.11205078,-0.44205078,-0.41205078,0.6679492,0.8279492,2.1279492,2.4579492,1.5879493,-0.03205078,2.3179493,2.9479492,-3.1820507,-1.8620508,-0.6420508,0.4979492,1.1279492,1.5479492,1.0379492,0.2779492,-1.1620507
-8.902051,-7.632051,-2.1220508,-3.0220509,-3.0420508,-3.732051,-4.002051,-3.0720508,-3.6320508,-4.1820507,-3.0920508,-1.7120508,-1.6620507,-0.9220508,0.33794922,1.6679492,2.267949,4.0079494,4.0279493,4.017949,4.4879494,4.887949,5.0279493,5.1979494,5.9279494,5.4079494,5.897949,6.017949,5.0279493,2.4979491,7.7579494,4.457949,8.16795,5.5479493,8.45795,7.707949,-2.0620508,1.8479493,-0.17205077,-1.3420508,-1.4620508,-0.8620508,-3.2720509,-1.3920507,0.26794922,1.8579493,1.4479492,1.6879492,0.24794921,1.6979492,1.6579492,0.3779492,0.047949217,0.047949217,1.1679492,1.6279492,1.3579493,2.3979492,-2.0520508
-6.692051,-7.9320507,-9.182051,-5.442051,-3.9220507,-4.192051,-5.1420507,-4.9720507,-5.022051,-4.3420506,-1.8520508,-0.20205078,-1.1720508,-1.1320508,-0.6520508,0.047949217,0.7279492,1.3679492,2.9279492,3.9779491,4.8179493,5.1579494,4.977949,4.957949,4.8579493,4.7179494,6.0079494,6.8579493,6.4079494,7.5879493,1.2479492,4.9479494,8.487949,3.9579492,9.767949,9.487949,-1.4120507,-0.88205075,2.0979493,0.5879492,-2.4620507,-2.3220508,0.26794922,-1.3320508,-1.1420507,-0.13205078,0.56794924,-0.19205078,1.3479493,0.5279492,0.7979492,1.0579492,0.9779492,-0.5220508,0.17794922,1.0179492,2.9479492,0.4079492,1.1679492
-8.192051,-12.282051,-8.522051,-6.0720506,-6.602051,-8.272051,-7.112051,-6.612051,-6.132051,-4.942051,-4.7020507,-2.5820508,0.19794922,0.26794922,-1.7220508,-1.8020508,-0.6720508,0.09794922,1.3779492,2.7379491,3.2979493,4.2579494,4.307949,4.097949,5.0079494,5.4879494,5.807949,6.397949,7.2379494,6.0479493,3.2979493,5.9879494,8.6179495,5.037949,5.917949,7.327949,5.577949,-1.5720508,-0.4620508,-2.8720508,-3.3020508,-2.2120507,-1.7320508,-0.6120508,1.0779492,-1.6720508,-1.5920508,-0.6420508,0.25794923,0.22794922,0.69794923,-1.3720508,-0.24205078,-0.2520508,0.48794922,1.1679492,1.6779492,-1.1120508,-1.4320508
-6.352051,-10.182051,-9.75205,-8.482051,-6.832051,-9.562051,-8.872051,-7.1820507,-6.8020506,-5.982051,-5.6620507,-4.632051,-1.7520508,-1.0520508,-0.88205075,-2.6620507,-1.3820508,-0.6620508,0.21794921,1.4079492,1.7679492,3.1979492,3.3579493,4.267949,4.7179494,5.1079493,4.847949,5.287949,6.037949,6.5079494,6.037949,7.377949,7.727949,6.5879493,3.0579493,3.017949,11.027949,0.87794924,-4.272051,-6.632051,-4.7620506,-3.3920507,-3.3120508,-3.9420507,-2.0620508,0.7779492,1.9179492,0.9279492,-0.9720508,0.75794923,2.4479492,0.5879492,0.5979492,-0.5720508,0.02794922,1.3079492,0.03794922,-0.30205077,-2.0420508
-5.0720506,-7.192051,-9.612051,-8.17205,-9.702051,-10.442051,-7.692051,-7.612051,-6.042051,-7.062051,-5.5720506,-5.2420506,-5.5520506,-3.2720509,-4.582051,-4.272051,-2.2720509,-2.0820508,-0.63205075,0.2879492,1.0979493,1.7579492,2.6179492,4.0279493,5.117949,5.2579494,5.377949,5.0079494,5.037949,4.7379494,6.017949,6.787949,6.707949,5.1079493,4.2179494,3.8079493,9.087949,7.9079494,-5.442051,-7.402051,-7.612051,-2.8020508,-1.5220507,-1.2720507,0.3179492,-0.5220508,0.56794924,1.9079492,1.9879493,2.6179492,0.26794922,0.2779492,0.55794924,1.2479492,1.8679492,2.517949,3.3779492,-1.5020508,-2.1120508
-4.212051,-4.332051,-5.462051,-6.7420506,-11.112051,-7.8420506,-6.132051,-7.442051,-5.7220507,-6.672051,-5.442051,-5.372051,-5.462051,-5.0920506,-4.522051,-4.022051,-3.9420507,-3.1120508,-1.2920508,-0.4720508,-0.6720508,0.75794923,1.4279492,3.1179492,4.0079494,5.187949,5.877949,5.937949,5.867949,5.327949,5.7379494,6.287949,5.4479494,3.3379493,2.3079493,1.8679492,9.397949,6.0879493,-0.5820508,-1.4320508,-2.1120508,-0.24205078,0.81794924,0.5979492,1.4779493,2.5679493,1.8479493,3.6279492,2.8379493,1.5379492,1.9679493,3.6079493,-1.4720508,-0.88205075,0.5379492,2.4879491,3.5279493,3.6479492,-0.49205077
-4.692051,-4.192051,-3.0020509,-4.4320507,-8.972051,-7.982051,-6.882051,-5.372051,-3.6920507,-3.5820508,-5.2620506,-5.4720507,-4.752051,-5.062051,-4.832051,-4.192051,-3.9720507,-3.3420508,-2.3820508,-1.5520508,-2.6220508,-0.09205078,1.1179492,2.2479491,4.477949,5.4679494,5.767949,5.637949,6.647949,7.1079493,7.4279494,6.9279494,5.4479494,1.4379492,0.74794924,1.0679492,6.7779493,9.257949,-2.6020508,-2.4420507,-1.7720507,-1.7020508,-0.45205078,1.1979492,1.7879492,3.9779491,0.55794924,1.0579492,1.9079492,3.6679492,4.377949,1.2979492,2.6279492,-1.4020507,-2.0320508,0.4379492,2.2779493,3.6479492,1.9079492
-4.672051,-5.7820506,-3.0820508,-3.8320508,-4.8220506,-9.392051,-5.7420506,-4.582051,-4.3020506,-3.8620508,-3.2820508,-3.3520508,-4.352051,-6.2620506,-4.252051,-3.5520508,-2.5720508,-3.4220507,-3.3820508,-2.5320508,-2.5920508,-0.7220508,0.9179492,0.5879492,2.1879492,4.037949,5.147949,5.767949,6.747949,7.747949,7.707949,6.1979494,1.9379492,2.7379491,1.7679492,0.7879492,8.177949,6.1779494,2.5779493,-7.712051,-5.482051,-3.0920508,-1.9920508,0.23794922,1.4179492,2.2479491,3.2279491,4.867949,5.6979494,5.917949,6.9279494,2.2079492,1.8479493,3.4779491,5.8179493,-1.5620508,1.1479492,3.6079493,-2.8720508
-2.8220508,-4.312051,-4.672051,-3.4120507,-6.372051,-6.0320506,-4.2620506,-4.1420507,-4.692051,-3.9520507,-3.6820507,-3.482051,-3.2520509,-3.2720509,-4.042051,-4.612051,-4.152051,-3.3820508,-2.992051,-3.3820508,-3.4420507,0.2879492,0.09794922,0.2779492,2.9479492,4.7579494,5.597949,6.127949,6.287949,8.337949,7.8579493,2.0779493,2.5479493,0.69794923,0.44794923,3.8579493,10.467949,6.137949,0.4379492,-6.132051,-5.6420507,-4.872051,-1.6320508,-0.5320508,0.09794922,3.0579493,1.5979493,3.6979492,4.897949,5.0879493,5.0679493,6.0879493,7.0879493,6.747949,6.137949,-0.05205078,-1.1220508,2.6879492,-8.992051
-2.7520509,-6.2020507,-5.0320506,-5.442051,-4.4320507,-3.6620507,-4.442051,-4.8420506,-5.422051,-6.082051,-5.1420507,-3.9220507,-3.1620507,-2.5420508,-2.5420508,-3.4720507,-3.3020508,-3.742051,-4.542051,-4.2820506,-0.6620508,0.47794923,-1.0120507,0.6079492,3.0879493,4.6779494,5.887949,6.5079494,6.617949,6.417949,5.577949,3.8479493,0.36794922,0.26794922,1.9779493,8.567949,7.267949,6.687949,2.9379492,-6.3220506,-6.3020506,-4.6420507,-1.5120507,0.16794921,0.007949219,0.42794922,1.9579492,-0.13205078,1.2179493,3.1679492,5.097949,5.207949,6.2379494,7.7379494,6.7579494,0.9679492,-4.5920506,-0.6020508,-6.6620507
-3.6620507,-6.152051,-5.462051,-5.0520506,-3.6320508,-4.7420506,-4.9520507,-6.4320507,-5.862051,-3.982051,-0.99205077,-0.09205078,0.19794922,-0.27205077,-0.56205076,-0.75205076,-2.2120507,-4.852051,-4.2020507,-4.732051,-2.3520508,-2.0620508,-2.7520509,0.13794921,3.4179492,4.7979493,5.1579494,6.2379494,5.307949,3.1479492,4.227949,5.5479493,2.0379493,1.0779492,7.8179493,9.487949,9.07795,7.307949,6.5279493,-8.492051,-8.282051,-5.5520506,-3.0820508,-2.992051,-2.2620509,-1.9020507,3.9179492,2.0779493,3.1579492,3.9779491,3.017949,3.6379492,5.117949,5.7979493,6.497949,6.1079493,-4.8920507,-3.1220508,-7.132051
-3.0320508,-4.232051,-5.3420506,-7.0320506,-7.102051,-9.192051,-7.3420506,-5.5920506,-2.2020507,-1.2020508,-1.4020507,-1.4820508,-0.24205078,0.6779492,3.0379493,0.9279492,-0.18205078,-6.3420506,-4.4920506,-6.3220506,-5.0920506,-2.242051,-1.6720508,0.15794922,2.8579493,4.417949,5.9079494,5.457949,4.2379494,3.1579492,1.6079493,0.44794923,2.6679492,3.6379492,10.20795,10.49795,10.347949,8.737949,5.207949,10.427949,-7.982051,-3.4620507,-1.7020508,-1.6720508,-0.93205076,2.6279492,0.24794921,2.5979493,3.3279493,2.2979493,3.0579493,3.4579492,4.727949,5.247949,7.5079494,5.5479493,3.1579492,-5.8220506,-5.9120507
-6.602051,-10.052051,-9.79205,-9.532051,-9.972051,-7.732051,-4.872051,-2.8320508,-2.6020508,-1.4820508,-0.8220508,-1.8820508,-0.8420508,1.8479493,4.2779493,5.307949,1.0579492,-1.3720508,-4.622051,-7.812051,-7.5720506,-2.4520507,-2.1220508,0.6479492,3.017949,6.0079494,6.367949,5.517949,3.8579493,2.2879493,0.35794923,-0.24205078,1.4179492,7.9279494,11.507949,9.137949,8.777949,7.917949,5.457949,-1.9720508,1.3079492,1.4879493,-3.2920508,-1.2120508,-0.03205078,0.047949217,2.3679492,2.6279492,4.517949,3.757949,5.1979494,2.7779493,2.6979492,4.847949,5.7379494,8.137949,4.957949,-7.4720507,-5.7420506
-9.602051,-9.202051,-9.092051,-8.92205,-7.9520507,-5.712051,-3.6620507,-3.1720507,-1.4820508,-3.2220507,-4.022051,-2.4420507,-0.56205076,1.8079492,3.5879493,4.037949,2.6679492,0.5279492,-4.3020506,-5.582051,-5.692051,-4.5120506,-1.6820508,1.2679492,3.1079493,6.137949,6.0079494,5.977949,4.877949,1.3279492,0.3179492,4.807949,0.86794925,12.467949,12.717949,6.1979494,7.1979494,7.727949,-1.3920507,-3.2620509,5.9879494,-3.0620508,-2.242051,-2.6220508,0.17794922,1.7379493,1.2879492,3.3079493,2.7479491,2.0279493,4.037949,4.9479494,4.037949,5.2379494,4.6579494,5.6779494,4.2979493,2.7879493,-5.1420507
-9.432051,-9.702051,-9.072051,-8.79205,-6.6620507,-3.9420507,-3.7220507,-2.8420508,-4.812051,-5.0720506,-4.232051,-2.7020507,-1.3420508,0.29794922,2.3979492,3.4379492,2.8979492,-1.0220507,-3.3620508,-5.132051,-6.312051,-3.4720507,-1.2520508,1.8279492,3.5579493,3.6179492,4.1579494,6.147949,1.0779492,2.8279493,2.2179492,2.8579493,9.397949,11.637949,10.24795,9.357949,7.247949,7.167949,1.3079492,-2.982051,-6.102051,-4.0920506,-2.7520509,-1.8020508,-1.8520508,-1.2420508,0.30794922,3.0579493,2.9379492,4.397949,4.377949,2.1679492,4.397949,3.9879491,5.5679493,4.387949,4.767949,2.5979493,-6.562051
-9.67205,-9.802051,-9.782051,-8.21205,-5.602051,-4.462051,-2.3120508,-5.602051,-6.2420506,-5.002051,-4.312051,-3.0320508,-1.8920507,-0.48205078,1.3879492,2.4979491,3.7779493,1.6179492,0.75794923,-2.4420507,-4.1420507,-0.18205078,2.507949,1.2579492,1.6479492,1.0379492,1.2479492,5.6979494,0.38794923,2.4579492,3.3779492,8.337949,10.847949,10.847949,10.1179495,7.667949,6.7579494,4.517949,5.917949,4.3579493,5.4879494,-1.4720508,-2.5520508,-2.4320507,-1.6820508,-1.2820507,-0.8420508,0.047949217,1.7479492,2.7979493,3.9679492,2.7479491,3.7179492,5.707949,4.2379494,2.5979493,5.617949,0.41794923,-2.4020507
-10.092051,-8.21205,-7.4520507,-6.832051,-5.9320507,-6.402051,-1.9620508,-6.632051,-6.732051,-5.4520507,-4.712051,-2.9720507,-2.982051,-1.5520508,0.02794922,1.4579492,2.3079493,0.99794924,0.26794922,0.21794921,1.0079492,2.2879493,4.1779494,4.6079493,5.3579493,5.097949,7.057949,7.8379493,9.557949,8.74795,8.647949,11.387949,11.197949,10.397949,10.967949,8.487949,5.9879494,6.0679493,4.707949,1.2079492,-1.4320508,0.30794922,-0.6520508,-1.1920508,-3.5620508,-3.3520508,-3.1720507,-0.9620508,-0.11205078,1.6679492,2.4979491,3.9879491,3.7879493,5.347949,2.7879493,2.6579492,4.577949,-1.1520507,-2.2120507
