static/data/gfs.t00z.pgrb2.1p00.f20.json
{"header": {"discipline":0,"disciplineName":"Meteorological products","gribEdition":2,"gribLength":81298,"center":7,"centerName":"US National Weather Service - NCEP(WMC)","subcenter":0,"refTime":"2019-06-20T00:00:00.000Z","significanceOfRT":1,"significanceOfRTName":"Start of forecast","productStatus":0,"productStatusName":"Operational products","productType":1,"productTypeName":"Forecast products","productDefinitionTemplate":0,"productDefinitionTemplateName":"Analysis/forecast at horizontal level/layer at a point in time","parameterCategory":2,"parameterCategoryName":"Momentum","parameterNumber":3,"parameterNumberName":"V-component_of_wind","parameterUnit":"m.s-1","genProcessType":2,"genProcessTypeName":"Forecast","forecastTime":30,"surface1Type":100,"surface1TypeName":"Isobaric surface","surface1Value":100000.0,"surface2Type":255,"surface2TypeName":"Missing","surface2Value":0.0,"gridDefinitionTemplate":0,"gridDefinitionTemplateName":"Latitude_Longitude","numberPoints":65160,"shape":6,"shapeName":"Earth spherical with radius of 6,371,229.0 m","gridUnits":"degrees","resolution":48,"winds":"true","scanMode":0,"nx":360,"ny":181,"basicAngle":0,"lo1":0.0,"la1":90.0,"lo2":359.0,"la2":-90.0,"dx":1.0,"dy":1.0}, "data":
[rows 104 to 129 of 181, columns 300 to 359 of 360]
0.49800292,2.128003,2.8980029,2.378003,0.11800293,1.1980029,2.6980028,3.038003,2.6980028,3.268003,3.1580029,1.928003,1.3280029,1.408003,4.198003,3.3980029,1.0080029,1.9980029,1.6980029,-1.0119971,0.39800292,4.398003,2.978003,3.4180028,-0.40199706,-0.75199705,-0.40199706,0.008002929,0.9780029,1.548003,1.3180029,-0.35199708,-1.091997,-0.02199707,-0.31199706,1.6980029,0.9680029,1.2180029,1.3180029,1.4780029,1.528003,1.9980029,2.028003,1.9880029,2.108003,3.3880029,4.688003,4.478003,4.5480027,4.738003,3.3880029,4.288003,4.948003,5.2780027,5.868003,6.038003,6.018003,6.678003,8.008003,8.868003
0.5780029,-1.3919971,0.23800293,-0.5819971,0.35800293,2.748003,2.4380028,1.518003,2.848003,2.728003,2.6980028,1.7280029,-0.63199705,2.1980028,3.048003,3.048003,2.318003,0.36800292,1.7080029,2.058003,0.80800295,4.748003,4.128003,1.8780029,2.458003,1.6280029,-0.0019970704,0.15800293,-0.6519971,-0.19199707,0.40800294,0.45800292,-2.151997,-1.721997,-0.80199707,-0.12199707,-1.081997,-0.14199707,0.30800292,1.1380029,1.8380029,0.24800293,0.5780029,1.5780029,1.168003,2.028003,3.368003,4.418003,4.948003,4.148003,3.568003,4.148003,4.388003,5.5680027,5.158003,5.768003,6.218003,6.328003,6.648003,7.228003
1.8580029,-0.07199707,1.028003,0.44800293,0.35800293,-0.18199708,-0.7319971,2.1480029,4.108003,2.258003,2.4480028,1.4480029,0.7880029,1.4680029,1.7280029,-0.63199705,1.7380029,3.228003,0.8980029,0.7880029,0.9580029,4.918003,7.218003,7.668003,7.578003,0.09800293,0.6480029,0.5980029,-0.7319971,-0.22199707,0.41800293,1.648003,-1.221997,-0.19199707,-0.70199704,-0.95199704,0.22800294,-0.18199708,-1.5219971,-0.82199705,0.5180029,1.678003,0.6480029,1.2180029,1.518003,2.848003,1.9680029,3.478003,4.408003,4.478003,4.5280027,4.878003,5.2780027,4.998003,5.5680027,5.898003,5.938003,5.998003,6.148003,6.998003
0.80800295,1.798003,0.98800296,1.3280029,0.23800293,-0.18199708,0.99800295,1.048003,2.4280028,3.1680028,0.11800293,0.56800294,0.30800292,0.79800296,0.27800292,2.608003,1.028003,1.1080029,0.5180029,0.81800294,0.29800293,5.408003,6.538003,7.578003,8.958003,4.248003,-0.03199707,1.148003,-0.27199706,2.9280028,-1.9119971,1.0780029,-0.8319971,-0.7119971,-2.681997,-2.711997,-0.57199705,-0.57199705,0.25800294,1.9980029,-0.16199706,-0.27199706,-1.7719971,-1.1519971,-1.6419971,2.1380029,4.918003,1.7280029,3.1480029,3.858003,4.898003,5.108003,6.158003,5.498003,5.7780027,6.438003,6.368003,6.838003,7.198003,6.768003
0.99800295,0.31800294,2.1980028,2.708003,0.93800294,1.028003,0.14800292,0.8380029,0.35800293,0.87800294,1.6980029,0.48800293,0.7280029,1.3380029,2.568003,1.0780029,0.47800294,1.1280029,-0.68199706,0.56800294,1.428003,4.268003,5.5480027,6.8180027,6.988003,8.138003,6.188003,0.80800295,3.1580029,5.248003,-1.6319971,-1.7619971,-1.5319971,3.078003,-3.201997,0.18800293,0.9780029,1.8780029,1.6280029,2.228003,2.808003,4.108003,-0.82199705,-1.9319971,1.688003,3.1480029,4.358003,4.878003,4.828003,3.4080029,3.1980028,4.098003,5.578003,5.968003,6.518003,7.128003,7.078003,6.848003,7.078003,7.5080028
-1.5019971,0.50800294,-0.44199708,2.068003,0.20800292,-0.09199707,0.8980029,0.7080029,0.5180029,0.81800294,2.1580029,0.23800293,0.98800296,0.74800295,1.3380029,1.418003,0.80800295,-0.42199707,0.5780029,0.28800294,3.468003,2.6380029,3.378003,4.138003,5.0480027,5.408003,6.858003,6.828003,2.368003,2.718003,4.588003,2.078003,-1.1619971,-0.05199707,-1.0419971,-0.6019971,0.42800292,1.7380029,2.068003,1.278003,0.7080029,1.648003,1.7580029,2.6480029,2.278003,2.588003,3.6580029,4.638003,4.768003,6.178003,5.668003,2.338003,3.548003,4.038003,4.2780027,6.018003,6.728003,6.988003,7.438003,7.608003
-1.721997,-0.6519971,1.1980029,1.8680029,0.55800295,-0.6719971,0.30800292,-0.19199707,-0.27199706,0.45800292,1.8580029,0.67800295,-0.63199705,-0.05199707,1.048003,2.828003,1.3380029,1.538003,1.158003,2.338003,5.0080028,1.3880029,1.8580029,1.3580029,1.808003,2.558003,3.268003,4.218003,3.798003,1.058003,0.7080029,4.478003,-0.51199704,-1.1119971,-1.0219971,-0.63199705,-0.48199707,0.16800293,0.42800292,-0.14199707,-0.7819971,-1.0019971,-0.11199707,0.37800294,0.92800295,1.648003,2.768003,3.018003,3.3880029,4.518003,5.918003,6.7780027,6.928003,7.7780027,6.7780027,8.418003,5.148003,6.688003,6.338003,8.008003
-1.2919971,-0.57199705,-0.61199707,-0.41199708,1.018003,0.88800293,-0.39199707,0.29800293,0.7280029,1.9680029,2.018003,2.118003,1.3480029,-0.21199708,0.9680029,0.69800293,2.738003,2.048003,-1.221997,2.328003,2.968003,1.548003,0.28800294,0.14800292,0.49800292,1.158003,1.028003,2.4180028,2.508003,1.9580029,1.148003,0.62800294,0.7680029,1.4480029,-1.571997,-1.7919971,-1.5419971,-0.02199707,-2.521997,-3.3619971,-4.281997,-3.161997,-1.3719971,-1.201997,-0.33199707,0.7680029,1.898003,2.518003,3.6780028,2.1480029,3.358003,5.128003,6.148003,6.398003,6.968003,7.808003,8.808002,9.498003,10.198003,11.168003
-1.1819971,-1.0519971,-1.0519971,-1.7419971,-0.69199705,0.6080029,1.028003,0.09800293,1.538003,1.5980029,1.5780029,3.458003,2.038003,-0.55199707,1.178003,0.34800294,0.8580029,0.30800292,1.0880029,4.808003,3.028003,2.128003,1.9480029,-2.281997,-0.8919971,-0.74199706,-0.63199705,1.3880029,1.938003,2.708003,0.03800293,-1.1819971,-1.8819971,-2.3219972,-2.381997,-3.3319972,-2.761997,-2.541997,-3.5519972,-3.621997,-1.0119971,0.24800293,0.10800293,-0.56199706,-1.2619971,-0.50199705,0.6680029,3.1780028,1.428003,1.898003,2.798003,3.8880029,4.658003,4.968003,6.078003,6.608003,7.2980027,7.748003,8.348003,9.128003
-1.8819971,-1.1319971,-1.0519971,-1.7619971,-1.0019971,-0.9019971,-0.36199707,0.12800293,0.7180029,1.308003,1.048003,3.1680028,4.178003,3.8980029,0.98800296,0.92800295,1.5780029,4.488003,7.438003,8.938003,10.208003,5.198003,2.9180028,0.5280029,-2.481997,-1.821997,-0.95199704,-0.68199706,-0.07199707,1.048003,-1.191997,-1.951997,-2.8319972,-3.221997,-4.641997,-3.291997,-1.451997,-5.921997,-3.0619972,-3.3019972,-2.291997,-3.1119971,-2.391997,-1.701997,-0.35199708,0.62800294,2.558003,3.6880028,2.718003,3.458003,4.0480027,4.108003,5.158003,5.998003,6.538003,6.7980027,7.708003,8.698003,9.138003,10.068003
-1.961997,-1.061997,-1.3019971,-2.131997,-0.48199707,-1.3919971,-0.63199705,-0.76199704,0.75800294,-0.44199708,0.39800292,2.128003,2.568003,1.3480029,3.278003,3.518003,5.018003,6.418003,6.698003,7.448003,7.658003,8.308002,9.218003,6.348003,-1.321997,-3.491997,-3.3419971,-2.171997,-1.451997,-1.461997,0.7180029,-3.391997,-4.071997,-4.531997,-6.011997,-4.391997,-4.071997,-2.751997,-4.171997,-3.031997,-2.751997,-3.0519972,-0.43199706,-1.101997,-0.50199705,1.158003,1.8380029,2.118003,1.5880029,2.878003,2.828003,3.278003,3.368003,3.878003,4.7780027,5.468003,6.468003,7.518003,8.318003,9.638003
-2.001997,-1.981997,-2.5519972,-1.4319971,-1.6519971,-1.321997,-1.481997,-0.14199707,-0.75199705,1.178003,-1.061997,0.45800292,1.288003,1.8380029,3.278003,4.5080028,6.348003,5.928003,6.608003,7.198003,6.898003,7.118003,7.2580028,8.728003,9.358003,-1.831997,-3.621997,-4.341997,-3.5819972,-1.831997,-1.1419971,-2.3219972,0.25800294,-7.401997,-9.391997,-7.691997,-5.441997,-2.541997,-5.341997,-4.811997,-5.271997,-4.9719973,-2.291997,0.15800293,-0.13199706,-0.88199705,0.15800293,0.06800293,1.1180029,0.5880029,1.408003,1.8480029,1.938003,3.6880028,6.168003,7.108003,8.448003,9.708003,10.338003,10.728003
-2.0919971,-2.431997,-2.761997,-1.7519971,-1.8019971,-0.28199708,-0.17199707,0.49800292,0.81800294,-0.6419971,-0.6719971,-0.27199706,2.538003,2.558003,3.378003,3.578003,4.918003,6.358003,6.888003,6.998003,7.7980027,7.8180027,6.5680027,6.898003,7.468003,9.178003,3.328003,-4.571997,-4.641997,-4.371997,-3.041997,-1.5319971,-2.3419971,-4.091997,-10.031997,-8.461997,-6.311997,-4.401997,-7.2019973,-4.631997,-4.281997,-3.891997,-2.781997,-2.721997,-2.491997,-1.8919971,-1.591997,-0.82199705,-0.88199705,-0.8519971,-0.03199707,3.4180028,4.518003,5.418003,5.7580028,6.3180027,7.158003,7.978003,8.708003,9.508003
-3.381997,-4.021997,-3.8519971,-3.221997,-1.201997,-0.33199707,-0.55199707,-0.8519971,-2.171997,-1.5119971,-0.7819971,0.48800293,0.6580029,0.5780029,1.7480029,2.628003,2.848003,4.248003,5.678003,7.578003,8.228003,7.558003,7.7580028,7.588003,7.458003,7.188003,7.688003,8.678003,-5.231997,-6.011997,-5.631997,-4.051997,-5.151997,-4.761997,-10.151997,-9.971997,-9.421997,-7.331997,-6.691997,-7.091997,-5.591997,-4.711997,-4.921997,-4.671997,-5.161997,-3.011997,-3.451997,-3.191997,-2.651997,1.1080029,3.478003,3.538003,3.4280028,4.088003,4.418003,5.538003,7.378003,8.328003,8.248003,9.038003
-4.291997,-4.791997,-3.441997,-3.1119971,-1.331997,-0.93199706,-2.8619971,-1.5019971,-0.9219971,-1.5119971,-1.7919971,-2.121997,-1.3919971,0.44800293,1.0880029,1.788003,3.078003,5.248003,6.0280027,6.848003,7.368003,7.898003,7.958003,8.318003,8.058002,7.348003,7.5280027,6.828003,7.0480027,-9.031997,-9.031997,-8.251997,-6.891997,-8.391997,-9.251997,-10.901997,-10.701997,-10.161997,-9.851997,-8.281997,-8.441998,-7.401997,-6.771997,-6.261997,-5.831997,-5.581997,-5.9719973,-2.741997,-0.05199707,0.9180029,0.8980029,0.92800295,1.398003,2.308003,4.388003,6.018003,6.7780027,7.268003,8.108003,9.2680025
-5.341997,-4.7219973,-3.971997,-4.121997,-4.351997,-2.0919971,-2.501997,-1.1719971,-1.331997,-1.461997,-1.2419971,-2.871997,-2.271997,-0.5219971,-0.32199708,1.658003,2.718003,4.348003,5.908003,7.348003,7.418003,7.918003,8.528003,9.208003,8.628003,8.178003,7.728003,6.718003,7.178003,6.248003,-6.901997,-9.781997,-9.181997,-8.391997,-10.201997,-10.791997,-9.821997,-11.531997,-11.681997,-11.121997,-9.651997,-9.531997,-8.301997,-7.921997,-6.091997,-5.691997,-3.261997,-2.0619972,-1.351997,-1.9019971,-1.841997,-1.4219971,0.69800293,2.288003,3.6380029,4.978003,5.948003,7.578003,8.258003,9.088003
-6.401997,-5.961997,-5.051997,-4.731997,-0.5819971,-2.0519972,-0.47199708,-1.9019971,-0.39199707,-1.191997,-6.961997,-3.881997,-2.741997,-2.721997,-0.21199708,1.1980029,2.988003,3.9280028,4.918003,5.688003,6.898003,8.128003,8.598003,9.278003,9.7680025,9.948003,9.878003,8.338003,6.968003,6.338003,6.478003,-8.401997,-11.071997,-9.791997,-8.701997,-11.971997,-11.331997,-12.121997,-12.421997,-11.121997,-10.111997,-10.301997,-9.601997,-9.751997,-8.741997,-6.401997,-4.321997,-4.311997,-4.4319973,-4.331997,-3.681997,-2.121997,-0.41199708,1.6980029,3.058003,4.218003,5.578003,6.478003,7.618003,9.318003
-6.9319973,-6.611997,-6.281997,-4.851997,-3.251997,-2.8119972,-1.9919971,-0.17199707,-4.351997,-4.051997,-4.511997,-3.931997,-1.951997,-1.821997,-0.04199707,1.8180029,2.498003,3.558003,4.978003,6.098003,6.968003,7.608003,8.588003,9.348003,9.958003,10.418003,9.918003,9.838003,8.718003,5.988003,2.248003,4.228003,-10.361997,-11.491997,-9.971997,-12.381997,-12.251997,-14.401997,-13.911997,-12.391997,-11.541997,-10.181997,-11.561997,-9.271997,-11.181997,-8.001997,-6.371997,-6.651997,-6.301997,-5.861997,-4.501997,-3.181997,-0.74199706,0.40800294,2.218003,3.338003,4.958003,5.918003,7.5480027,9.668003
-7.141997,-8.061997,-8.001997,-4.9519973,-3.521997,-3.3119972,-2.5619972,-3.0819972,-5.281997,-4.131997,-3.911997,-3.251997,-2.381997,-0.70199704,0.6680029,1.0680029,2.1580029,2.998003,4.0280027,5.058003,5.838003,6.838003,8.808002,9.0180025,9.158003,9.228003,11.218003,10.458003,9.328003,7.408003,4.288003,0.5780029,1.558003,-12.191998,-12.181997,-11.9819975,-15.591997,-15.201997,-14.631997,-12.401997,-10.571997,-11.571997,-13.021997,-12.811997,-11.471997,-9.931997,-8.551997,-8.511997,-7.871997,-7.021997,-5.891997,-3.961997,-2.131997,-0.63199705,1.2380029,1.518003,3.6480029,5.808003,7.0680027,8.828003
-8.201997,-9.621997,-6.851997,-5.611997,-4.761997,-2.931997,-3.881997,-4.881997,-2.5719972,-2.441997,-2.271997,-1.2719971,-1.2819971,-0.8519971,1.018003,0.7780029,1.0880029,2.288003,3.808003,4.908003,5.458003,6.138003,7.198003,8.118003,8.868003,9.538003,9.778003,10.508003,10.188003,8.608003,4.7580028,1.6980029,-2.761997,-8.031997,-15.121997,-13.791997,-15.051997,-16.771997,-15.701997,-13.171997,-12.811997,-13.131997,-13.7319975,-14.571997,-12.491997,-10.171997,-11.081997,-10.271997,-9.501997,-8.471997,-6.7219973,-5.601997,-3.5619972,-1.6119971,-0.26199707,1.428003,3.1480029,5.158003,6.718003,8.688003
-8.801997,-8.671997,-8.811997,-6.161997,-7.011997,-2.0819972,-4.001997,-4.511997,-2.791997,-2.121997,-1.201997,-0.9119971,0.50800294,1.7080029,2.048003,2.128003,2.518003,2.608003,3.458003,4.238003,5.5480027,6.438003,7.598003,8.118003,8.808002,9.168003,9.178003,10.558002,10.808002,9.048003,5.108003,0.7280029,-1.5019971,-5.271997,-10.511997,-17.081997,-15.601997,-16.791998,-16.881996,-15.691998,-14.441998,-14.991997,-13.091997,-14.821997,-13.321997,-12.151997,-12.161997,-11.631997,-10.511997,-9.191998,-8.451997,-7.171997,-4.9519973,-2.8319972,-0.23199707,1.3180029,3.1580029,4.438003,5.738003,7.968003
-8.871997,-8.821997,-8.4819975,-8.951997,-6.641997,-4.581997,-5.901997,-5.331997,-3.261997,-1.081997,0.34800294,1.3480029,1.058003,1.4880029,2.6880028,2.218003,2.538003,2.978003,3.588003,4.268003,5.458003,6.218003,7.228003,7.858003,8.328003,9.288003,9.878003,9.658003,10.928003,10.998003,9.928003,1.7480029,-1.4319971,-3.3619971,-6.841997,-14.521997,-16.211998,-17.441998,-18.621998,-17.111998,-15.261997,-14.7319975,-13.4819975,-15.9819975,-14.451997,-13.431997,-13.341997,-12.361997,-11.671997,-9.991997,-9.621997,-8.471997,-6.361997,-3.691997,-1.5419971,0.38800293,2.248003,4.088003,5.578003,7.468003
-8.121997,-8.901997,-9.311997,-9.181997,-7.831997,-7.611997,-6.091997,-4.771997,-2.401997,-0.05199707,0.9580029,1.038003,1.7180029,1.918003,2.258003,2.008003,2.458003,2.468003,3.828003,4.168003,5.188003,5.878003,6.5680027,7.648003,9.428003,9.038003,9.138003,9.638003,9.818003,10.118003,10.208003,7.728003,0.09800293,-4.791997,-6.501997,-7.821997,-16.721996,-16.491997,-18.431997,-17.601997,-17.911997,-16.041998,-13.801997,-17.241997,-15.851997,-14.451997,-13.911997,-13.461997,-12.511997,-11.751997,-10.251997,-9.101997,-7.331997,-4.901997,-2.631997,-0.5919971,1.5980029,3.568003,4.918003,6.968003
-5.571997,-5.671997,-9.381997,-9.161997,-9.061997,-8.611997,-6.9319973,-5.071997,-2.891997,-0.45199707,0.9580029,0.94800293,0.94800293,1.908003,2.088003,2.068003,2.308003,3.268003,4.438003,4.398003,4.228003,4.948003,6.018003,6.638003,7.678003,8.778003,8.058002,8.498003,8.668003,8.428003,10.358003,8.888003,4.968003,-1.3019971,-4.601997,-8.881997,-15.501997,-18.451998,-19.091997,-18.971996,-18.961998,-18.221996,-15.841997,-18.941998,-17.291998,-15.841997,-15.101997,-14.451997,-13.651997,-13.091997,-11.501997,-10.091997,-8.391997,-6.671997,-4.081997,-1.4319971,0.5980029,2.308003,3.6980028,5.288003
-8.061997,-7.1819973,-8.301997,-10.651997,-10.221997,-9.471997,-8.281997,-5.531997,-2.371997,-0.37199706,0.42800292,0.68800294,1.688003,1.938003,2.088003,2.368003,3.1980028,3.868003,4.588003,4.558003,4.5680027,4.5080028,5.488003,5.948003,6.418003,6.998003,6.838003,6.968003,8.5180025,7.998003,8.398003,9.558002,6.958003,3.378003,-2.141997,-5.7019973,-12.7319975,-16.531998,-21.361998,-20.211998,-19.811996,-18.551996,-17.381996,-20.371998,-19.031998,-16.481997,-16.161997,-15.661997,-14.651997,-14.171997,-12.831997,-11.341997,-9.721997,-8.101997,-6.2419972,-2.951997,-1.201997,1.148003,3.068003,4.828003
-13.211997,-12.261997,-11.881997,-13.2319975,-12.061997,-10.7319975,-7.961997,-5.261997,-2.471997,-0.44199708,0.32800293,1.2380029,2.4080029,3.068003,3.6580029,2.8880029,3.778003,4.868003,5.488003,5.978003,6.018003,5.898003,5.098003,5.438003,6.158003,6.228003,6.3180027,6.688003,7.958003,7.698003,7.148003,6.338003,7.588003,4.868003,0.7080029,-4.361997,-9.561997,-14.011997,-19.831997,-21.231997,-20.631996,-19.941998,-18.881996,-20.871998,-19.761997,-19.001997,-17.131996,-16.611998,-15.921997,-15.131997,-14.2319975,-12.691998,-10.641997,-9.651997,-8.081997,-5.9719973,-2.981997,0.03800293,2.528003,3.9280028
