static/data/gfs.t00z.pgrb2.1p00.f14.json
{"header": {"discipline":0,"disciplineName":"Meteorological products","gribEdition":2,"gribLength":81250,"center":7,"centerName":"US National Weather Service - NCEP(WMC)","subcenter":0,"refTime":"2019-06-20T00:00:00.000Z","significanceOfRT":1,"significanceOfRTName":"Start of forecast","productStatus":0,"productStatusName":"Operational products","productType":1,"productTypeName":"Forecast products","productDefinitionTemplate":0,"productDefinitionTemplateName":"Analysis/forecast at horizontal level/layer at a point in time","parameterCategory":2,"parameterCategoryName":"Momentum","parameterNumber":3,"parameterNumberName":"V-component_of_wind","parameterUnit":"m.s-1","genProcessType":2,"genProcessTypeName":"Forecast","forecastTime":21,"surface1Type":100,"surface1TypeName":"Isobaric surface","surface1Value":100000.0,"surface2Type":255,"surface2TypeName":"Missing","surface2Value":0.0,"gridDefinitionTemplate":0,"gridDefinitionTemplateName":"Latitude_Longitude","numberPoints":65160,"shape":6,"shapeName":"Earth spherical with radius of 6,371,229.0 m","gridUnits":"degrees","resolution":48,"winds":"true","scanMode":0,"nx":360,"ny":181,"basicAngle":0,"lo1":0.0,"la1":90.0,"lo2":359.0,"la2":-90.0,"dx":1.0,"dy":1.0}, "data":
[rows 104 to 129 of 181, columns 290 to 347 of 360]
-1.4244776,-0.71447754,0.8955225,1.7155224,2.0155225,2.1755226,1.4355224,0.8255225,-0.47447753,1.5955224,1.1555225,2.3155224,2.7755225,2.5955224,1.7755225,0.84552246,2.5755224,2.5655224,2.5355225,1.9955225,3.2455225,1.1655225,1.7755225,1.1355225,1.1055225,1.4555224,3.4455225,0.84552246,0.46552247,-1.5344776,1.1455225,5.0855227,4.5955224,4.3255224,3.2455225,0.005522461,-0.62447757,-0.05447754,0.41552246,0.40552247,0.36552247,0.48552245,0.53552246,-0.9744775,-0.31447753,0.27552247,0.6455225,0.25552246,0.98552245,1.3255224,1.2455225,1.9555224,2.7955225,2.8555224,3.1455224,3.2655225,3.9455225,4.4755225
2.2455225,-0.7244775,-0.43447754,1.4955225,2.4455225,2.3155224,1.2355225,0.73552245,1.0055225,1.1155225,1.8655225,1.6555225,1.1055225,1.4255224,3.3455224,0.91552246,1.0055225,1.7855225,1.8955225,-0.33447754,2.2055225,0.73552245,-0.31447753,2.4555225,2.0255225,1.1655225,0.93552244,2.3355224,0.61552244,1.3855225,1.6055225,5.3455224,4.7555223,3.6655226,3.0655224,3.4855225,0.44552246,0.03552246,-0.06447754,-0.24447754,0.44552246,0.22552246,-0.27447754,0.025522461,-1.3944775,-1.1944776,-0.82447755,0.13552245,-0.6044775,0.59552246,0.61552244,1.0855224,2.0155225,2.2755225,2.1055224,2.8455224,3.5055225,4.1555223
-1.5244775,-0.014477539,-1.0244775,-0.8544775,0.22552246,1.6655225,1.9955225,2.0555224,1.7355225,0.8255225,1.7855225,1.8455224,2.6655226,-0.22447754,2.8855224,1.0455225,1.1855224,2.6055224,-0.09447754,3.8355224,3.1655226,2.7155225,-0.25447753,2.7855225,0.40552247,1.1955224,2.3155224,3.0955224,2.3455224,1.3155224,0.7555225,4.7355223,4.1755223,2.6755226,-0.68447757,1.4755225,0.67552245,0.46552247,0.10552246,-0.38447753,-0.15447754,0.06552246,-0.25447753,-1.3344775,-0.7444775,-0.6044775,-2.6444776,-1.3644775,-0.42447755,-0.68447757,-1.0744776,-0.05447754,1.0055225,1.3155224,1.9555224,2.0155225,1.9755225,3.1455224
-3.6244776,-2.9244776,-1.3244776,-1.9844775,-0.51447755,0.11552246,1.1155225,0.91552246,1.0455225,0.25552246,1.6755224,1.4555224,2.0355225,1.6655225,-0.26447755,3.6155224,0.85552245,2.7555225,2.9155226,4.1155224,1.5755224,3.1855226,0.98552245,2.8155224,1.8555225,2.2255225,1.3155224,2.1555223,2.1055224,0.45552245,0.87552243,3.6655226,3.9155226,4.4955225,4.8255224,5.3555226,1.4055225,-2.0944777,-0.20447753,-0.52447754,2.0655224,-4.4344773,-0.52447754,-1.2844776,-0.42447755,0.61552244,-4.7544775,-2.2644775,0.14552246,-1.2944776,-0.7944775,0.6455225,0.12552246,1.0855224,0.12552246,0.05552246,1.2255225,2.5355225
1.1855224,-1.5444776,-2.7044775,-3.6044776,0.43552247,1.1955224,-1.7044775,-2.0744774,-2.0344775,0.43552247,-0.9244775,-0.09447754,2.0355225,1.8055224,1.3155224,0.81552243,3.0655224,2.2055225,3.2155225,2.6155224,3.4355226,-0.29447755,3.4755225,2.2355225,1.0955224,2.4955225,1.0655224,1.8155224,2.2255225,1.3955225,1.9355224,2.3255224,2.8955224,3.1855226,3.9055223,3.4955225,3.9955225,0.7055225,-0.43447754,0.59552246,3.0255225,0.13552245,1.5955224,-2.1644776,-0.95447755,1.8755225,1.3355224,0.9555225,1.3055224,1.2255225,1.1255225,2.0555224,2.6455224,4.2855225,3.2455225,-0.71447754,1.6155225,0.54552245
-0.64447755,-2.2844775,0.07552246,-1.2744775,-1.3744775,-2.7944775,0.17552246,-2.7044775,-2.6444776,2.2855225,0.68552244,0.45552245,1.5255225,0.86552244,1.6255225,0.5855225,0.35552245,1.0855224,2.5755224,3.0655224,1.7855225,4.0855227,3.2855225,0.45552245,1.7455225,3.6355224,-0.21447754,0.26552245,0.59552246,-0.63447756,-1.2444775,0.59552246,2.1955225,4.1455226,3.7355225,2.9155226,1.4255224,0.98552245,-0.05447754,0.14552246,0.23552246,1.7855225,2.0155225,0.05552246,0.25552246,0.005522461,0.81552243,0.84552246,0.6355225,0.68552244,0.49552247,0.87552243,1.2055224,2.6955225,3.1655226,3.3655224,4.1955223,3.9555225
0.33552247,0.21552247,0.65552247,2.5955224,1.5055225,-1.8944775,-1.7244775,-2.6944776,-2.9044776,-1.9744775,-1.7644775,0.32552245,0.74552244,1.1855224,0.65552247,-0.39447755,-0.31447753,0.5155225,-0.56447756,1.6655225,2.2255225,2.2955225,3.3055224,2.3355224,1.8855225,1.4955225,0.5755225,0.73552245,0.47552246,1.1355225,-1.4444776,-0.29447755,0.39552248,1.5755224,3.2555225,3.5755224,1.3955225,1.2555225,0.30552247,-1.3044776,-1.0544776,-0.95447755,0.23552246,-0.53447753,-0.77447754,-1.2044775,-0.39447755,-0.03447754,-0.34447753,0.005522461,0.31552246,0.07552246,0.68552244,1.3855225,2.0155225,2.2855225,2.7755225,3.3355224
0.10552246,0.54552245,-2.8944776,-4.2644777,-0.6144775,-0.82447755,1.4655224,-0.96447754,-2.5044775,-2.3644776,-0.75447756,0.7755225,0.22552246,1.1955224,3.1355224,4.1455226,1.8955225,1.3755225,0.5755225,-0.9144775,1.7055224,2.0855224,2.5655224,2.5855224,0.8955225,0.33552247,2.5655224,0.5255225,-0.89447755,-1.4644775,-1.6644776,-0.76447755,-0.07447754,-0.45447755,1.8555225,2.7955225,2.1955225,1.2555225,1.7155224,0.39552248,-1.0344776,-1.0244775,-1.8744775,-2.0544775,-2.1744776,-2.8944776,-1.5844775,-0.9244775,-0.044477537,0.54552245,-1.5744776,-0.22447754,-0.64447755,0.08552246,1.2355225,1.6155225,2.2055225,2.5255225
0.14552246,0.59552246,-0.10447754,-2.2544775,-2.1044776,-1.7344775,0.71552247,-2.7744775,-1.5244775,-2.3044775,-0.84447753,1.2155224,0.9455225,-0.64447755,-0.14447755,1.0955224,1.4655224,-0.39447755,2.0955224,1.5055225,1.9255224,1.6555225,2.0555224,2.4055223,0.7055225,1.5755224,0.8855225,1.7155224,0.8355225,5.5355225,-1.5244775,-1.7044775,-2.1744776,-1.4944775,-0.6744775,2.4355226,1.6755224,1.6955224,2.1955225,1.0555224,-0.6144775,-1.0544776,-2.1544776,-2.6444776,-3.8144774,-2.8244774,-1.6544776,0.015522461,-1.0744776,-0.22447754,0.21552247,1.1055225,1.4355224,1.2855225,1.1255225,2.4555225,2.2455225,3.1455224
0.54552245,-0.53447753,0.55552244,-0.18447754,0.98552245,-0.81447756,-0.6644775,-1.5844775,-1.6144775,-1.6844776,-0.9144775,1.3655225,0.34552246,2.3055224,0.30552247,1.0855224,1.7255225,2.0655224,0.19552246,-0.6144775,0.61552244,1.9355224,4.0855227,3.0155225,1.6355225,3.1855226,3.0855224,5.0555224,4.8155227,6.7955227,1.6555225,-0.124477535,-1.6244775,-2.7544775,-2.5644774,-1.7844776,0.025522461,0.91552246,-0.014477539,0.6455225,-1.6644776,-3.0344775,-3.4444776,-2.8344774,-5.7944775,-3.5844774,-2.0744774,-2.0444775,0.59552246,0.14552246,-0.11447754,0.5055225,0.93552244,0.03552246,1.7255225,1.3355224,2.2755225,3.4555225
-1.5944775,0.65552247,-0.39447755,-0.07447754,-2.2144775,-0.95447755,-2.2344775,-2.2244775,-2.8544776,-1.5744776,-0.6644775,-0.25447753,-1.0444776,0.27552247,-1.3644775,0.49552247,1.5355225,0.5755225,0.12552246,0.26552245,-0.40447754,1.9755225,3.4355226,1.8855225,6.775522,9.715523,11.615522,11.505523,11.345523,6.1355224,4.5755224,1.5355225,0.26552245,-4.0544777,-4.6644773,-3.5844774,-3.4244776,-1.5444776,-1.6044775,0.6955225,-0.6744775,-0.8544775,2.3055224,-4.5644774,-4.5344777,-3.7444775,-2.0844774,-2.1544776,-0.38447753,-0.8644775,-1.1144775,-0.38447753,-1.1844776,0.14552246,1.7155224,3.4255226,3.2455225,3.9155226
-1.6044775,2.0555224,0.27552247,-2.7944775,1.7155224,-2.8444777,-4.6244774,-3.4244776,-0.78447753,0.26552245,0.15552247,1.7155224,1.6455225,3.0655224,1.4755225,0.65552247,0.28552246,0.5255225,1.6055225,0.29552245,0.8955225,0.80552244,2.6155224,6.8655224,7.8855224,9.065522,9.625523,10.275522,11.075522,10.905522,10.355522,3.5255225,1.3755225,-1.1444775,-5.5644774,-4.5044775,-4.8244777,-4.9544773,-3.1944776,-2.3444777,-2.5044775,-3.4244776,-2.4344776,-0.39447755,-4.8744774,-4.1644773,-3.1044776,-1.2944776,-0.124477535,-0.8044775,-0.89447755,-0.07447754,0.56552243,0.54552245,1.4755225,2.4955225,2.5755224,3.3455224
0.66552246,-2.9144776,0.23552246,-2.4344776,-2.0244775,-3.0144775,-5.2444777,-3.1044776,-1.0244775,-0.44447753,-0.41447753,0.72552246,2.4055223,1.3955225,0.12552246,1.5555224,0.14552246,2.1055224,0.8955225,-0.64447755,1.3955225,0.17552246,5.3055224,8.125523,8.165523,8.125523,8.715523,9.525522,10.345523,10.145522,10.125523,9.875523,4.0455227,-1.0544776,-6.5144777,-6.7644777,-5.3344774,-6.0144777,-4.7444777,-3.6544776,-1.8344775,-2.9144776,-5.3244777,-4.2444777,-3.0944777,-5.0944777,-4.7744775,-3.0144775,-2.6444776,-1.3344775,-1.0744776,-1.2244775,-0.25447753,-0.08447754,0.5055225,1.3355224,1.9155225,2.8155224
2.0755224,-0.9944775,-2.0344775,-5.3144774,-2.3644776,-2.5244775,-4.9644775,-3.2744775,-1.5744776,-1.2644775,-1.0544776,-0.96447754,0.73552245,0.68552244,1.9855225,1.4055225,0.7655225,0.72552246,0.12552246,0.55552244,-0.43447754,-0.71447754,4.8055224,7.6255226,8.015522,8.385523,8.645522,8.685522,9.005523,9.135523,9.425523,8.865522,9.395522,1.3355224,-4.8844776,-7.4644775,-7.7344775,-6.1944776,-6.474478,-5.1344776,-5.474478,-3.3744776,-5.5644774,-6.8344774,-5.3544774,-4.8244777,-5.4944777,-4.6644773,-4.2944775,-3.5944777,-2.9344776,-0.9744775,-1.2144775,-0.70447755,-0.16447754,0.68552244,1.1255225,1.4455224
-1.5744776,-6.224478,-0.71447754,0.85552245,-1.0444776,-4.3644776,-4.1144776,-2.9344776,-3.4744775,-2.6444776,-1.1744776,-1.8244776,-1.4944775,0.48552245,0.65552247,-0.19447754,0.30552247,0.6355225,0.32552245,0.38552245,-0.17447753,-0.53447753,7.3955226,8.045523,7.9655223,8.865522,9.465523,10.575522,10.305523,10.235522,9.025522,7.8455224,8.225522,7.6455226,-2.6544776,-8.624477,-8.2544775,-8.624477,-7.8244777,-5.9244776,-5.3644776,-6.0644774,-3.3144774,-7.5144777,-5.8144774,-4.7944775,-8.234478,-6.8844776,-3.9344776,-3.8244774,-3.7644775,-3.2344775,-2.5944777,-1.9444776,-1.2644775,-0.75447756,1.1255225,0.8955225
0.46552247,-4.3144774,-1.3444775,-0.52447754,1.0755224,-7.9844775,-4.7444777,-3.7044775,-3.0144775,-2.2844775,-2.1744776,-1.6744776,-1.4644775,-0.65447754,-0.77447754,-0.81447756,-0.20447753,-0.16447754,0.06552246,-0.5544775,-1.1844776,5.4555225,6.4255223,6.7055225,7.5555224,8.065522,8.355522,9.125523,9.585523,9.775522,9.255523,8.725522,6.9855223,6.775522,6.2055225,-7.6644773,-9.554478,-9.304478,-8.854478,-8.094478,-6.9244776,-7.3944774,-8.014478,-5.6644773,-6.8444777,-6.5844774,-5.9844775,-5.3344774,-5.1144776,-4.6544776,-3.1844776,-2.7844775,-4.2444777,-3.0444775,-1.9344776,-1.1444775,-0.044477537,1.5955224
0.05552246,-0.9844775,1.7155224,-0.8044775,-4.3344774,-7.0944777,-3.5944777,-4.1844773,-3.3944776,-3.2144775,-1.9644775,-1.9144776,-1.7744775,-1.9844775,-0.06447754,0.34552246,1.1955224,1.0655224,2.2255225,2.5755224,5.5155225,5.4055223,5.8555226,6.4955225,7.5455227,8.625523,9.115522,10.085523,10.295523,10.695522,9.905522,9.385523,7.7055225,6.8555226,4.2355223,4.5855227,-9.704477,-11.554478,-11.274478,-10.144478,-8.914477,-8.734478,-9.474478,-8.454477,-7.7944775,-7.9144773,-7.5544777,-6.4844775,-5.6444774,-5.4244776,-5.7444777,-4.6844773,-5.5344777,-4.5044775,-2.3644776,-0.82447755,-0.07447754,1.1555225
4.2855225,0.14552246,-0.5444775,-10.304478,-8.494477,-6.8844776,-7.0544777,-4.4844775,-4.2844777,-4.6244774,-2.9344776,-2.2844775,-3.0244775,-2.3044775,-2.2844775,-2.4644775,-1.1144775,-1.1244775,0.5055225,2.4555225,2.5755224,3.6855226,5.1655226,6.5355225,8.005523,9.075522,9.345523,10.165523,10.225522,10.295523,10.085523,9.075522,6.8355227,5.7055225,4.6655226,2.6555223,2.4055223,-13.904477,-13.734478,-13.354478,-12.164477,-9.804478,-9.744477,-10.774478,-9.234478,-9.894478,-9.084477,-8.354478,-7.8544774,-7.5944777,-5.974478,-5.3144774,-4.1344776,-4.1744776,-2.8344774,-1.9744775,-0.9944775,-0.10447754
-2.6744776,-2.1744776,0.39552248,-7.0644774,-9.154477,-0.57447755,-8.244477,-5.2144775,-4.9044776,-6.3744774,-4.474478,-3.7344775,-4.6044774,-3.1444776,-1.9744775,-0.43447754,-0.14447755,1.3355224,1.1855224,0.8955225,2.1755226,2.9955225,4.5655227,5.7255225,7.8155227,8.775522,9.165523,9.635523,11.035522,11.185522,11.215523,9.915523,6.6855226,4.4755225,2.1655226,1.1255225,0.99552244,-1.3444775,-15.204477,-16.484478,-14.734478,-12.134478,-11.794477,-11.744477,-11.104478,-12.954477,-9.7544775,-7.3444777,-8.734478,-7.1744776,-6.9344773,-6.724478,-7.8244777,-5.3144774,-4.6144776,-3.0044775,-1.9244776,-1.7644775
-0.124477535,-1.9844775,-4.7144775,-9.464478,-6.5944777,-5.0044775,-8.464478,-6.0244775,-6.2544775,-6.6944776,-5.6244774,-4.8344774,-3.7844775,-3.6044776,-1.8244776,-1.3644775,1.0355225,0.53552246,0.7655225,1.0155225,2.3055224,2.3155224,3.7355225,5.4255223,7.6755223,8.965523,8.635523,9.825522,10.135523,10.655522,12.225522,12.075522,9.215523,4.3055224,1.8155224,-0.52447754,-1.5844775,-0.83447754,-4.4344773,-17.514477,-17.444477,-14.844478,-13.394478,-13.574477,-14.604478,-12.564478,-11.124477,-9.954477,-8.614477,-8.484478,-7.4644775,-11.064478,-7.2844777,-6.7144775,-5.6744776,-4.5644774,-3.3244774,-2.2944775
-2.6144776,-1.0044775,-5.5844774,-6.3544774,1.5255225,-3.7144775,-6.9144773,-5.1244774,-5.6744776,-6.7444777,-6.2744775,-5.2844777,-4.6744776,-2.8144774,-2.1244776,0.42552245,-1.6944776,0.61552244,1.5555224,2.1055224,2.6055224,3.9155226,4.3255224,4.9155226,6.6155224,7.4055223,8.615522,9.855522,10.465523,11.095523,11.985522,12.565522,11.625523,6.6855226,1.8455224,-0.17447753,-2.3744776,-3.7544775,-4.3144774,-3.8844776,-17.494478,-15.724478,-15.164477,-17.404478,-15.854478,-13.874477,-13.314478,-11.7544775,-10.294477,-10.054478,-9.034477,-9.924478,-7.8444777,-8.374477,-7.3444777,-6.4044776,-4.8444777,-3.1844776
-3.5044775,0.10552246,-8.814478,-7.9344773,-4.0444775,-5.0344777,-5.4644775,-4.4544773,-5.6844773,-7.1344776,-7.1544776,-6.4944777,-5.1244774,-2.7444775,-0.31447753,0.55552244,1.0655224,0.81552243,2.0255225,2.7055225,3.8155224,4.6955223,4.9455223,5.1555223,6.4355226,7.7855225,8.665523,9.295523,10.255523,11.365522,11.565522,13.325522,11.9955225,8.845523,2.8055224,0.5755225,-3.3744776,-4.5844774,-6.0344777,-5.5244775,-10.524478,-16.784477,-16.894478,-18.024477,-17.564478,-16.124477,-15.104478,-14.334477,-13.094478,-11.384478,-12.5044775,-8.824477,-9.854478,-9.084477,-8.234478,-7.6344776,-5.3244777,-3.4644775
-0.23447753,-1.9344776,-7.9844775,-8.164477,-5.2844777,-4.4844775,-4.8844776,-5.4844775,-6.2344775,-6.4344773,-6.7844777,-6.2844777,-5.6544776,-5.3144774,-2.2544775,-1.4844775,-0.25447753,1.2755225,1.8455224,2.7555225,3.2555225,3.2155225,4.6955223,5.4955225,6.6655226,7.8155227,8.755523,9.375523,10.005523,10.665523,11.045523,12.255523,12.375523,11.185522,4.1155224,1.1155225,-4.5144777,-4.9544773,-6.1544776,-9.064478,-8.694477,-17.274477,-18.764477,-18.494478,-18.434477,-17.434477,-17.654478,-16.024477,-14.984478,-13.0044775,-12.984478,-13.194477,-11.494477,-10.044477,-9.684478,-8.554478,-6.7444777,-5.0444775
-0.03447754,0.84552246,-3.3244774,-8.664477,-6.724478,-6.9644775,-5.6044774,-4.0444775,-3.2744775,-4.5744777,-4.3144774,-4.9944777,-6.3544774,-5.0044775,-4.5644774,-2.2244775,0.55552244,2.8655224,3.2455225,3.7055225,4.1455226,4.7255225,5.2055225,6.3255224,7.1255226,8.345523,8.765522,10.2455225,11.085523,11.305523,11.275522,11.035522,12.645522,11.725522,9.735522,1.4655224,-3.7244775,-4.5144777,-6.4844775,-8.104478,-9.894478,-12.844478,-17.464478,-19.774477,-19.584478,-19.014477,-18.604477,-17.434477,-16.174477,-14.994477,-15.274478,-14.104478,-13.714478,-11.974478,-11.074477,-9.274478,-7.9544773,-6.7544775
-0.9144775,0.24552245,0.8955225,-8.144478,-6.6844773,-6.5944777,-6.6244774,-5.8944774,-3.5944777,-5.2144775,-5.224478,-5.3944774,-5.7944775,-6.4144773,-4.7944775,-2.9744775,1.1255225,3.1255224,3.8755224,4.5955224,4.4955225,4.6055226,5.7055225,6.0755224,6.7655225,7.8055224,9.265522,10.585523,10.475522,11.035522,12.235522,11.575522,12.705523,11.845523,9.615522,7.6655226,-1.0744776,-3.8444777,-5.6644773,-7.6944776,-9.904477,-10.874477,-16.904478,-19.344477,-20.234478,-20.214478,-19.944477,-18.824478,-17.054478,-17.084478,-16.864477,-15.564478,-14.854478,-13.554478,-12.264478,-10.5044775,-9.554478,-8.0044775
-1.9244776,-0.39447755,-0.21447754,-6.1844773,-7.4444776,-8.094478,-6.1544776,-7.9844775,-5.4044776,-9.154477,-8.534477,-8.424478,-7.3644776,-6.5944777,-4.7044773,-2.5144775,1.3955225,4.1855226,5.0455227,4.6955223,4.2555223,4.1855226,4.9855223,6.5155225,6.4855223,8.415523,9.375523,10.505523,11.445522,12.035522,11.735522,11.885523,11.715523,11.515522,9.445522,7.2855225,2.2455225,0.46552247,-5.0644774,-6.6344776,-9.574477,-10.924478,-13.204477,-18.154478,-19.274477,-20.464478,-20.614477,-20.274477,-18.724478,-18.144478,-18.354477,-17.274477,-16.244478,-14.614477,-13.844478,-11.834477,-11.054478,-9.564478
