static/data/gfs.t00z.pgrb2.1p00.f2.json
{"header": {"discipline":0,"disciplineName":"Meteorological products","gribEdition":2,"gribLength":79932,"center":7,"centerName":"US National Weather Service - NCEP(WMC)","subcenter":0,"refTime":"2019-06-20T00:00:00.000Z","significanceOfRT":1,"significanceOfRTName":"Start of forecast","productStatus":0,"productStatusName":"Operational products","productType":1,"productTypeName":"Forecast products","productDefinitionTemplate":0,"productDefinitionTemplateName":"Analysis/forecast at horizontal level/layer at a point in time","parameterCategory":2,"parameterCategoryName":"Momentum","parameterNumber":2,"parameterNumberName":"U-component_of_wind","parameterUnit":"m.s-1","genProcessType":2,"genProcessTypeName":"Forecast","forecastTime":3,"surface1Type":100,"surface1TypeName":"Isobaric surface","surface1Value":100000.0,"surface2Type":255,"surface2TypeName":"Missing","surface2Value":0.0,"gridDefinitionTemplate":0,"gridDefinitionTemplateName":"Latitude_Longitude","numberPoints":65160,"shape":6,"shapeName":"Earth spherical with radius of 6,371,229.0 m","gridUnits":"degrees","resolution":48,"winds":"true","scanMode":0,"nx":360,"ny":181,"basicAngle":0,"lo1":0.0,"la1":90.0,"lo2":359.0,"la2":-90.0,"dx":1.0,"dy":1.0}, "data":
[rows 78 to 103 of 181, columns 228 to 284 of 360]
-10.933035,-10.393035,-8.353035,-6.6630344,-6.533035,-5.553035,-5.033035,-3.5830348,-2.7030346,-4.8930345,-2.1330347,-6.473035,-5.9830346,-4.723035,-0.80303466,-0.34303465,-0.80303466,0.18696533,0.93696535,-0.013034668,-2.2230346,-2.7030346,-3.1630347,-2.0930347,-1.9230347,-1.1830347,-1.7330346,-2.4830346,-3.0530348,-2.7430346,-3.2130346,-4.0430346,-2.6730347,-1.8630347,-1.5030347,-1.3830347,-1.7130346,-1.3230346,-0.7130347,-0.47303468,0.096965335,-0.8330347,-0.26303467,-1.6530347,-10.133035,-10.593035,-4.8130345,-3.1130347,-3.5830348,-9.603035,-11.223035,-11.8330345,-12.413034,-13.753035,-14.323034,-15.453034,-17.203035
-0.9830347,-2.6430347,-6.6730347,-5.6330347,-5.723035,-5.0430346,-5.223035,-4.5930347,-3.6330347,-4.1930346,-4.1930346,1.0269654,3.1969652,3.6869652,3.2569654,1.8169653,-0.04303467,-0.06303467,-1.0030347,-2.7630346,-2.0030346,-1.3530346,-3.4030347,-3.1230347,-1.9530346,-0.76303464,-0.55303466,-2.0830348,-2.9830346,-3.0530348,-4.1630344,-4.553035,-4.513035,-3.7130346,-3.3030348,-3.2130346,-3.3130348,-2.5730348,-2.4830346,-1.9930347,-1.6030346,0.11696533,-1.7830347,-3.2030346,-14.6230345,-13.8330345,-13.713035,-4.3430347,-1.5930346,-9.233035,-8.703034,-10.313035,-9.903034,-10.383035,-11.023035,-12.153034,-13.703034
-0.39303467,-1.1630347,-2.0330346,-1.5330347,-0.22303466,-1.8030347,-2.1430347,-2.8230348,2.0869653,-2.5930347,0.7669653,2.7769654,3.1169653,4.4069653,3.1069653,2.6469653,2.0469654,0.9769653,1.4769653,0.8469653,0.8569653,0.86696535,-0.6630347,-0.9130347,-1.5430347,-1.0330347,-1.5030347,-1.8330346,-1.7130346,-1.5130347,-3.9030347,-3.4630346,-5.303035,-4.743035,-4.9630346,-5.053035,-4.9130344,-4.4430346,-4.2930346,-4.2730346,-3.8030348,-2.5730348,-3.7830346,-4.6630344,-12.353035,-5.4830346,-3.8130348,-1.5230347,-1.9430346,0.35696533,-2.9030347,-6.8630347,-7.7730346,-6.0930347,-6.323035,-6.1530347,-4.1730347
-1.0130347,-0.47303468,-0.14303467,-0.09303467,1.1369653,1.3969654,-4.4130344,-0.6530347,0.5969653,0.43696535,2.5269654,1.1969653,0.50696534,1.9869653,3.0769653,2.2069654,1.6369653,0.94696534,1.1169653,0.8569653,1.3669653,1.4469653,1.1869653,1.8169653,-0.21303467,0.55696535,-1.1330347,-1.0830346,-0.8930347,-0.14303467,-2.6830347,-2.3030348,-3.9530346,-5.8630347,-5.6730347,-4.723035,-4.8130345,-5.5830345,-6.683035,-6.1030345,-7.473035,-7.0230346,-6.223035,-5.6430345,-3.2230346,-0.87303466,0.46696532,-0.26303467,-2.0030346,0.7169653,0.5169653,3.3969653,2.3369653,-1.1830347,0.07696533,0.19696534,2.2669654
-3.3930347,-2.6930346,-2.3030348,-1.9930347,-3.5130346,-1.5830346,-0.63303465,-4.053035,-1.9030347,0.19696534,0.99696535,-0.70303464,-0.70303464,0.35696533,0.22696534,1.3069654,0.75696534,0.04696533,0.25696534,0.87696534,2.0569654,3.0969653,3.0569654,2.5469654,2.1669652,2.6269653,2.9469652,2.8369653,1.8669653,0.9569653,-0.43303466,1.1569654,0.54696536,-1.3830347,-0.35303468,-0.26303467,-2.6930346,-4.0830345,-6.7130346,-5.2730346,-5.5030346,-4.0830345,-1.9330347,3.2569654,5.3069654,6.7869654,6.8969655,5.6169653,1.5269654,1.1269653,-1.6930346,1.0869653,3.8169653,0.16696534,-0.16303466,0.46696532,0.9069653
-4.0030346,-2.9530346,-2.5530348,-3.4030347,-5.073035,-2.4330347,-3.1130347,-3.2630346,-1.9430346,-0.8930347,-1.9830346,-1.1730347,-1.5230347,-1.0330347,-0.6530347,-0.6030347,-0.48303467,-0.32303467,-0.7130347,-0.25303468,0.7169653,1.8669653,1.5869653,2.6169653,4.006965,4.526965,3.7469654,3.5269654,3.6669652,3.1169653,3.1269653,3.3769653,3.8069654,4.006965,5.0969653,4.2069654,4.776965,4.446965,4.1369653,3.7669654,5.2869654,6.1269655,5.966965,6.776965,6.2469654,5.6169653,6.2469654,5.546965,3.9669654,3.6769652,3.1669652,3.1669652,4.3869653,1.6469654,1.0369654,0.39696532,-0.5930347
-5.1630344,-4.6430345,-4.1630344,-4.2730346,-3.9130347,-3.6330347,-4.073035,-4.3630347,-3.8930347,-3.4330347,-3.2330346,-2.8830347,-1.8830347,-2.0930347,-1.7630347,-1.8830347,-2.0030346,-0.95303464,-1.3030347,-1.1530347,-0.26303467,1.1969653,0.50696534,1.2969654,2.8869653,4.1269655,3.9869654,2.4369652,3.4669654,3.2469654,3.5869653,2.3069654,2.8769653,3.6069653,3.2569654,3.5969653,3.8969653,4.176965,4.6669655,4.466965,4.4569654,6.276965,5.926965,6.0169654,4.9769654,4.9169655,4.6169653,-0.92303467,4.256965,3.7969654,2.1669652,1.6669654,4.3069654,3.3269653,2.4069653,0.80696535,1.4769653
-5.9830346,-6.2130346,-5.6130347,-5.6930346,-5.2930346,-5.453035,-4.933035,-5.493035,-5.183035,-4.493035,-3.9630346,-4.323035,-3.3930347,-3.2730346,-2.9230347,-3.3930347,-2.2030346,-2.1930346,-2.3730347,-1.4630346,-0.76303464,0.41696534,-0.34303465,-0.22303466,0.74696535,1.4669653,2.6569653,2.2869654,2.7069654,2.8469653,1.2969654,2.1069653,1.4569653,1.4169654,1.8469653,2.2169654,2.6769652,2.4869654,2.6569653,4.1069655,4.8269653,4.9969654,5.3269653,3.9969654,3.9369652,4.2269654,3.1269653,3.1869652,4.5169654,5.026965,4.776965,4.486965,4.946965,5.1469655,4.5969653,-0.023034668,0.9669653
-7.0930347,-6.8330345,-7.4630346,-6.9830346,-7.1230345,-6.573035,-6.2530346,-5.723035,-5.683035,-5.2930346,-5.6630344,-5.8130345,-4.8830347,-3.8930347,-3.7630346,-3.7830346,-3.4130347,-3.1930346,-2.7530346,-2.6030347,-1.3630347,-0.6530347,-1.2730347,-1.2630347,-0.6630347,-0.24303466,0.45696533,1.0169654,0.93696535,1.5969653,1.9069654,1.1969653,-0.9130347,-0.5230347,0.68696535,1.7269653,1.3469653,1.5769653,2.3669653,2.8369653,2.5069654,4.2469654,4.5369654,2.5969653,2.6969652,3.1969652,3.3669653,5.196965,4.8469653,5.3969655,4.986965,4.566965,5.3069654,5.8369656,5.3569655,0.75696534,-2.2630346
-7.533035,-8.023035,-8.143035,-9.033034,-8.023035,-7.8330345,-6.8430347,-5.9230347,-6.1130347,-6.6530347,-6.973035,-6.533035,-6.243035,-5.5930347,-4.6730347,-4.433035,-4.203035,-4.3830347,-4.0830345,-3.2730346,-2.0630348,-1.6630347,-2.2130346,-2.2730346,-2.1130347,-1.5530347,-0.61303467,-0.48303467,-0.17303467,0.42696533,-0.42303467,-0.8530347,-0.7230347,-0.56303465,-0.37303466,-0.24303466,0.6469653,0.5169653,2.1069653,1.6069653,1.8869653,2.4669654,0.8969653,2.4969654,1.7469653,2.6269653,3.9269652,4.3569655,4.8869653,4.546965,4.716965,4.176965,5.1269655,5.5769653,3.3369653,0.33696532,-2.7430346
-8.323034,-9.273035,-9.613034,-8.953034,-9.363034,-8.503035,-8.513035,-6.5430346,-6.823035,-7.5230346,-7.283035,-7.743035,-7.183035,-6.5830345,-6.013035,-5.6930346,-5.4430346,-5.2330346,-5.4830346,-4.1530347,-3.2930346,-2.6230347,-2.6430347,-2.7230346,-2.5130346,-2.8530347,-1.9730346,-1.6730347,-1.2130346,-1.5030347,-1.2230346,-1.0630347,-1.1730347,-2.0430346,-1.7330346,-1.6130347,-0.74303466,0.08696533,-0.09303467,0.67696536,1.6069653,0.99696535,0.21696533,0.45696533,0.6469653,1.5869653,3.5969653,3.0369654,4.546965,4.0169654,4.3669653,4.3369656,5.5969653,6.8569655,0.87696534,-1.4630346,2.0069654
-8.973035,-9.493034,-8.963035,-9.383035,-9.523035,-9.323034,-9.153034,-7.5630345,-7.4830346,-8.203034,-7.9130344,-7.5630345,-7.4630346,-7.4030347,-6.9030347,-6.453035,-6.1230345,-5.4030347,-5.8130345,-4.533035,-3.9330347,-4.033035,-2.9230347,-3.1330347,-3.1430347,-3.4230347,-3.5730348,-3.3830347,-3.0930347,-3.0030346,-2.7630346,-1.6230347,-2.1630347,-1.9030347,-2.5130346,-2.4230347,-1.4830346,-0.7730347,-1.3030347,-0.20303467,1.5269654,1.4469653,-1.4130347,-0.37303466,0.46696532,1.0169654,1.4969653,1.9269654,2.1569653,4.2269654,3.6569653,4.9069653,5.6569653,2.5369654,-1.8330346,-0.86303467,0.12696533
-9.3730345,-10.293035,-8.5830345,-9.5830345,-9.553035,-8.793035,-9.013035,-9.433035,-8.033034,-8.953034,-8.543035,-8.183035,-7.4630346,-8.153034,-7.0030346,-6.8530345,-5.8630347,-6.013035,-5.5830345,-4.8330345,-4.0630345,-3.5130346,-4.1130347,-3.6630347,-4.1930346,-3.9230347,-4.533035,-3.7830346,-3.7430346,-3.6930346,-3.9130347,-3.2530346,-1.7830347,-2.7030346,-2.6930346,-2.6130347,-2.0730348,-1.7830347,-2.5330346,-2.1730347,-0.14303467,-4.2130346,-1.6130347,-0.69303465,-0.24303466,0.31696534,0.38696533,0.48696533,0.45696533,2.3469653,3.8669653,4.8969655,1.3869653,0.006965332,-4.013035,1.2069653,-0.6030347
-10.453034,-10.413034,-9.943035,-9.343035,-9.143035,-8.913034,-9.233035,-10.003035,-9.933035,-9.543035,-9.163034,-9.303035,-8.463035,-8.383035,-7.803035,-7.743035,-6.6530347,-5.6430345,-5.723035,-5.3930345,-4.723035,-4.1230345,-4.0630345,-4.9030347,-4.8530345,-4.9130344,-5.1130347,-4.5830345,-4.4230347,-3.6230347,-4.303035,-3.0030346,-2.6230347,-2.4830346,-2.9030347,-3.6030347,-3.1830347,-3.2330346,-2.6130347,-3.9930346,-4.1530347,0.88696533,-1.4730346,-0.9730347,-1.0930346,-0.5330347,-0.14303467,-0.9730347,-0.04303467,1.6469654,3.1969652,3.2769654,1.1369653,-2.8930347,1.6669654,1.1669654,-1.0030347
-10.413034,-10.703034,-10.803035,-10.343035,-9.753035,-9.983035,-9.993034,-10.763035,-10.553035,-9.913034,-10.053035,-10.163034,-9.713035,-8.823034,-8.823034,-8.8730345,-8.0830345,-7.473035,-7.1430345,-7.263035,-6.5830345,-5.2130346,-5.2530346,-5.9030347,-5.8130345,-5.533035,-5.493035,-4.4130344,-4.533035,-5.573035,-4.8930345,-3.7630346,-1.9530346,-3.7230346,-3.1930346,-4.3530345,-4.073035,-3.5430346,-3.6330347,-3.9330347,-3.9230347,-2.2430346,-2.6530347,-1.1230347,-1.2030346,-1.1630347,-0.63303465,-1.2130346,-0.47303468,0.8969653,2.9169652,3.3769653,3.1269653,-1.9530346,1.5969653,-0.17303467,-0.93303466
-10.783034,-11.073034,-10.753035,-10.233035,-10.803035,-10.893035,-10.573034,-10.883035,-10.403034,-10.033034,-10.903034,-10.683035,-10.253035,-9.993034,-9.103035,-8.773035,-8.8730345,-7.973035,-7.433035,-7.953035,-7.5930347,-6.8530345,-6.703035,-5.9430346,-5.783035,-6.1930346,-5.3630347,-5.683035,-5.1530347,-5.3730345,-4.7730346,-4.4030347,-2.7230346,-5.1730347,-3.3230348,-5.0630345,-4.0930347,-4.0930347,-4.4630346,-3.1530347,-3.5730348,-3.9130347,-3.3630347,-2.0530348,-1.7230346,-0.94303465,-0.6630347,-0.87303466,-0.45303467,-0.57303464,2.7369654,5.9369655,4.3869653,-1.5030347,1.4769653,-0.68303466,-0.6030347
-11.3330345,-11.533034,-10.903034,-10.793035,-10.813035,-10.693035,-11.313035,-11.283034,-11.193035,-10.323034,-10.803035,-10.713035,-10.383035,-9.733035,-9.603035,-8.453034,-8.993034,-8.023035,-7.6630344,-8.423035,-8.263035,-8.743034,-7.2530346,-6.5430346,-5.9230347,-6.073035,-5.743035,-5.3530345,-6.073035,-6.2730346,-5.3930345,-4.013035,-5.0630345,-5.263035,-3.9330347,-4.1430345,-5.3930345,-5.1630344,-4.6230345,-4.0930347,-3.9530346,-4.1430345,-4.3330345,-3.0830348,-2.8530347,-2.1130347,-1.5030347,-1.6330347,-0.93303466,-1.4830346,0.48696533,3.1169653,-0.23303467,-1.7230346,1.4769653,-1.1030346,-0.33303466
-11.173035,-11.753035,-11.253035,-10.673035,-11.483035,-10.913034,-11.5830345,-11.173035,-10.893035,-10.813035,-10.223035,-10.8730345,-10.473035,-9.633035,-8.733035,-9.193035,-8.733035,-8.173035,-8.393035,-8.193035,-8.423035,-8.703034,-8.253035,-7.7730346,-6.533035,-6.4230347,-5.4630346,-7.4630346,-6.0830345,-6.683035,-6.243035,-5.3130345,-4.6330347,-4.6630344,-4.783035,-5.4230347,-6.723035,-4.5830345,-4.8930345,-4.4630346,-4.803035,-5.3130345,-4.453035,-3.9330347,-3.1730347,-2.2030346,-2.3230348,-2.6130347,-2.1030347,-1.9030347,-1.4230347,-1.8830347,-0.68303466,-0.16303466,-0.41303468,0.81696534,-0.82303464
-11.413034,-11.013035,-11.593035,-10.923035,-11.023035,-11.403034,-12.013035,-11.493034,-11.243034,-11.203034,-10.6230345,-10.353035,-10.223035,-9.733035,-9.053035,-8.473035,-8.663034,-9.203034,-8.463035,-8.563035,-8.283034,-8.633035,-8.993034,-7.493035,-7.183035,-7.3530345,-6.723035,-7.223035,-5.8730345,-6.4830346,-6.053035,-5.8630347,-5.5930347,-5.4230347,-5.0830345,-5.953035,-6.1030345,-5.4630346,-5.2930346,-5.473035,-5.8430347,-4.8130345,-4.6630344,-4.0030346,-3.2530346,-2.9130347,-3.0530348,-3.2030346,-2.8730347,-2.2230346,-3.1530347,-2.3630347,-0.8530347,-0.5330347,-2.2030346,-1.0230347,1.0569654
-11.233035,-11.303035,-11.923035,-11.413034,-11.113034,-11.503035,-11.693035,-11.763035,-11.3330345,-11.343035,-11.023035,-10.533034,-9.553035,-9.433035,-9.353035,-8.573034,-7.953035,-8.903034,-8.5830345,-8.6230345,-8.523035,-8.383035,-8.533034,-8.453034,-7.3730345,-6.3630347,-7.0930347,-6.8830347,-6.3830347,-6.573035,-5.9230347,-5.283035,-5.3130345,-5.4630346,-6.243035,-5.6530347,-6.2730346,-6.5930347,-5.8930345,-5.8130345,-4.763035,-4.6530347,-4.3130345,-4.4430346,-3.5030346,-4.3630347,-3.8830347,-3.9330347,-3.5430346,-3.6130347,-3.7730346,-2.9230347,-2.7030346,-1.9330347,-1.7630347,1.4969653,-0.8430347
-11.233035,-11.463035,-11.673035,-11.3730345,-11.733035,-11.423035,-11.5830345,-11.343035,-11.103035,-11.3730345,-11.263035,-10.463035,-9.973035,-9.903034,-9.033034,-9.543035,-8.293035,-8.213035,-8.773035,-8.353035,-8.703034,-8.693035,-7.7530346,-7.953035,-7.5930347,-6.9130344,-6.473035,-6.533035,-6.0830345,-6.7530346,-5.9230347,-5.1130347,-4.5030346,-5.803035,-6.053035,-5.4130344,-6.5230346,-6.473035,-6.493035,-5.493035,-4.7730346,-5.0430346,-4.4430346,-4.823035,-5.283035,-4.6930346,-4.453035,-4.573035,-3.8030348,-4.073035,-4.433035,-3.9230347,-3.0730348,-0.23303467,-3.2930346,2.4069653,-0.22303466
-11.403034,-11.463035,-11.733035,-12.473035,-11.813035,-11.653034,-11.363034,-11.293035,-11.053035,-10.483035,-10.903034,-11.003035,-10.693035,-9.8330345,-9.533034,-8.853035,-8.723035,-7.9630346,-8.723035,-8.393035,-7.6430345,-8.073034,-7.9430346,-7.6230345,-7.5030346,-6.743035,-6.0030346,-5.7330346,-5.263035,-4.8330345,-6.033035,-5.6930346,-5.4430346,-5.8330345,-6.1130347,-5.8730345,-5.9230347,-6.0430346,-6.0630345,-6.1230345,-5.8730345,-4.5030346,-4.323035,-4.9830346,-4.8430347,-4.823035,-4.6230345,-3.3930347,-4.183035,-4.3930345,-4.7130346,-4.6230345,-3.3430347,-2.6830347,-0.9630347,-2.7830346,-1.1030346
-10.923035,-11.483035,-11.293035,-11.903034,-12.003035,-11.793035,-11.403034,-11.433035,-11.343035,-11.413034,-11.193035,-10.883035,-11.183035,-10.903034,-9.963035,-9.783034,-8.723035,-8.3330345,-7.6730347,-8.273035,-7.4230347,-7.0430346,-7.053035,-7.1230345,-6.803035,-5.8430347,-6.0230346,-5.433035,-4.9430346,-5.1330347,-4.6930346,-5.8430347,-5.4230347,-6.1730347,-5.7130346,-5.7330346,-5.5230346,-6.183035,-6.0830345,-5.3830347,-4.823035,-5.4130344,-3.8730347,-3.5230346,-4.6430345,-4.7130346,-4.9830346,-4.3930345,-3.7330346,-4.5830345,-4.513035,-4.3430347,-3.2330346,-3.1930346,-0.28303468,-2.7030346,-0.31303465
-11.113034,-11.153034,-10.733035,-11.283034,-11.293035,-10.893035,-11.0830345,-11.743034,-11.353035,-11.433035,-10.593035,-11.153034,-10.443035,-11.543035,-10.763035,-9.973035,-9.673035,-8.683035,-7.9830346,-7.5630345,-7.783035,-6.533035,-7.223035,-6.6730347,-6.453035,-5.3530345,-5.283035,-5.1730347,-4.933035,-5.3530345,-4.8130345,-4.4230347,-6.1330347,-5.683035,-5.013035,-4.9030347,-5.283035,-6.033035,-5.8930345,-5.743035,-5.3330345,-4.4830346,-4.5830345,-3.6330347,-4.0430346,-4.053035,-4.2930346,-4.2530346,-4.8530345,-4.053035,-4.6330347,-4.2530346,-3.6230347,-2.7430346,-2.9830346,-1.1830347,-1.2330346
-10.553035,-10.283034,-10.3730345,-10.543035,-10.383035,-10.3730345,-10.763035,-11.653034,-11.303035,-11.963035,-11.753035,-11.713035,-11.193035,-10.823034,-10.283034,-9.663034,-9.693035,-8.973035,-8.613034,-7.3830347,-8.603035,-7.033035,-6.5630345,-5.9630346,-6.683035,-5.3730345,-5.433035,-5.243035,-5.5030346,-4.8630347,-5.203035,-6.3330345,-5.473035,-5.2530346,-5.033035,-5.3630347,-5.1730347,-5.9230347,-5.9830346,-6.243035,-5.0830345,-3.7030346,-3.5430346,-4.7730346,-3.5130346,-3.9230347,-3.7530346,-4.0930347,-4.5230346,-4.4430346,-4.6130347,-4.3430347,-3.3630347,-3.3130348,-2.3530347,1.5069653,-2.9430346
-9.313035,-9.633035,-9.683035,-9.913034,-10.043035,-11.503035,-12.173035,-11.743034,-12.433035,-11.753035,-10.683035,-10.743034,-10.403034,-10.093035,-10.773035,-10.443035,-10.283034,-8.893035,-8.783034,-8.153034,-6.6430345,-7.3330345,-6.7330346,-6.3730345,-5.783035,-5.513035,-4.8630347,-4.9230347,-4.8630347,-4.783035,-5.3630347,-6.493035,-5.5230346,-4.3930345,-5.1930346,-4.7530346,-5.323035,-4.8930345,-5.013035,-4.6730347,-5.1630344,-3.4030347,-2.6230347,-3.4430346,-4.3730345,-3.7330346,-5.243035,-4.5230346,-4.0230346,-4.2530346,-4.8430347,-4.1930346,-3.8530347,-3.6930346,-2.9130347,-1.2330346,-0.12303467
