static/data/gfs.t00z.pgrb2.1p00.f12.json
{"header": {"discipline":0,"disciplineName":"Meteorological products","gribEdition":2,"gribLength":81252,"center":7,"centerName":"US National Weather Service - NCEP(WMC)","subcenter":0,"refTime":"2019-06-20T00:00:00.000Z","significanceOfRT":1,"significanceOfRTName":"Start of forecast","productStatus":0,"productStatusName":"Operational products","productType":1,"productTypeName":"Forecast products","productDefinitionTemplate":0,"productDefinitionTemplateName":"Analysis/forecast at horizontal level/layer at a point in time","parameterCategory":2,"parameterCategoryName":"Momentum","parameterNumber":3,"parameterNumberName":"V-component_of_wind","parameterUnit":"m.s-1","genProcessType":2,"genProcessTypeName":"Forecast","forecastTime":18,"surface1Type":100,"surface1TypeName":"Isobaric surface","surface1Value":100000.0,"surface2Type":255,"surface2TypeName":"Missing","surface2Value":0.0,"gridDefinitionTemplate":0,"gridDefinitionTemplateName":"Latitude_Longitude","numberPoints":65160,"shape":6,"shapeName":"Earth spherical with radius of 6,371,229.0 m","gridUnits":"degrees","resolution":48,"winds":"true","scanMode":0,"nx":360,"ny":181,"basicAngle":0,"lo1":0.0,"la1":90.0,"lo2":359.0,"la2":-90.0,"dx":1.0,"dy":1.0}, "data":
[rows 54 to 80 of 181, columns 0 to 59 of 360]
-0.8232739,-2.703274,-2.983274,-3.173274,-1.4332739,8.906726,7.056726,5.786726,-0.52327394,-9.463274,-1.523274,9.116726,6.496726,2.216726,-1.883274,-1.373274,-1.4332739,1.1767261,-0.31327394,-2.083274,-3.693274,-4.893274,-6.173274,-0.76327395,0.9367261,-1.1032739,-4.623274,-6.683274,-5.2632737,-3.723274,-1.633274,-0.15327393,0.47672608,2.8567262,3.496726,4.566726,4.936726,-0.0032739257,-1.013274,-3.513274,-3.943274,1.6667261,0.73672605,-0.53327394,-0.59327394,0.48672608,-1.243274,-1.9332739,0.096726075,-0.7332739,-6.303274,-0.37327394,1.3467261,0.66672605,0.39672607,-7.963274,-6.883274,-3.193274,2.056726,-0.06327393
-6.903274,-8.293274,-7.563274,5.056726,10.346726,9.716726,5.2567263,4.566726,2.266726,1.516726,5.206726,4.576726,2.466726,1.616726,-0.25327393,-2.6632738,-1.393274,-1.0332739,-1.243274,-2.783274,-4.0132737,-4.863274,-4.843274,-5.453274,-3.493274,-1.133274,-3.533274,-5.343274,-4.583274,-5.2432737,-3.513274,-0.0032739257,1.6667261,0.8167261,-1.2232739,7.0267262,3.016726,-0.16327393,-2.6032739,-7.363274,-4.053274,-2.573274,-0.58327395,-2.033274,-1.1932739,-2.8732738,0.79672605,0.3167261,-0.9832739,-0.34327394,1.9367261,-0.7532739,-0.37327394,-0.31327394,-2.6532738,-4.583274,-5.583274,-0.8532739,-1.123274,-6.073274
-2.6132739,10.496726,9.496726,7.7567263,6.326726,6.7767262,4.746726,2.286726,-3.223274,0.37672606,3.736726,3.716726,3.326726,1.1467261,-0.19327393,-1.4232739,-2.033274,-2.543274,-2.443274,-2.803274,-3.763274,-4.903274,-5.563274,-5.7232738,-5.753274,-3.573274,-2.523274,-0.38327393,-4.503274,-5.063274,-2.703274,-2.193274,-1.4732739,-1.733274,1.126726,4.196726,-0.033273924,0.39672607,-7.083274,-7.053274,-3.293274,-3.783274,-3.9132738,-1.123274,-1.1932739,-1.613274,-3.833274,-2.6332738,0.6467261,3.466726,0.5767261,-4.953274,-0.6132739,-0.97327393,-4.043274,-2.553274,-5.453274,0.8867261,-1.1932739,0.13672608
9.326726,7.896726,6.036726,5.346726,6.036726,5.146726,5.386726,3.5867262,1.486726,-1.3432739,-0.90327394,-0.64327395,0.06672607,-0.21327393,-0.113273926,-2.183274,-2.803274,-3.183274,-3.6332738,-3.483274,-3.823274,-3.253274,-1.383274,-6.163274,-6.703274,-6.2232738,-5.203274,-2.063274,-1.7832739,-5.433274,-4.623274,-3.283274,-2.793274,-2.683274,-1.4132739,0.19672607,0.8867261,1.7167261,-0.4932739,-1.3432739,-0.47327393,-3.0932739,-4.053274,-4.5332737,-5.563274,-4.2432737,-5.053274,-3.493274,-0.37327394,1.2067261,-0.9332739,0.83672607,-4.593274,-0.31327394,-3.6132739,-7.0332737,1.0567261,2.066726,-4.133274,-1.9132739
6.186726,6.126726,3.976726,3.806726,4.766726,5.476726,3.8767262,3.0867262,1.366726,-2.043274,-1.123274,-1.9732739,-4.0132737,-4.133274,-4.323274,-2.773274,-3.523274,-3.5932739,-4.383274,-4.593274,-6.693274,-7.423274,-5.393274,-7.603274,-4.9732738,-5.0332737,-6.383274,-4.383274,-4.343274,-5.753274,-6.713274,-6.353274,-6.173274,-5.583274,-3.8432739,-0.7532739,-0.5632739,-3.033274,-0.7532739,-0.28327394,-2.283274,-2.193274,-3.323274,-3.3632739,-3.303274,-5.423274,-6.593274,-5.363274,-1.733274,-0.77327394,1.1767261,1.4167261,2.696726,-4.5132737,-3.193274,-4.393274,2.0967262,-6.983274,-1.883274,-5.153274
3.476726,3.506726,1.856726,2.8767262,3.176726,2.8767262,3.566726,2.3867261,2.1467261,0.7567261,-0.07327393,-1.633274,-6.343274,-3.8932738,-2.683274,-3.6632738,-3.463274,-3.713274,-5.003274,-6.883274,-9.923274,-6.423274,-6.213274,-7.573274,-6.843274,-6.503274,-6.923274,-5.4732738,-5.463274,-7.323274,-8.673274,-7.7832737,-8.173274,-5.2632737,-3.8532739,-5.453274,-2.273274,-4.063274,-5.203274,-3.003274,-2.253274,-0.8032739,-2.483274,-4.103274,-3.963274,-4.0132737,-3.993274,-4.4732738,-4.873274,-2.6232738,-4.593274,0.8667261,1.1667261,1.996726,7.386726,3.3467262,2.226726,2.196726,-1.4532739,-3.713274
3.326726,1.5767261,1.3067261,0.9967261,3.3367262,2.476726,3.176726,2.556726,1.6767261,1.0667261,-1.2132739,-0.5032739,-5.693274,-1.3132739,-1.0432739,-2.703274,-5.693274,-6.483274,-4.643274,-5.2432737,-8.963274,-10.033274,-6.703274,-5.593274,-7.923274,-10.523273,-9.543274,-10.623274,-12.343274,-9.693274,-8.423274,-9.613274,-8.583274,-4.883274,-5.463274,-7.233274,-5.4932737,-4.613274,-4.793274,-5.403274,-3.9032738,-4.683274,-2.783274,-3.693274,-3.8732738,-2.5932739,-4.133274,-5.073274,-3.013274,-3.733274,-4.413274,2.936726,0.8167261,0.71672606,2.456726,5.096726,7.566726,5.7767262,1.626726,-0.0132739255
4.306726,3.826726,-1.2032739,0.17672607,0.60672605,2.576726,1.7767261,4.596726,3.796726,2.6067262,0.8267261,-0.033273924,-1.4132739,-0.8632739,-3.173274,-4.303274,-4.353274,-2.953274,-4.883274,-7.2832737,-9.813274,-4.863274,-3.9032738,-4.2632737,-6.023274,-7.003274,-4.753274,-12.363274,-10.063274,-12.453274,-11.073274,-10.9832735,-5.213274,-9.4832735,-4.193274,-0.89327395,-4.583274,-5.273274,-4.923274,-5.5332737,-4.623274,-4.523274,-4.7232738,-3.753274,-3.553274,-3.503274,-1.8232739,-2.963274,-4.663274,-4.853274,-3.693274,1.0467261,-3.8632739,0.41672608,1.106726,5.376726,5.066726,0.7567261,3.266726,6.446726
3.436726,2.926726,-1.113274,-1.3432739,-1.523274,-1.7232739,-1.1732739,0.7567261,0.9367261,3.1367261,-0.48327392,1.9267261,-2.333274,-3.1632738,-5.843274,-3.1632738,-4.823274,-6.5332737,-4.023274,-6.003274,-5.613274,-6.923274,-5.823274,-5.913274,-5.183274,-7.233274,-7.703274,-11.103274,-13.393274,-6.693274,-8.123274,-9.9832735,-3.063274,-2.9032738,-0.23327392,2.316726,0.8067261,-1.2232739,-5.363274,-3.563274,-3.8432739,-5.683274,-5.653274,-3.543274,-4.483274,-4.553274,-4.113274,-3.713274,-4.003274,-6.7432737,-5.913274,-5.053274,-3.263274,1.5567261,1.986726,1.136726,2.186726,1.246726,0.35672608,0.47672608
1.0967261,2.5867262,-3.683274,-4.073274,-2.943274,-4.063274,-3.6032739,-3.183274,-1.143274,-0.66327393,1.3067261,-1.633274,-0.4632739,-1.6932739,-3.443274,-3.6532738,-5.413274,-0.38327393,-3.493274,-5.203274,-6.073274,-5.423274,-6.7632737,-6.323274,-6.113274,-6.7432737,-8.763274,-5.5332737,-5.2632737,-5.063274,0.65672606,5.2167263,6.016726,-0.9332739,4.846726,3.3667262,-0.27327392,-0.7432739,-2.4132738,-5.343274,-3.443274,-5.423274,-7.9932737,-4.083274,-3.983274,-4.823274,-4.953274,-4.413274,-4.343274,-2.983274,-6.103274,-6.633274,-6.163274,-4.153274,-1.9132739,-0.59327394,-1.483274,3.026726,4.076726,6.286726
0.90672606,-2.083274,-2.083274,0.2867261,2.246726,-3.733274,-2.4032738,0.3167261,0.026726075,-0.39327392,-3.6432738,-5.043274,-6.213274,-5.813274,-6.553274,-5.503274,-3.493274,-3.6632738,1.626726,-2.993274,-5.5332737,-3.8932738,-5.163274,-7.503274,-5.793274,-7.343274,-6.893274,-5.133274,-5.893274,0.98672605,4.396726,4.166726,2.736726,1.5467261,3.6267262,3.466726,-3.4032738,-4.643274,-4.483274,-3.453274,-2.5932739,-4.853274,-4.9732738,-6.553274,-6.4732738,-6.143274,-6.443274,-5.563274,-4.133274,-3.013274,-5.413274,-6.023274,-7.373274,-7.803274,-6.673274,-4.673274,1.126726,6.726726,2.056726,1.5767261
-0.84327394,0.77672607,1.746726,-1.9732739,0.7467261,2.8867261,-0.78327394,0.7567261,6.0267262,5.296726,-1.9732739,-0.91327393,-2.063274,-3.953274,-2.263274,-5.4932737,-4.2832737,-2.1332738,-3.4132738,-5.303274,-3.983274,-5.213274,-4.613274,-6.163274,-8.263274,-4.873274,-4.413274,-3.973274,-1.993274,5.636726,2.8467262,4.396726,0.43672606,0.8767261,-2.313274,-2.733274,-5.673274,-4.413274,-2.553274,-3.303274,-7.4732738,-6.693274,-7.793274,-7.653274,-8.493274,-8.263274,-5.463274,-4.463274,-4.713274,-5.373274,-3.733274,-5.193274,-7.9732738,-7.683274,-7.383274,-4.633274,1.006726,-0.51327395,-0.30327392,1.986726
-1.4332739,-0.14327392,0.056726076,0.6367261,0.47672608,-1.363274,-3.533274,2.3467262,1.1867261,0.98672605,-0.51327395,-2.813274,-3.493274,-5.103274,-6.843274,-4.943274,-2.743274,-4.943274,-5.213274,-4.843274,-6.443274,-5.673274,-5.543274,-5.663274,-5.083274,-3.493274,-2.773274,-4.273274,5.576726,3.426726,4.126726,-1.0632739,-2.013274,-6.0132737,4.266726,-0.14327392,-7.193274,-7.123274,-7.583274,-6.193274,-6.563274,-9.043274,-9.7332735,-8.873274,-4.943274,-3.8632739,-4.983274,-6.053274,-5.953274,-5.833274,-2.4032738,-5.153274,-5.613274,-6.0132737,-6.073274,-5.123274,-3.243274,-2.3632739,0.8967261,6.626726
-2.3632739,-0.70327395,-0.28327394,-1.643274,-4.523274,-0.6832739,1.1667261,1.0367261,1.3967261,-0.8632739,0.35672608,-4.653274,-6.503274,-7.443274,-5.7432737,-3.6532738,-4.303274,-6.183274,-5.913274,-7.323274,-7.073274,-6.303274,-7.063274,-6.293274,-5.623274,-2.5932739,-3.8932738,2.0867262,3.746726,3.006726,0.7567261,-1.633274,-4.593274,0.026726075,2.0967262,0.43672606,-5.0132737,-10.013274,-9.643274,-6.693274,-5.443274,-5.753274,-7.093274,-6.213274,-5.943274,-6.123274,-6.323274,-6.7432737,-6.563274,-5.4932737,-5.023274,-5.7832737,-4.9932737,-7.203274,-5.9732738,-6.463274,-4.163274,1.1667261,3.486726,1.4467261
-3.4032738,-3.033274,-3.213274,-3.1632738,0.19672607,-1.273274,3.8367262,0.34672606,-1.513274,-2.813274,-1.003274,-1.4732739,-3.773274,-4.713274,-6.293274,-5.833274,-6.733274,-5.803274,-6.003274,-5.313274,-3.073274,-6.2432737,-6.653274,-3.3532739,-6.093274,-5.503274,0.16672607,2.176726,3.576726,-0.06327393,-2.203274,-4.553274,-4.523274,-0.48327392,-1.5932739,-3.533274,-4.363274,-8.423274,-9.843274,-3.943274,1.886726,-4.113274,-6.463274,-7.343274,-5.863274,-5.5132737,-5.403274,-3.1232738,-4.313274,-4.133274,-4.923274,-4.933274,-6.143274,-6.833274,-5.563274,-5.123274,-4.553274,-4.413274,5.626726,4.936726
-2.923274,-1.6632739,-4.083274,-3.033274,-4.133274,0.9267261,0.7467261,1.8267261,2.986726,-1.253274,-5.7832737,0.27672607,-2.3632739,-5.503274,-4.813274,-6.2632737,-7.303274,-2.213274,-6.393274,2.796726,-3.203274,0.60672605,-5.073274,-6.543274,-2.703274,0.41672608,0.72672606,1.516726,-2.3632739,-4.643274,-5.713274,-3.433274,-1.893274,-6.523274,-6.193274,-5.253274,-3.1432738,-1.003274,-7.643274,-6.603274,-3.4032738,-2.743274,-6.573274,-5.603274,0.08672608,0.32672608,0.6967261,0.6767261,-1.0532739,-2.523274,-1.9032739,-5.2232738,-6.4732738,-6.603274,-6.323274,-6.2632737,-4.2832737,-4.833274,7.826726,8.346726
-3.813274,-5.343274,-6.303274,-1.1832739,4.586726,5.5267262,5.406726,3.3867261,4.246726,11.296726,4.2767262,-3.533274,-3.063274,1.0767261,2.716726,3.036726,2.986726,-8.143274,-2.313274,0.79672605,-4.453274,2.786726,3.1567261,-1.4432739,-0.8732739,-2.673274,-0.8232739,-3.3632739,-5.0132737,-4.703274,3.1167262,1.8067261,-2.443274,-3.5932739,-1.5732739,-4.413274,1.1667261,0.07672607,-5.4732738,-7.2432737,-6.213274,-0.5032739,-0.6732739,-2.563274,-1.1832739,-1.3032739,-1.123274,-0.84327394,-0.76327395,-3.3732738,-3.6432738,-2.213274,-4.103274,-6.853274,-5.443274,-6.073274,-5.953274,7.556726,10.556726,10.186726
-4.4732738,-2.293274,3.456726,6.5067263,4.246726,3.246726,2.686726,9.306726,1.2867261,4.046726,6.266726,-1.4432739,4.976726,4.166726,5.856726,4.306726,3.976726,2.8667262,3.276726,4.666726,2.436726,-0.7932739,0.07672607,-0.96327394,0.17672607,-3.0932739,-2.763274,-0.24327393,-0.9932739,1.2867261,-2.793274,-1.003274,-1.0532739,-3.993274,-1.873274,-1.8332739,-0.71327394,-1.8032739,-5.463274,-7.2632737,-6.373274,-3.503274,-0.48327392,-4.5332737,-6.773274,-4.363274,-3.1532738,-2.213274,-3.273274,-3.553274,-2.8832738,-3.443274,-3.1332738,-3.583274,-3.043274,-5.373274,4.656726,8.5167265,10.096726,8.646726
5.946726,5.7767262,1.976726,11.286726,4.396726,2.6067262,3.3667262,9.786726,7.556726,-6.423274,-5.063274,5.106726,3.536726,3.9067261,-1.0832739,0.85672605,1.1667261,4.136726,2.6367261,1.736726,4.2167263,2.3467262,2.3367262,0.06672607,-0.18327393,-3.293274,0.17672607,-3.6432738,-2.6032739,-4.393274,-4.193274,-2.8532739,-5.233274,-2.003274,-4.983274,-3.8432739,-2.1332738,-2.323274,-0.7532739,-5.463274,-5.4732738,-6.003274,-0.6832739,1.5567261,-4.5132737,0.49672607,-1.3532739,-3.513274,-3.9032738,-4.173274,-3.823274,-3.433274,-3.8832738,-4.2632737,-3.1332738,-0.5432739,6.666726,9.306726,9.436726,9.076726
4.2367263,13.846726,8.916726,-2.443274,-1.1532739,0.72672606,8.946726,4.396726,-15.743274,-6.853274,4.336726,0.41672608,2.266726,-2.1232738,-0.16327393,-2.323274,0.98672605,3.176726,1.226726,0.66672605,2.316726,-0.91327393,-7.393274,-0.36327392,1.746726,1.0867261,0.7567261,-2.3632739,-3.953274,-5.183274,-4.183274,-4.733274,-2.693274,1.236726,-2.333274,-2.753274,-2.6032739,-1.113274,1.126726,-6.383274,-4.773274,-7.713274,-6.143274,0.48672608,0.08672608,1.236726,-0.84327394,-3.303274,-3.3632739,-5.043274,-1.393274,2.196726,1.856726,3.9067261,0.9367261,5.726726,9.276726,9.856726,8.946726,9.346726
5.726726,-4.543274,-7.893274,-0.90327394,4.056726,6.936726,-4.273274,-1.003274,1.256726,2.536726,0.6967261,2.296726,1.2967261,3.766726,2.016726,0.7067261,1.4367261,2.3967261,3.8867261,-1.5732739,-0.13327393,-1.3332739,-1.5432739,-2.043274,-0.8032739,-4.433274,-3.333274,-3.8632739,-2.463274,-4.123274,-4.773274,1.116726,0.5667261,-1.0332739,2.246726,3.316726,2.326726,0.056726076,-1.1532739,1.496726,-1.363274,-4.133274,-3.5932739,-0.78327394,3.686726,-2.713274,-0.4332739,0.13672608,-4.913274,2.946726,-1.0832739,0.33672607,-2.763274,5.186726,5.406726,6.0267262,7.866726,8.576726,9.846726,10.836726
4.576726,4.406726,1.8367261,-0.36327392,0.17672607,-1.393274,2.3767262,1.356726,0.026726075,-1.5732739,2.066726,-0.4332739,-1.983274,4.5067263,3.1267262,2.486726,2.976726,1.236726,1.3367261,1.4167261,-4.173274,-3.573274,-2.773274,-1.493274,-3.233274,-5.503274,-0.34327394,-0.9432739,-1.7832739,-2.563274,-0.6932739,0.12672608,2.276726,1.4267261,4.396726,4.0067263,3.006726,1.8067261,-0.8832739,-3.533274,-3.6432738,-1.113274,-4.093274,-2.213274,1.4167261,1.7967261,4.806726,3.486726,3.746726,4.046726,0.46672606,3.266726,6.7767262,8.296726,8.596726,7.546726,8.126726,9.296726,8.976727,8.726727
-0.083273925,1.2167261,-0.13327393,3.176726,0.8267261,-3.493274,1.266726,1.2867261,-0.10327393,2.736726,2.3967261,1.606726,-2.213274,-1.5832739,-1.023274,4.696726,0.6367261,2.8767262,-11.763274,-2.8732738,-2.483274,-2.0932739,-1.7132739,-0.95327395,-3.723274,-4.193274,0.54672605,-2.463274,-1.113274,0.35672608,-1.363274,1.1667261,2.976726,4.4867263,5.166726,3.826726,3.416726,3.286726,4.876726,0.18672608,0.53672606,-2.3632739,-0.51327395,-5.843274,0.21672608,1.2067261,0.5767261,-0.44327393,1.256726,0.83672607,5.016726,6.036726,8.026726,10.126726,9.216726,6.666726,9.886726,9.296726,8.746726,8.446726
1.7167261,3.036726,2.266726,0.026726075,-1.383274,-2.8432739,-1.393274,1.8367261,-2.023274,0.17672607,-1.9132739,0.98672605,3.766726,3.6167262,-3.6632738,-4.353274,3.0867262,5.826726,-4.083274,-0.4632739,-3.6032739,-3.053274,1.3267261,1.1567261,1.746726,1.726726,3.046726,3.486726,2.016726,5.376726,6.356726,7.306726,2.516726,5.646726,3.946726,3.3667262,4.0267262,-1.1632739,-5.293274,-0.44327393,-1.9132739,-5.893274,-8.403274,-8.803274,-2.443274,-3.233274,0.6967261,-0.083273925,-0.123273924,2.8467262,3.746726,5.136726,9.676726,12.876726,10.406726,12.566726,10.826726,10.246726,10.056726,9.126726
-1.883274,3.566726,1.2967261,3.826726,3.8667262,4.436726,9.246726,3.666726,0.23672608,1.626726,2.706726,2.166726,7.936726,2.936726,-3.803274,3.066726,2.3667262,-2.053274,-1.7932739,-0.64327395,2.276726,-3.333274,3.966726,3.296726,1.976726,2.556726,4.086726,4.566726,5.906726,6.726726,7.046726,5.116726,5.2567263,4.7567263,0.5567261,3.8767262,0.41672608,-7.603274,1.126726,0.016726075,-7.303274,-5.813274,-5.683274,-7.9932737,-10.163274,3.986726,5.846726,2.1167262,3.786726,3.0967262,0.8667261,1.3467261,12.706726,12.606726,7.406726,10.206726,12.546726,11.536726,10.946726,9.796726
3.766726,2.6567261,2.296726,3.176726,4.9867263,3.3467262,3.9067261,4.0067263,4.816726,1.9167261,2.536726,5.2767262,2.1367261,1.486726,3.776726,3.736726,2.916726,-0.45327392,1.2167261,3.276726,2.8767262,3.246726,2.9067261,1.996726,1.756726,2.996726,5.476726,7.086726,4.446726,4.016726,-1.9132739,1.366726,3.4067261,4.836726,2.736726,0.13672608,-0.31327394,0.6167261,0.9267261,0.06672607,-2.763274,-4.2432737,-4.423274,3.066726,-0.83327395,2.8667262,1.7767261,7.106726,5.816726,5.926726,7.876726,5.4667263,17.266726,16.036726,14.496726,13.886726,13.366726,12.7667265,11.166726,10.116726
2.186726,1.3067261,2.456726,3.496726,4.196726,3.286726,3.736726,3.196726,1.5967261,1.5267261,4.446726,3.916726,3.1467261,-2.1232738,3.796726,-0.0032739257,-0.6732739,1.5367261,0.96672606,1.606726,0.7067261,0.79672605,0.9567261,-1.4232739,2.1367261,4.086726,4.636726,4.166726,3.666726,1.4467261,1.756726,-0.52327394,1.986726,2.576726,1.236726,1.5767261,-0.16327393,0.8667261,-0.45327392,1.1667261,-0.51327395,-0.8032739,4.0067263,3.716726,5.016726,3.5867262,10.596726,7.426726,7.536726,7.516726,9.246726,16.176725,16.566727,15.496726,14.986726,14.656726,13.586726,12.086726,9.866726,8.596726
