static/data/gfs.t00z.pgrb2.1p00.f22.json
{"header": {"discipline":0,"disciplineName":"Meteorological products","gribEdition":2,"gribLength":80735,"center":7,"centerName":"US National Weather Service - NCEP(WMC)","subcenter":0,"refTime":"2019-06-20T00:00:00.000Z","significanceOfRT":1,"significanceOfRTName":"Start of forecast","productStatus":0,"productStatusName":"Operational products","productType":1,"productTypeName":"Forecast products","productDefinitionTemplate":0,"productDefinitionTemplateName":"Analysis/forecast at horizontal level/layer at a point in time","parameterCategory":2,"parameterCategoryName":"Momentum","parameterNumber":2,"parameterNumberName":"U-component_of_wind","parameterUnit":"m.s-1","genProcessType":2,"genProcessTypeName":"Forecast","forecastTime":33,"surface1Type":100,"surface1TypeName":"Isobaric surface","surface1Value":100000.0,"surface2Type":255,"surface2TypeName":"Missing","surface2Value":0.0,"gridDefinitionTemplate":0,"gridDefinitionTemplateName":"Latitude_Longitude","numberPoints":65160,"shape":6,"shapeName":"Earth spherical with radius of 6,371,229.0 m","gridUnits":"degrees","resolution":48,"winds":"true","scanMode":0,"nx":360,"ny":181,"basicAngle":0,"lo1":0.0,"la1":90.0,"lo2":359.0,"la2":-90.0,"dx":1.0,"dy":1.0}, "data":
[rows 130 to 155 of 181, columns 116 to 173 of 360]
-8.999192,-8.439192,-8.649192,-9.919192,-10.069192,-7.8291917,-6.359192,-5.979192,-6.889192,-9.149192,-7.9991918,-6.719192,-5.5591917,-5.479192,-5.489192,-6.0791917,-6.489192,-7.089192,-6.939192,-6.649192,-4.7691917,-4.889192,-3.539192,-2.2291918,-1.2391919,1.1308081,0.2608081,1.7108082,1.6108081,2.8208082,4.1908083,2.730808,3.5708082,3.890808,2.000808,2.880808,1.6308081,2.2708082,4.530808,5.1708083,4.9808083,4.4408083,7.040808,8.160809,9.870808,10.390808,9.610808,9.080808,8.790808,10.170808,10.280808,9.710808,7.610808,5.7308083,5.410808,6.530808,7.620808,11.200809
-8.119192,-8.529192,-7.0991917,-8.5091915,-7.339192,-6.119192,-4.569192,-5.7891917,-6.799192,-7.029192,-6.549192,-4.719192,-4.0791917,-2.9391918,-2.329192,-2.249192,-2.4491918,-3.619192,-3.349192,-3.7191918,-3.579192,-2.489192,-1.1891919,0.5308081,3.0508082,1.4908081,1.1508081,3.500808,1.2108082,1.690808,4.140808,1.690808,1.4008081,3.730808,2.510808,2.000808,2.0208082,0.9608081,3.480808,2.8308082,5.010808,7.270808,9.960808,11.600808,11.520808,12.110808,12.770808,12.940808,12.190808,12.630808,10.980808,9.640808,8.900808,7.7508082,5.120808,5.140808,3.930808,2.6008081
-8.289192,-8.529192,-7.669192,-6.629192,-6.399192,-5.029192,-3.539192,-6.149192,-6.089192,-3.819192,-2.9291918,-1.8391919,-1.7291919,-1.1391919,-0.36919188,0.1308081,0.5108081,-0.20919189,0.2908081,0.9508081,1.4608082,2.0808082,2.500808,3.140808,3.8208082,3.970808,4.0008082,3.8208082,2.7808082,1.690808,0.6808081,2.6008081,3.150808,5.880808,3.6008081,2.130808,1.2808081,0.3008081,2.6208081,4.160808,5.320808,8.140808,5.910808,12.370808,12.350808,12.470808,14.600808,16.130808,15.610808,14.370808,13.270808,12.710808,10.770808,9.960808,6.910808,1.3908081,0.1408081,1.9308081
-8.099192,-7.429192,-6.049192,-5.8091917,-5.899192,-4.0991917,-7.0791917,-6.779192,-5.009192,-2.269192,-2.2091918,8.0810545E-4,2.900808,1.3708081,2.380808,2.1208081,2.6208081,2.8708081,3.470808,4.200808,5.040808,5.760808,6.080808,6.070808,6.410808,5.7308083,6.7308083,6.120808,3.6208081,3.420808,0.55080813,1.450808,8.600808,6.050808,5.2308083,3.400808,0.8708081,-0.7291919,1.950808,2.740808,3.170808,1.1708081,-2.6591918,-2.4491918,-0.3591919,1.6208081,3.490808,8.310808,14.650808,15.760808,15.550808,12.300808,11.4908085,9.400808,7.430808,-0.0991919,1.9608082,6.7108083
-6.929192,-5.419192,-4.709192,-4.979192,-4.279192,-4.489192,-4.299192,-3.9491918,-3.109192,-2.789192,-3.7291918,-2.009192,-0.9991919,0.61080813,1.4608082,4.050808,7.510808,6.240808,6.4408083,7.390808,8.460808,8.500808,8.410809,8.440808,8.770808,7.270808,6.4608083,6.020808,6.380808,6.610808,7.930808,8.690808,8.430808,6.970808,7.330808,3.930808,1.320808,0.5308081,0.6708081,2.150808,1.570808,1.1408081,-0.33919188,-0.3991919,0.41080812,1.4708081,4.1708083,4.930808,10.970808,12.930808,14.060808,11.530808,7.6508083,0.6608081,3.170808,3.3708081,2.980808,-1.5991919
-5.379192,-3.819192,-4.179192,-3.2191918,-3.4091918,-2.9691918,-1.8591919,-0.9391919,-0.069191895,0.6008081,1.570808,2.5208082,2.720808,2.3308082,2.410808,2.720808,3.0308082,3.220808,3.5208082,3.3508081,5.950808,7.320808,6.140808,4.350808,4.200808,4.470808,5.830808,4.890808,6.590808,2.1008081,3.890808,4.060808,1.8108081,1.5508081,4.6508083,2.440808,3.470808,1.8108081,0.9208081,0.0808081,0.86080813,1.2108082,0.0808081,-0.36919188,-0.009191895,0.1408081,0.8808081,1.820808,2.1108081,5.380808,8.010808,3.920808,-0.8291919,2.680808,0.7508081,1.2808081,3.0208082,0.5008081
-4.659192,-4.149192,-2.499192,-2.349192,-1.549192,-0.6291919,0.7008081,0.7008081,2.180808,4.320808,4.640808,4.550808,4.540808,3.8508081,3.250808,2.7708082,2.8108082,3.380808,4.2508082,3.880808,3.920808,3.0608082,3.220808,4.2508082,4.4208083,2.950808,3.650808,5.1708083,3.220808,2.8608081,4.0008082,5.570808,2.6108081,1.9708081,2.390808,4.610808,5.110808,2.7708082,2.200808,1.8108081,1.2308081,-0.36919188,0.6208081,0.8408081,0.4908081,-1.0991919,-1.4591919,-2.9791918,-2.7091918,-5.049192,1.2108082,-0.69919187,-0.6191919,0.5208081,0.2108081,3.380808,4.7508082,3.480808
-3.6891918,-2.549192,-2.7091918,-0.7391919,0.1408081,1.0908082,1.1108081,1.6408081,3.8408082,6.310808,7.410808,6.970808,8.310808,7.4808083,6.350808,4.390808,3.990808,4.620808,4.140808,3.2808082,4.280808,5.160808,5.1908083,5.200808,3.750808,2.880808,2.5908082,2.6208081,2.690808,2.760808,1.7908081,1.8008081,2.480808,2.0608082,1.5008081,1.940808,1.190808,2.5208082,5.2508082,3.990808,2.380808,1.1808081,0.110808104,0.3408081,0.9108081,0.25080812,-1.5091919,-2.799192,-4.699192,-5.089192,-6.979192,-5.419192,-0.17919189,10.330808,7.780808,7.090808,6.780808,5.380808
-3.089192,-2.869192,-1.4491919,1.4908081,1.8608081,1.7908081,2.920808,4.100808,5.660808,8.220808,8.9908085,8.430808,8.910809,8.880808,8.420808,6.1508083,5.1908083,5.870808,6.2108083,7.580808,5.370808,6.600808,8.260808,9.190808,8.180808,6.850808,5.600808,4.860808,4.6708083,4.700808,4.4008083,4.600808,4.570808,4.2508082,3.170808,2.720808,2.8408082,2.5608082,2.950808,3.7808082,3.0308082,3.8708081,1.7508081,0.9808081,-0.5491919,-0.2691919,-1.9391919,-1.6391919,-4.469192,-5.169192,-4.469192,-3.369192,-0.049191896,2.3508081,6.4808083,5.9408083,7.4808083,7.6508083
-3.369192,-1.3791919,0.6308081,0.8508081,2.180808,3.0408082,4.4008083,4.370808,4.220808,5.510808,7.240808,8.980808,8.4908085,8.750808,8.040808,6.280808,6.740808,8.230808,9.730808,7.680808,8.100808,9.400808,8.580808,8.060808,8.510808,9.910809,8.910809,8.660809,8.610808,7.850808,6.990808,6.860808,6.550808,5.870808,5.2308083,5.020808,4.600808,3.8608081,4.540808,3.930808,2.920808,3.440808,3.7908082,1.4108081,0.2608081,-1.7591919,-1.3791919,-1.2691919,-1.059192,-1.8291919,-2.4691918,-2.4591918,-2.7191918,-2.9791918,1.5008081,6.1908083,7.5008082,10.170808
-1.3991919,0.6008081,0.47080812,1.0008081,2.8108082,4.260808,4.390808,5.890808,6.720808,7.300808,7.220808,7.130808,8.160809,7.2308083,8.550808,7.840808,8.930808,9.810808,10.630808,9.480808,10.300808,10.2408085,10.010808,9.400808,9.410809,9.480808,10.170808,10.900808,11.270808,11.010808,10.570808,9.760808,9.020808,7.790808,6.270808,4.560808,3.8508081,3.670808,4.060808,4.840808,5.070808,4.6508083,4.010808,3.3508081,2.190808,2.160808,0.7408081,-0.5191919,-0.27919188,-1.6191919,-1.309192,0.41080812,-1.0191919,-0.9391919,-0.6491919,-0.4091919,1.3608081,5.120808
1.0008081,0.7008081,1.0608081,2.130808,4.070808,4.9408083,5.490808,5.740808,6.1908083,6.1708083,5.9808083,6.310808,8.820808,10.560808,10.980808,11.090808,11.340808,11.440808,10.420808,11.270808,11.980808,11.9908085,11.970808,11.410809,11.170808,10.780808,10.860808,11.370808,11.260808,10.980808,10.910809,10.660809,10.060808,9.060808,8.380808,7.080808,6.870808,5.9808083,5.6508083,5.100808,4.340808,4.360808,5.0008082,5.880808,5.020808,3.7708082,2.950808,3.0508082,1.3608081,0.6308081,-0.15919189,-1.2191919,-1.8291919,-0.7191919,0.4508081,0.9008081,0.2908081,0.5008081
3.0608082,1.8808081,2.8708081,4.160808,5.520808,6.9808083,7.9608083,8.320808,8.680808,8.640808,8.930808,9.010808,9.730808,10.560808,11.210808,11.200809,10.9908085,11.470808,12.860808,13.300808,13.390808,13.430808,13.400808,13.400808,13.230808,13.160809,12.930808,12.850808,12.610808,12.570808,11.970808,10.920808,10.530808,10.340808,10.030808,9.840808,9.760808,9.640808,8.480808,7.4808083,7.300808,6.970808,6.340808,4.930808,5.860808,4.770808,3.400808,3.700808,3.730808,3.420808,1.7708081,1.2208081,1.6208081,-0.4291919,-0.4891919,-0.5891919,-0.30919188,-0.4491919
6.360808,5.830808,5.9408083,6.800808,7.9408083,8.570808,9.850808,11.090808,11.460808,11.580808,11.820808,12.150808,12.770808,13.060808,13.300808,13.620808,13.930808,14.520808,14.760808,14.930808,15.200809,15.200809,15.030808,14.720808,15.300808,15.150808,15.140808,14.620808,14.710808,14.360808,14.350808,14.200809,13.390808,12.830808,13.090808,12.450809,12.220808,11.930808,11.830808,11.500808,10.130808,9.310808,8.600808,8.030808,6.910808,5.010808,4.930808,4.930808,6.850808,5.240808,5.0008082,4.520808,3.900808,3.0508082,3.3308082,1.8608081,1.3308082,0.7008081
7.640808,8.130808,8.620808,9.600808,10.520808,11.430808,12.020808,12.2408085,12.410809,14.130808,14.9908085,15.190808,15.100808,15.220808,15.800808,15.470808,15.970808,16.300808,16.630808,17.000809,17.120808,16.980808,16.980808,17.120808,17.030807,16.950808,16.720808,16.520807,16.140808,16.190807,16.200808,15.720808,15.460808,14.940808,14.230808,13.930808,14.330808,13.330808,13.560808,13.110808,13.460808,12.110808,11.150808,10.620808,9.520808,9.170808,8.030808,7.130808,6.550808,5.4808083,5.7308083,6.850808,5.2108083,7.2108083,5.870808,6.0008082,3.670808,2.720808
9.310808,10.630808,12.140808,12.980808,13.060808,13.540808,14.410809,14.750808,14.940808,14.910809,16.530807,17.140808,17.260809,17.150808,17.290808,17.380808,17.580809,17.640808,17.420809,17.520807,17.700808,18.020807,18.330809,18.390808,18.350807,18.330809,18.130808,17.780807,17.460808,16.840809,16.380808,16.520807,17.260809,16.430809,15.380808,15.150808,14.890808,14.880808,14.910809,14.340808,14.050808,14.030808,14.170808,13.180808,12.070808,11.010808,10.340808,9.7408085,8.980808,8.520808,7.930808,6.850808,6.970808,7.270808,4.890808,7.820808,7.120808,6.180808
5.9008083,8.040808,9.780808,11.460808,13.310808,14.340808,14.570808,15.880808,16.650808,16.680809,17.480808,17.590809,18.120808,18.260809,18.110807,18.590809,18.200808,17.850807,18.050808,17.670809,17.770807,18.400808,19.080809,19.130808,20.330809,19.740808,19.180809,18.720808,18.350807,18.460808,17.930809,17.500809,16.990808,17.130808,17.150808,16.320808,15.390808,14.570808,15.2408085,15.660809,15.900808,15.160809,14.360808,13.730808,13.600808,13.210808,12.130808,11.290808,10.690808,10.290808,9.750808,9.720808,9.020808,8.400808,7.590808,7.570808,5.030808,9.280808
8.070808,8.360808,9.730808,10.370808,11.180808,12.040808,12.830808,13.770808,14.520808,14.820808,16.000809,16.110807,16.340809,16.960808,17.580809,16.840809,16.760809,16.810808,17.020807,17.370808,17.450808,16.540808,16.240808,17.960808,18.600807,18.270807,17.570808,17.260809,17.010809,16.380808,15.810808,15.970808,15.400808,15.100808,15.630808,14.860808,14.000808,13.570808,13.890808,14.050808,14.880808,14.630808,15.030808,15.2408085,14.120808,13.530808,13.030808,12.610808,12.000808,11.620808,11.390808,11.040808,10.700809,10.460808,10.120808,10.010808,10.270808,9.230808
7.570808,9.830808,11.590808,13.220808,13.410809,12.960808,12.540808,13.660809,13.870808,14.290808,14.900808,14.800808,14.590808,14.720808,14.180808,14.940808,16.210808,16.710808,17.450808,17.850807,17.610807,17.500809,17.470808,17.220808,17.370808,17.140808,17.410809,17.050808,16.180809,15.730808,15.870808,15.9908085,15.400808,15.010808,15.300808,14.640808,15.170808,14.950809,14.710808,14.540808,14.870808,15.100808,16.210808,15.930808,14.580808,13.2408085,13.120808,12.580808,12.560808,12.140808,12.350808,12.260808,12.410809,12.550808,12.520808,12.170808,11.510808,11.650808
11.190808,10.9908085,10.870808,11.460808,12.760808,14.070808,14.060808,14.310808,13.9908085,15.390808,16.950808,16.110807,15.200809,16.030807,17.120808,18.180809,18.770807,18.710808,18.650808,18.420809,18.480808,18.880808,18.720808,18.850807,18.770807,19.450808,19.210808,18.900808,17.570808,16.450808,16.930809,16.430809,15.750808,15.270808,15.020808,14.980808,14.390808,14.150808,14.000808,13.900808,14.040808,14.400808,14.390808,14.260808,11.980808,10.160809,11.390808,11.710808,12.940808,12.530808,12.660809,12.980808,13.530808,13.840808,13.450809,13.520808,13.570808,13.4908085
15.360808,15.500808,15.150808,14.960808,14.510808,14.390808,14.150808,14.800808,16.060808,16.290808,16.880808,17.650808,18.240808,18.580809,18.660809,18.890808,19.500809,19.350807,20.000809,20.780807,20.910809,20.420809,19.870808,19.530807,18.960808,18.970808,19.060808,18.510809,17.940807,17.870808,17.110807,16.860807,16.250809,14.610808,13.290808,11.570808,11.690808,12.290808,11.790808,11.850808,12.050808,11.750808,6.6908083,3.240808,6.1508083,8.650808,11.630808,11.890808,11.560808,12.900808,13.080808,13.480808,14.050808,14.630808,14.920808,14.920808,15.040808,15.650808
19.320808,19.370808,19.070808,18.480808,17.990808,17.370808,16.870808,16.470808,15.930808,16.010809,16.780807,17.630808,17.300808,16.660809,17.980808,19.070808,19.670809,21.310808,22.310808,22.360807,22.010809,21.400808,21.260809,20.910809,19.810808,18.900808,17.970808,17.110807,16.690807,16.120808,15.7408085,15.120808,13.920808,10.940808,7.490808,3.8508081,1.0108081,1.3008081,1.5308081,1.2408081,-0.27919188,-0.63919187,0.3208081,2.250808,4.4608083,7.030808,8.600808,9.880808,11.480808,12.870808,13.300808,13.700809,14.520808,15.090808,15.630808,16.500809,17.350807,16.840809
21.550808,21.800808,21.880808,21.630808,20.920809,19.900808,19.030807,18.180809,17.140808,16.810808,16.810808,17.090809,17.760809,18.540808,19.780807,21.180809,22.250809,22.230808,21.730808,23.010809,22.190807,20.190807,20.340809,20.820808,19.830809,18.000809,17.310808,15.790808,15.010808,14.070808,12.580808,9.160809,-0.5391919,-1.7091919,-1.8691919,-1.5791919,-2.9091918,-2.749192,-1.9491919,-0.2191919,0.6908081,2.430808,4.800808,6.2308083,5.800808,7.780808,8.430808,8.730808,10.180808,10.550808,10.840808,11.450809,11.770808,12.340808,12.980808,14.340808,15.550808,16.340809
18.130808,18.970808,18.930809,20.680809,21.090809,19.700808,19.200808,17.920809,17.380808,16.740808,16.530807,16.900808,17.900808,18.970808,21.450808,21.850807,20.570808,21.960808,19.800808,16.400808,17.020807,17.150808,17.040808,18.020807,15.710808,14.070808,12.450809,11.820808,7.620808,-3.769192,-6.379192,-6.3091917,-6.5391917,-5.869192,-4.7691917,-2.809192,-2.3891919,-1.2791919,0.2808081,1.5108081,1.7608081,3.8508081,4.550808,4.830808,5.280808,7.640808,8.830808,10.120808,9.420808,8.690808,8.430808,8.850808,9.950809,10.060808,11.070808,11.690808,12.410809,14.000808
14.820808,14.370808,14.510808,15.790808,17.240808,16.500809,16.020807,14.100808,12.500808,11.760808,11.590808,9.600808,3.8208082,3.0608082,-1.2791919,-3.299192,-6.0991917,-2.029192,2.190808,7.9808083,8.470808,4.930808,-2.6791918,-8.739192,-11.829192,-12.7591915,-12.769192,-12.209192,-11.559192,-10.199192,-9.919192,-8.329192,-6.919192,-5.409192,-3.8991919,-2.6891918,-1.0791919,0.5608081,2.440808,3.400808,4.160808,3.5408082,4.590808,5.9408083,6.880808,7.4008083,6.530808,5.620808,6.4008083,7.640808,8.660809,8.140808,9.180808,9.730808,9.960808,9.960808,8.810808,9.800808
11.340808,10.100808,9.520808,10.030808,10.150808,9.340808,9.610808,7.4808083,8.980808,2.680808,-1.5791919,-4.169192,-2.2291918,-8.339191,-9.959192,-12.649192,-13.939192,-13.999192,-14.169192,-14.109192,-14.119192,-13.669192,-13.789192,-14.049191,-14.179192,-13.569192,-12.699192,-10.639192,-8.899192,-7.5391917,-6.549192,-5.709192,-4.319192,-2.2091918,0.3408081,2.150808,3.390808,4.1708083,4.280808,4.200808,4.4808083,4.390808,5.270808,4.9008083,5.020808,4.830808,4.100808,4.720808,5.530808,6.110808,6.7308083,7.410808,8.120808,7.7508082,8.380808,8.100808,7.370808,6.570808
