static/data/gfs.t00z.pgrb2.1p00.f14.json
{"header": {"discipline":0,"disciplineName":"Meteorological products","gribEdition":2,"gribLength":80545,"center":7,"centerName":"US National Weather Service - NCEP(WMC)","subcenter":0,"refTime":"2019-06-20T00:00:00.000Z","significanceOfRT":1,"significanceOfRTName":"Start of forecast","productStatus":0,"productStatusName":"Operational products","productType":1,"productTypeName":"Forecast products","productDefinitionTemplate":0,"productDefinitionTemplateName":"Analysis/forecast at horizontal level/layer at a point in time","parameterCategory":2,"parameterCategoryName":"Momentum","parameterNumber":2,"parameterNumberName":"U-component_of_wind","parameterUnit":"m.s-1","genProcessType":2,"genProcessTypeName":"Forecast","forecastTime":21,"surface1Type":100,"surface1TypeName":"Isobaric surface","surface1Value":100000.0,"surface2Type":255,"surface2TypeName":"Missing","surface2Value":0.0,"gridDefinitionTemplate":0,"gridDefinitionTemplateName":"Latitude_Longitude","numberPoints":65160,"shape":6,"shapeName":"Earth spherical with radius of 6,371,229.0 m","gridUnits":"degrees","resolution":48,"winds":"true","scanMode":0,"nx":360,"ny":181,"basicAngle":0,"lo1":0.0,"la1":90.0,"lo2":359.0,"la2":-90.0,"dx":1.0,"dy":1.0}, "data":
[rows 25 to 49 of 181, columns 285 to 341 of 360]
2.4291723,2.1591723,2.9491723,2.9991724,4.0691724,2.2291725,1.8591723,2.5291724,-0.39082763,2.8191724,4.8991723,0.8091724,-3.2708275,-3.1808276,-1.3408276,0.33917236,1.2391723,1.9291724,1.6791724,1.6691724,2.6591723,2.9391723,2.3091724,3.5591724,2.3091724,4.5991726,-0.65082765,0.46917236,1.7591723,2.0391724,2.5991724,3.6291723,4.5891724,5.5091724,-1.1008277,-1.9108276,0.8291724,2.6191723,4.1991725,4.5991726,3.7891724,3.2491724,2.7591724,1.2891724,2.2791724,1.7591723,1.3291724,1.6391723,2.3791723,2.3491724,1.7191724,4.5491724,-1.2108276,-1.9008276,-0.54082763,0.12917237,1.9191724
-0.22082764,2.3391724,4.7091722,-2.1708276,-0.33082762,1.7291723,4.309172,3.9491723,1.8191724,-1.8508277,-0.52082765,2.6491723,1.2691723,1.3191724,1.7091724,2.9891725,3.5991724,3.6391723,3.3391724,3.2091722,3.0391724,3.3791723,3.1791723,1.6991724,2.3091724,-2.9508276,-1.0008277,0.65917236,1.2091724,2.0591724,2.0091724,3.4191723,4.3491726,1.3691723,1.2091724,2.1591723,1.8691723,1.0491724,0.98917234,0.65917236,0.72917235,1.0891724,1.6291723,1.4491724,1.0191723,0.23917237,-1.5308276,-0.100827634,0.71917236,0.5091724,1.1591724,2.0991724,3.2991724,1.9291724,1.8891723,-1.4608276,0.48917237
2.5491724,3.8191724,5.789172,5.789172,3.4791725,3.8291724,1.2191724,-0.66082764,-4.2008276,-1.4508276,-1.0908276,1.3191724,3.8491724,5.3991723,6.6191726,6.5291724,5.4591722,4.1891723,3.9591722,3.7191725,3.6291723,3.5691724,3.9991724,4.4491725,5.1691723,2.3291724,-1.6508276,-0.91082764,-0.6208276,-0.020827636,1.1891724,2.4791725,0.5591724,-1.3008276,1.4991723,0.58917236,1.0691724,-0.12082764,-1.0508276,-0.60082763,-1.1508276,-1.9408276,-1.2208276,0.15917236,0.98917234,1.5191723,1.1991724,0.31917235,-0.52082765,0.049172364,0.9391724,1.9991723,2.9891725,5.4091725,6.999172,5.809172,5.4691725
-1.3108276,1.5891724,2.2891724,7.8191724,8.249172,7.0491724,2.5191724,0.61917233,1.0491724,-0.54082763,-1.8008276,0.12917237,1.6091723,2.5591724,3.0591724,3.5191724,3.7891724,3.1891723,2.8891723,3.2091722,3.9891725,4.499172,4.3591723,4.6291723,5.0491724,7.059172,3.0391724,-1.5808276,-0.71082765,-0.040827636,-0.100827634,0.89917237,0.45917237,0.5591724,1.1991724,-0.11082764,0.23917237,0.18917236,-0.91082764,-1.4908277,-1.1008277,-2.1608276,-2.5708277,-2.6308277,-2.8408277,-0.8708276,0.47917235,0.35917237,0.31917235,0.08917236,0.47917235,2.3091724,3.7991724,4.4491725,4.7991724,5.8791723,4.749172
-2.0608277,-1.5808276,-2.8608277,-3.2208276,0.059172362,5.7091722,1.9891723,-1.8308276,-3.5808277,-4.5308275,-5.3808274,-3.3108277,-1.2808276,-0.33082762,-0.030827636,1.0091723,2.2691724,3.5791724,4.3891726,4.4391723,3.9791725,3.3291724,3.8991723,4.7091722,4.7591724,6.0491724,8.139173,6.4191723,2.9791725,2.9291723,1.5891724,4.059172,0.46917236,2.1291723,1.6091723,0.6291724,-0.43082765,-0.71082765,-0.030827636,-1.2208276,-0.78082764,-0.85082763,-0.72082764,-0.25082764,-0.58082765,-1.1908276,-1.6608276,-0.040827636,-1.0708276,0.23917237,1.2791724,1.1791724,2.9691725,5.4191723,7.3991723,6.8391724,6.729172
0.039172363,0.40917236,-1.6708276,-4.460828,-3.6408277,-4.0308275,-2.0808277,-1.8608277,-0.64082766,-1.2108276,0.8791724,-2.7508276,-2.8408277,-2.5508277,-1.5808276,-0.76082766,-0.52082765,-0.42082763,0.25917235,1.2891724,2.3091724,3.3991723,4.2191725,4.5891724,5.0891724,5.7991724,6.1291723,7.4691725,8.729173,8.949172,3.8491724,1.1691724,4.4291725,0.10917237,-1.2808276,-1.3408276,-0.7508276,-0.9408276,-0.6108276,-0.020827636,0.78917235,1.0891724,0.71917236,0.44917238,-0.21082763,-0.25082764,0.23917237,-0.46082765,0.6991724,0.19917236,0.65917236,2.4191723,3.8291724,5.1791725,6.1391726,7.8891726,8.639173
-1.1508276,-2.8708277,-2.7708275,-3.7108276,-2.4208276,-3.3508277,-0.36082762,1.4191724,1.1191723,0.8091724,3.6091723,1.7291723,-3.3808277,-3.4408276,-3.3808277,-2.5808277,-2.4208276,-3.1708276,-3.0708277,-2.2808275,-1.3008276,-0.22082764,1.4491724,2.5591724,3.6091723,4.8591723,5.0891724,4.499172,4.9091725,4.9191723,4.4091725,2.7691724,0.19917236,-1.2408277,-0.88082767,-0.5008276,-0.63082767,-0.71082765,-0.6208276,-0.46082765,-8.2763674E-4,0.29917237,0.42917237,0.46917236,-0.43082765,-1.0208277,-0.13082764,-0.08082764,0.24917236,2.7891724,4.4491725,3.2791724,4.2791724,4.3491726,5.2091722,6.3691726,7.4891725
2.8691723,-0.44082764,-2.0008276,-3.0808277,-1.8908277,-0.89082766,-2.0208275,-1.8208276,0.31917235,0.5591724,0.9491724,-0.25082764,-1.3708277,-4.9508276,-3.2108276,-2.0008276,-3.1208277,-3.0408278,-3.8908277,-4.7408276,-4.5708275,-3.4408276,-1.9808277,-1.7208276,-1.0508276,-0.6708276,1.3291724,2.0591724,2.2091722,1.4591724,0.5591724,0.6891724,0.36917236,-0.37082765,-0.8608276,-1.6308277,-1.4408276,-1.8808277,-1.7508277,-3.3808277,-4.420828,-4.6608276,-3.4408276,-4.0308275,-4.9108276,-6.3508277,-6.5508275,-5.420828,-3.5708277,0.10917237,2.4591722,2.7891724,3.0391724,3.1491723,3.7891724,4.2991724,5.1491723
1.0491724,1.7891724,-2.1308277,-4.4508276,-3.1308277,-3.9108276,-2.6408277,-3.4908276,-3.6608276,-3.5108275,-2.6108277,-3.6108277,-1.5708276,-1.3708277,-1.6808276,-2.5708277,-2.7408276,-2.9708276,-3.6508276,-4.0408278,-4.5608277,-5.5708275,-5.0308275,-3.9508276,-3.1208277,-3.1608276,-2.1808276,-1.5708276,-1.3008276,-1.2808276,-1.4908277,-0.07082763,1.3691723,1.8791723,0.20917237,-1.9608276,-2.1008277,-1.2408277,-1.6908276,-3.1108277,-2.4308276,-2.5408278,-5.190828,-3.2408276,1.2191724,4.0991726,1.9891723,1.1891724,0.06917236,-1.0008277,0.64917237,2.0991724,2.0791724,1.7691723,3.0291724,3.7391725,3.9991724
4.3391724,0.029172363,-2.8308277,-4.710828,-4.8108277,-5.020828,-2.1508276,-3.1908276,-2.4108276,-2.9908276,-2.6708276,-3.7108276,-5.3308277,-2.8208277,-5.0408278,-5.210828,-4.0708275,-3.5208275,-2.5708277,-3.6908276,-3.7908278,-5.0408278,-6.1508274,-6.7008276,-5.9908276,-5.3008275,-4.960828,-4.0408278,-3.9408276,-3.5308275,-2.5108275,-1.0208277,-1.0408276,-2.6608276,-3.8408277,-4.6308274,-5.8708277,-6.1808276,-4.5108275,-4.3308277,-5.6508274,-4.710828,-2.9908276,-2.0908277,-0.84082764,0.36917236,1.2491723,0.53917235,-0.18082763,-1.3508277,-0.6708276,1.1891724,1.4291724,0.53917235,1.7991724,2.4791725,3.8091724
0.6391724,-0.43082765,-1.9608276,-1.9408276,-2.3608277,0.09917236,-0.36082762,1.3391724,-0.91082764,-1.0608276,-2.3908277,-3.6408277,-3.2808275,-6.0808277,-5.3408275,-3.6508276,-2.2508276,-4.8108277,-2.3008277,-1.7408277,-4.670828,-4.770828,-5.6008277,-6.3308277,-5.6208277,-5.920828,-5.7908278,-5.730828,-5.0708275,-5.8108277,-5.8208275,-5.8608274,-6.3808274,-6.520828,-6.8408275,-9.220828,-9.0708275,-8.880828,-8.3208275,-8.130828,-8.470828,-8.040828,-6.8008275,-5.8508277,-5.3608274,-4.3308277,-3.3908277,-2.5108275,-2.2808275,-2.2208276,-2.0808277,-0.91082764,-1.4808277,0.12917237,0.53917235,1.3791723,1.5391724
3.1291723,1.4591724,-0.40082765,2.0691724,0.66917235,1.2891724,0.92917234,0.6291724,-0.11082764,-1.8208276,-3.2608275,-1.7508277,-4.7908278,-4.9508276,-3.2708275,-3.9908276,-7.460828,-4.1208277,-4.5408278,-4.0708275,-3.1208277,-4.6408277,-4.5508275,-5.5108275,-5.0108275,-5.6808276,-6.3108277,-5.5608277,-6.230828,-7.7808275,-7.3908277,-7.170828,-8.060827,-8.810827,-9.390827,-9.220828,-10.190827,-10.060827,-10.180828,-9.220828,-9.200828,-9.050828,-9.390827,-8.920828,-8.360827,-8.080828,-7.5408278,-6.9708276,-5.500828,-3.9808276,-1.8808277,-0.42082763,-2.6108277,-0.91082764,-0.53082764,-0.39082763,-0.7508276
0.79917234,2.7291725,3.5991724,2.2891724,3.6891723,3.3391724,1.4891723,-0.010827636,0.38917238,-0.18082763,-0.60082763,-0.46082765,-1.9808277,-2.1508276,-4.8508277,-2.5908277,-5.6108274,-4.730828,-1.4408276,-3.9008276,-2.6408277,-4.2408276,-3.2508276,-4.4508276,-4.3908277,-4.6008277,-4.8108277,-4.5508275,-6.4708276,-5.8308277,-6.210828,-6.8308277,-6.500828,-8.360827,-8.220828,-5.0708275,-3.6008277,-2.6508276,-1.1808276,0.059172362,-3.3408277,-8.520827,-10.090828,-10.0308275,-10.0308275,-8.410828,-8.150827,-6.8508277,-4.5408278,-3.7108276,-3.0008276,-2.0008276,-0.97082764,-2.7308276,-2.3308277,-1.3508277,-1.7208276
0.8091724,0.91917235,2.1191723,1.4091724,0.15917236,0.44917238,0.37917235,-0.25082764,-0.53082764,1.2391723,-1.8108276,-2.0208275,2.1191723,0.8791724,0.18917236,-0.020827636,0.009172363,0.5691724,-0.9308276,-2.0008276,-2.8108277,-1.1908276,-3.4008276,-0.6908276,-2.2208276,-1.5008277,-2.7608275,-3.3708277,-4.6408277,-4.1508274,-4.0508275,-3.9808276,-4.3808274,-2.9008276,-4.1208277,-5.9108276,-6.2608275,-5.7208276,-4.1508274,-3.5608277,-2.7608275,-0.39082763,3.0691724,5.3491726,8.729173,-4.3708277,-8.450828,-7.480828,-6.4708276,-4.250828,-3.5408278,-2.6408277,-0.9208276,-0.29082763,1.4391724,1.9091724,-0.35082763
-0.22082764,-0.6708276,0.29917237,0.36917236,0.9991724,0.46917236,0.46917236,0.97917235,-0.6708276,0.79917234,1.1691724,0.13917236,-1.1008277,-0.35082763,-1.4608276,-0.42082763,1.6391723,-2.9308276,-1.7508277,-1.2508277,-2.2908278,-1.5008277,-0.83082765,-0.16082764,0.049172364,-0.65082765,-0.24082763,-0.64082766,-1.1308277,-0.7308276,0.6991724,-0.09082764,-1.3408276,-2.0308275,-2.6308277,-4.0408278,-2.2408276,-2.6208277,-2.1808276,-1.6308277,-1.4408276,-0.8108276,-0.7308276,1.0891724,1.8291724,3.9891725,6.0691724,-7.170828,-8.5708275,-7.710828,-5.480828,-3.9908276,-2.4108276,-0.7408276,0.5691724,2.0591724,4.0991726
-0.95082766,-0.44082764,-0.40082765,0.91917235,1.7791724,1.9491724,2.2991724,2.5791724,-2.8708277,-5.3108277,-3.2608275,-7.2908278,-5.4308276,-4.710828,-3.2008276,0.06917236,-2.3208277,-3.3108277,-1.3408276,-2.5008276,-4.3408275,-3.0808277,-0.17082764,1.1591724,2.4091723,1.9891723,2.4791725,2.8991723,1.5991724,0.95917237,0.9391724,-0.24082763,0.6291724,0.43917236,1.1691724,1.0291724,0.24917236,-0.21082763,-1.0408276,0.12917237,1.8091724,2.5591724,2.4891725,2.9991724,0.8191724,2.0691724,4.829172,11.089172,-7.5908275,-7.1308274,-6.3608274,-5.500828,-3.4808276,-2.2708275,-0.49082765,0.70917237,1.6591724
-0.9308276,-0.23082763,2.1691723,1.8891723,2.2691724,1.4991723,0.29917237,-4.0808277,-2.9808276,-0.77082765,-1.7208276,-2.3608277,-0.6208276,1.1691724,1.5891724,0.24917236,-1.7208276,-0.66082764,-2.8408277,-3.5308275,-2.7308276,-1.7908276,-1.3108276,2.6191723,4.729172,5.579172,6.2791724,5.6491723,5.8491726,4.6391726,2.9291723,0.42917237,0.029172363,1.1891724,2.1391723,2.6191723,2.7091722,2.9491723,3.2791724,4.019172,5.4291725,5.729172,5.0491724,5.479172,5.4091725,3.9191723,4.6991725,8.329172,13.659172,1.8291724,-6.4908276,-4.9008274,-3.2008276,-1.6208277,-0.49082765,0.59917235,2.6491723
-1.1708276,-0.82082766,-0.030827636,-0.6908276,0.52917236,-1.5908276,-0.6908276,0.15917236,-0.14082764,-3.8608277,-3.7508276,0.89917237,2.6691723,0.039172363,0.23917237,-3.8308277,-0.60082763,-0.100827634,2.2891724,2.4391723,3.7591724,-3.2308276,-3.1908276,1.9491724,3.9191723,8.729173,8.289172,8.869172,9.879172,9.849173,10.579172,9.879172,9.269173,9.249172,8.4691725,5.9591722,7.2091722,7.4191723,7.9191723,7.5691724,6.6791725,8.149173,8.279172,7.3791723,7.0291724,6.519172,6.2591724,5.749172,6.6091723,8.349173,-4.250828,-3.4408276,-3.2408276,-0.9808276,0.119172364,0.049172364,1.3891723
-2.3008277,-2.1108277,-1.1108277,-0.9308276,-1.9508276,-2.3708277,-1.7108276,-1.4508276,-0.49082765,0.029172363,0.95917237,0.49917236,-2.5108275,-1.2408277,-3.0308275,-2.2208276,-0.65082765,0.71917236,2.1891723,2.8791723,6.2091722,3.5591724,-2.5608277,-1.7108276,4.229172,6.3191724,9.629172,11.049172,11.989172,12.619172,13.239172,13.619172,13.409172,13.059173,13.029172,12.419172,12.549172,11.769173,10.889173,9.739172,7.769172,8.809173,8.039172,7.289172,6.9591722,6.1991725,6.5291724,6.9691725,6.789172,8.099173,-1.4808277,-3.3408277,-2.1608276,-2.6508276,-0.88082767,-0.08082764,0.09917236
-0.42082763,-1.6108277,-2.2908278,-3.0008276,-1.4708276,-2.3208277,-0.7508276,-2.2008276,-1.1008277,0.25917235,-0.57082766,-4.0908275,-5.0808277,-4.270828,-1.7008276,-0.19082764,-0.5008276,-0.14082764,0.65917236,2.1891723,3.6091723,5.3791723,7.3591723,4.4491725,3.1191723,5.8391724,8.019173,9.499172,12.2191725,12.919172,14.139173,14.869172,15.309173,15.489172,15.209172,15.509172,14.839172,13.119172,10.959172,10.639173,8.329172,8.899173,7.7191725,7.5091724,6.499172,5.539172,5.0491724,7.4891725,8.169172,8.389173,8.229173,-4.520828,-3.0208275,-2.0308275,-2.1708276,-1.2008276,-0.83082765
-4.4308276,-3.7308276,-0.72082764,0.049172364,-1.8508277,-1.4908277,-0.21082763,-2.9108276,-0.72082764,-0.46082765,-1.0008277,-1.6308277,-2.5808277,-4.480828,-5.9508276,-6.3008275,-5.8508277,-5.4308276,-3.1108277,-2.0308275,0.23917237,2.3191724,5.2191725,5.3891726,6.5691724,6.329172,7.1891723,8.6791725,10.349173,11.569172,12.989172,14.759172,15.819172,16.249172,16.179173,15.569172,13.739172,11.699172,10.599173,9.2191725,8.559173,8.109173,7.079172,5.5091724,4.9591722,4.4291725,4.6291723,5.4191723,7.6291723,7.7991724,10.499172,0.8091724,-1.7808276,-1.3508277,-2.1908276,-1.4708276,-1.0108277
-3.6708276,0.30917236,0.7691724,-2.0008276,-1.2908276,-2.5808277,-5.0908275,-4.6608276,-4.0608277,-2.6508276,-3.2608275,-4.8108277,-5.4308276,-6.520828,-6.9108276,-7.8908277,-9.090828,-9.380828,-8.010828,-5.710828,-2.7608275,-0.53082764,1.5191723,4.1491723,6.0491724,7.4491725,8.609173,10.039172,10.399173,11.029172,11.939173,12.799172,13.359173,13.479173,13.659172,13.089172,12.049172,10.4291725,8.949172,7.7591724,6.6391726,6.309172,5.6991725,7.3491726,8.419172,6.9391723,6.829172,6.8691726,6.999172,7.3991723,7.3991723,6.4691725,1.8191724,-0.97082764,-1.2408277,-2.3208277,-2.3808277
2.9691725,2.5991724,2.8191724,0.54917234,-1.1408277,-2.0708277,-3.9108276,-4.1408277,-4.5308275,-5.4508276,-4.5408278,-3.2708275,-3.2808275,-1.2708277,-0.23082763,0.34917235,-0.9808276,-6.3108277,-8.990828,-7.5108275,-6.190828,-3.6308277,-0.6808276,0.72917235,3.0291724,5.4591722,6.9391723,8.189173,8.599173,9.809173,10.229173,11.089172,11.519173,11.599173,11.1791725,10.589172,9.809173,8.729173,6.539172,5.9391723,4.829172,5.2591724,8.669172,8.509172,6.999172,6.9291725,6.1191726,5.999172,7.059172,7.2091722,6.2791724,7.9091725,4.4091725,0.24917236,0.52917236,1.2891724,-1.8008276
2.5191724,1.0191723,-8.2763674E-4,-0.8008276,-0.35082763,-2.2508276,-3.5408278,-3.7608275,-4.230828,-3.8308277,-2.5908277,-1.7808276,-0.28082764,-1.5108277,-1.1808276,-0.78082764,0.70917237,0.54917234,2.0491724,-4.8708277,-5.9708276,-5.8108277,-4.3508277,-1.7008276,0.46917236,2.5591724,4.269172,4.8691726,5.9091725,7.3191724,8.489172,9.239172,9.909172,9.979173,9.249172,8.729173,8.229173,5.9191723,5.269172,7.0091724,7.559172,8.369172,6.7091722,6.8891726,5.9691725,5.3991723,4.6191726,5.5991726,6.1091723,6.1491723,5.7391725,6.1191726,4.6291723,1.8591723,1.8291724,3.1391723,2.3991723
3.5691724,5.2191725,2.0191724,0.58917236,-1.0308276,-1.6208277,-1.8308276,-2.9308276,-3.7308276,-3.3908277,-2.8508277,-2.7508276,-1.5808276,-2.4908276,-2.4308276,-1.3408276,1.5191723,1.0291724,2.3191724,5.1391726,4.3891726,-1.6008277,-2.8308277,-3.5008276,-2.0708277,-0.7408276,1.4391724,3.2591724,4.9591722,6.1591725,6.829172,7.4691725,7.329172,7.0891724,7.5991726,7.0991726,6.0691724,4.6591725,7.3691726,5.2791724,4.6991725,4.8791723,5.6691723,5.4391723,5.749172,2.2691724,2.2091722,3.2691724,5.4091725,6.3391724,6.8391724,4.5991726,4.579172,2.6191723,2.6091723,3.1491723,3.5391724
